lg_code,machiaza_id,machiaza_type,pref,pref_kana,pref_roma,county,county_kana,county_roma,city,city_kana,city_roma,ward,ward_kana,ward_roma,oaza_cho,oaza_cho_kana,oaza_cho_roma,chome,chome_kana,chome_number,koaza,koaza_kana,koaza_roma,machiaza_dist,rsdt_addr_flg,rsdt_addr_mtd_code,oaza_cho_aka_flg,koaza_aka_code,oaza_cho_gsi_uncmn,koaza_gsi_uncmn,status_flg,wake_num_flg,efct_date,ablt_date,src_code,post_code,remarks
442011,0000101,3,大分県,オオイタケン,Oita,,,,大分市,オオイタシ,Oita-shi,,,,,,,,,,つるさき陽光台,ツルサキヨウコウダイ,Tsurusakiyokodai,,0,0,0,1,0,0,0,0,1947-04-17,,0,8700279,
442011,0000102,3,大分県,オオイタケン,Oita,,,,大分市,オオイタシ,Oita-shi,,,,,,,,,,ハゼ山,ハゼヤマ,,,0,0,0,1,0,0,0,0,1947-04-17,,0,,
442011,0000104,3,大分県,オオイタケン,Oita,,,,大分市,オオイタシ,Oita-shi,,,,,,,,,,愛宕,アタゴ,,,0,0,0,1,0,0,0,0,1947-04-17,,0,,
442011,0000105,3,大分県,オオイタケン,Oita,,,,大分市,オオイタシ,Oita-shi,,,,,,,,,,芦崎,アシザキ,Ashizaki,,0,0,0,1,0,0,0,0,1947-04-17,,0,8700014,
442011,0000106,3,大分県,オオイタケン,Oita,,,,大分市,オオイタシ,Oita-shi,,,,,,,,,,粟野,アワノ,,,0,0,0,1,0,0,0,0,1947-04-17,,0,,
442011,0000107,3,大分県,オオイタケン,Oita,,,,大分市,オオイタシ,Oita-shi,,,,,,,,,,安位,アグライ,,,0,0,0,1,0,0,0,0,1947-04-17,,0,,
442011,0000108,3,大分県,オオイタケン,Oita,,,,大分市,オオイタシ,Oita-shi,,,,,,,,,,安田,アンダ,,,0,0,0,1,0,0,0,0,1947-04-17,,0,,
442011,0000109,3,大分県,オオイタケン,Oita,,,,大分市,オオイタシ,Oita-shi,,,,,,,,,,安友,ヤストモ,,,0,0,0,1,0,0,0,0,1947-04-17,,0,,
442011,0000110,3,大分県,オオイタケン,Oita,,,,大分市,オオイタシ,Oita-shi,,,,,,,,,,伊与床,イヨトコ,,,0,0,0,1,0,0,0,0,1947-04-17,,0,,
442011,0000111,3,大分県,オオイタケン,Oita,,,,大分市,オオイタシ,Oita-shi,,,,,,,,,,井ノ久保,イノクボ,,,0,0,0,1,0,0,0,0,1947-04-17,,0,,
442011,0000112,3,大分県,オオイタケン,Oita,,,,大分市,オオイタシ,Oita-shi,,,,,,,,,,一本櫟,イッポンクヌギ,,,0,0,0,1,0,0,0,0,1947-04-17,,0,,
442011,0000113,3,大分県,オオイタケン,Oita,,,,大分市,オオイタシ,Oita-shi,,,,,,,,,,一木,イチギ,Ichigi,,0,0,0,1,0,0,0,0,1947-04-17,,0,8700316,
442011,0000114,3,大分県,オオイタケン,Oita,,,,大分市,オオイタシ,Oita-shi,,,,,,,,,,羽原,ハバル,,,0,0,0,1,0,0,0,0,1947-04-17,,0,,
442011,0000115,3,大分県,オオイタケン,Oita,,,,大分市,オオイタシ,Oita-shi,,,,,,,,,,羽田,ハダ,Hada,,0,0,0,1,0,0,0,0,1947-04-17,,0,8700942,
442011,0000116,3,大分県,オオイタケン,Oita,,,,大分市,オオイタシ,Oita-shi,,,,,,,,,,荏隈町,エノクママチ,Enokumamachi,,0,0,0,1,0,0,0,0,1947-04-17,,0,8700891,
442011,0000117,3,大分県,オオイタケン,Oita,,,,大分市,オオイタシ,Oita-shi,,,,,,,,,,影ノ木,カゲノキ,,,0,0,0,1,0,0,0,0,1947-04-17,,0,,
442011,0000118,3,大分県,オオイタケン,Oita,,,,大分市,オオイタシ,Oita-shi,,,,,,,,,,影平,カゲビラ,,,0,0,0,1,0,0,0,0,1947-04-17,,0,,
442011,0000120,3,大分県,オオイタケン,Oita,,,,大分市,オオイタシ,Oita-shi,,,,,,,,,,駅区,エキク,,,0,0,0,1,0,0,0,0,1947-04-17,,0,,
442011,0000121,3,大分県,オオイタケン,Oita,,,,大分市,オオイタシ,Oita-shi,,,,,,,,,,越木原,コシキハラ,,,0,0,0,1,0,0,0,0,1947-04-17,,0,,
442011,0000122,3,大分県,オオイタケン,Oita,,,,大分市,オオイタシ,Oita-shi,,,,,,,,,,延命寺,エンメイジ,,,0,0,0,1,0,0,0,0,1947-04-17,,0,,
442011,0000123,3,大分県,オオイタケン,Oita,,,,大分市,オオイタシ,Oita-shi,,,,,,,,,,猿掛,サルカケ,,,0,0,0,1,0,0,0,0,1947-04-17,,0,,
442011,0000124,3,大分県,オオイタケン,Oita,,,,大分市,オオイタシ,Oita-shi,,,,,,,,,,塩手野,シオデノ,,,0,0,0,1,0,0,0,0,1947-04-17,,0,,
442011,0000125,3,大分県,オオイタケン,Oita,,,,大分市,オオイタシ,Oita-shi,,,,,,,,,,奥,オク,Oku,,0,0,0,1,0,0,0,0,1947-04-17,,0,8797881,
442011,0000126,3,大分県,オオイタケン,Oita,,,,大分市,オオイタシ,Oita-shi,,,,,,,,,,奥村,オクムラ,,,0,0,0,1,0,0,0,0,1947-04-17,,0,,
442011,0000127,3,大分県,オオイタケン,Oita,,,,大分市,オオイタシ,Oita-shi,,,,,,,,,,横江,ヨコエ,,,0,0,0,1,0,0,0,0,1947-04-17,,0,,
442011,0000128,3,大分県,オオイタケン,Oita,,,,大分市,オオイタシ,Oita-shi,,,,,,,,,,岡,オカ,Oka,,0,0,0,1,0,0,0,0,1947-04-17,,0,8700158,
442011,0000129,3,大分県,オオイタケン,Oita,,,,大分市,オオイタシ,Oita-shi,,,,,,,,,,岡原,オカバル,,,0,0,0,1,0,0,0,0,1947-04-17,,0,,
442011,0000130,3,大分県,オオイタケン,Oita,,,,大分市,オオイタシ,Oita-shi,,,,,,,,,,岡倉,オカクラ,,,0,0,0,1,0,0,0,0,1947-04-17,,0,,
442011,0000131,3,大分県,オオイタケン,Oita,,,,大分市,オオイタシ,Oita-shi,,,,,,,,,,岡田,オカダ,,,0,0,0,1,0,0,0,0,1947-04-17,,0,,
442011,0000132,3,大分県,オオイタケン,Oita,,,,大分市,オオイタシ,Oita-shi,,,,,,,,,,屋形川,ヤカタガワ,,,0,0,0,1,0,0,0,0,1947-04-17,,0,,
442011,0000133,3,大分県,オオイタケン,Oita,,,,大分市,オオイタシ,Oita-shi,,,,,,,,,,屋形木,ヤカタギ,,,0,0,0,1,0,0,0,0,1947-04-17,,0,,
442011,0000134,3,大分県,オオイタケン,Oita,,,,大分市,オオイタシ,Oita-shi,,,,,,,,,,屋山,ヤヤマ,Yayama,,0,0,0,1,0,0,0,0,1947-04-17,,0,8700313,
442011,0000135,3,大分県,オオイタケン,Oita,,,,大分市,オオイタシ,Oita-shi,,,,,,,,,,下羽,シタハ,,,0,0,0,1,0,0,0,0,1947-04-17,,0,,
442011,0000136,3,大分県,オオイタケン,Oita,,,,大分市,オオイタシ,Oita-shi,,,,,,,,,,下浦,シタウラ,,,0,0,0,1,0,0,0,0,1947-04-17,,0,,
442011,0000137,3,大分県,オオイタケン,Oita,,,,大分市,オオイタシ,Oita-shi,,,,,,,,,,下鴛野,シモオシノ,,,0,0,0,1,0,0,0,0,1947-04-17,,0,,
442011,0000138,3,大分県,オオイタケン,Oita,,,,大分市,オオイタシ,Oita-shi,,,,,,,,,,下横瀬,シモヨコセ,,,0,0,0,1,0,0,0,0,1947-04-17,,0,,
442011,0000139,3,大分県,オオイタケン,Oita,,,,大分市,オオイタシ,Oita-shi,,,,,,,,,,下寒田,シモソウダ,,,0,0,0,1,0,0,0,0,1947-04-17,,0,,
442011,0000140,3,大分県,オオイタケン,Oita,,,,大分市,オオイタシ,Oita-shi,,,,,,,,,,下詰,シモツメ,,,0,0,0,1,0,0,0,0,1947-04-17,,0,,
442011,0000141,3,大分県,オオイタケン,Oita,,,,大分市,オオイタシ,Oita-shi,,,,,,,,,,下久所,シモクジョ,,,0,0,0,1,0,0,0,0,1947-04-17,,0,,
442011,0000142,3,大分県,オオイタケン,Oita,,,,大分市,オオイタシ,Oita-shi,,,,,,,,,,下芹,シモセリ,,,0,0,0,1,0,0,0,0,1947-04-17,,0,,
442011,0000143,3,大分県,オオイタケン,Oita,,,,大分市,オオイタシ,Oita-shi,,,,,,,,,,下高江,シモタカエ,,,0,0,0,1,0,0,0,0,1947-04-17,,0,,
442011,0000144,3,大分県,オオイタケン,Oita,,,,大分市,オオイタシ,Oita-shi,,,,,,,,,,下次郎,ゲジロウ,,,0,0,0,1,0,0,0,0,1947-04-17,,0,,
442011,0000145,3,大分県,オオイタケン,Oita,,,,大分市,オオイタシ,Oita-shi,,,,,,,,,,下小野鶴,シモオノヅル,,,0,0,0,1,0,0,0,0,1947-04-17,,0,,
442011,0000146,3,大分県,オオイタケン,Oita,,,,大分市,オオイタシ,Oita-shi,,,,,,,,,,下松岡,シモマツオカ,,,0,0,0,1,0,0,0,0,1947-04-17,,0,,
442011,0000147,3,大分県,オオイタケン,Oita,,,,大分市,オオイタシ,Oita-shi,,,,,,,,,,下竹中,シモタケナカ,,,0,0,0,1,0,0,0,0,1947-04-17,,0,,
442011,0000148,3,大分県,オオイタケン,Oita,,,,大分市,オオイタシ,Oita-shi,,,,,,,,,,下津留,シモツル,,,0,0,0,1,0,0,0,0,1947-04-17,,0,,
442011,0000149,3,大分県,オオイタケン,Oita,,,,大分市,オオイタシ,Oita-shi,,,,,,,,,,下鶴崎,シモツルサキ,,,0,0,0,1,0,0,0,0,1947-04-17,,0,,
442011,0000150,3,大分県,オオイタケン,Oita,,,,大分市,オオイタシ,Oita-shi,,,,,,,,,,下田尻,シモタジリ,,,0,0,0,1,0,0,0,0,1947-04-17,,0,,
442011,0000151,3,大分県,オオイタケン,Oita,,,,大分市,オオイタシ,Oita-shi,,,,,,,,,,下冬田,シモフユダ,,,0,0,0,1,0,0,0,0,1947-04-17,,0,,
442011,0000152,3,大分県,オオイタケン,Oita,,,,大分市,オオイタシ,Oita-shi,,,,,,,,,,下白家,シモシロカ,,,0,0,0,1,0,0,0,0,1947-04-17,,0,,
442011,0000153,3,大分県,オオイタケン,Oita,,,,大分市,オオイタシ,Oita-shi,,,,,,,,,,下白木,シモシラキ,Shimoshiraki,,0,0,0,1,0,0,0,0,1947-04-17,,0,8700803,
442011,0000154,3,大分県,オオイタケン,Oita,,,,大分市,オオイタシ,Oita-shi,,,,,,,,,,下八幡,シモヤハタ,Shimoyahata,,0,0,0,1,0,0,0,0,1947-04-17,,0,8700807,
442011,0000155,3,大分県,オオイタケン,Oita,,,,大分市,オオイタシ,Oita-shi,,,,,,,,,,下矢ノ原,シタヤノバル,,,0,0,0,1,0,0,0,0,1947-04-17,,0,,
442011,0000156,3,大分県,オオイタケン,Oita,,,,大分市,オオイタシ,Oita-shi,,,,,,,,,,加納,カノウ,Kano,,0,0,0,1,0,0,0,0,1947-04-17,,0,8700926,
442011,0000157,3,大分県,オオイタケン,Oita,,,,大分市,オオイタシ,Oita-shi,,,,,,,,,,河原,カワラ,,,0,0,0,1,0,0,0,0,1947-04-17,,0,,
442011,0000158,3,大分県,オオイタケン,Oita,,,,大分市,オオイタシ,Oita-shi,,,,,,,,,,河津原,カワツハル,,,0,0,0,1,0,0,0,0,1947-04-17,,0,,
442011,0000159,3,大分県,オオイタケン,Oita,,,,大分市,オオイタシ,Oita-shi,,,,,,,,,,河内,カワチ,,,0,0,0,1,0,0,0,0,1947-04-17,,0,,
442011,0000160,3,大分県,オオイタケン,Oita,,,,大分市,オオイタシ,Oita-shi,,,,,,,,,,火振,ヒブリ,,,0,0,0,1,0,0,0,0,1947-04-17,,0,,
442011,0000161,3,大分県,オオイタケン,Oita,,,,大分市,オオイタシ,Oita-shi,,,,,,,,,,花影,ハナカゲ,,,0,0,0,1,0,0,0,0,1947-04-17,,0,,
442011,0000162,3,大分県,オオイタケン,Oita,,,,大分市,オオイタシ,Oita-shi,,,,,,,,,,花香,ハナガ,,,0,0,0,1,0,0,0,0,1947-04-17,,0,,
442011,0000163,3,大分県,オオイタケン,Oita,,,,大分市,オオイタシ,Oita-shi,,,,,,,,,,荷小野,ニオノ,,,0,0,0,1,0,0,0,0,1947-04-17,,0,,
442011,0000164,3,大分県,オオイタケン,Oita,,,,大分市,オオイタシ,Oita-shi,,,,,,,,,,過原,カバル,,,0,0,0,1,0,0,0,0,1947-04-17,,0,,
442011,0000165,3,大分県,オオイタケン,Oita,,,,大分市,オオイタシ,Oita-shi,,,,,,,,,,廻洲,メグス,,,0,0,0,1,0,0,0,0,1947-04-17,,0,,
442011,0000166,3,大分県,オオイタケン,Oita,,,,大分市,オオイタシ,Oita-shi,,,,,,,,,,廻栖,メグス,,,0,0,0,1,0,0,0,0,1947-04-17,,0,,
442011,0000167,3,大分県,オオイタケン,Oita,,,,大分市,オオイタシ,Oita-shi,,,,,,,,,,皆春,ミナハル,Minaharu,,0,0,0,1,0,0,0,0,1947-04-17,,0,8700131,
442011,0000168,3,大分県,オオイタケン,Oita,,,,大分市,オオイタシ,Oita-shi,,,,,,,,,,柿ノ木,カキノキ,,,0,0,0,1,0,0,0,0,1947-04-17,,0,,
442011,0000169,3,大分県,オオイタケン,Oita,,,,大分市,オオイタシ,Oita-shi,,,,,,,,,,柿木,カキギ,,,0,0,0,1,0,0,0,0,1947-04-17,,0,,
442011,0000170,3,大分県,オオイタケン,Oita,,,,大分市,オオイタシ,Oita-shi,,,,,,,,,,柿野,カキノ,,,0,0,0,1,0,0,0,0,1947-04-17,,0,,
442011,0000171,3,大分県,オオイタケン,Oita,,,,大分市,オオイタシ,Oita-shi,,,,,,,,,,角ノ前,スミノマエ,,,0,0,0,1,0,0,0,0,1947-04-17,,0,,
442011,0000172,3,大分県,オオイタケン,Oita,,,,大分市,オオイタシ,Oita-shi,,,,,,,,,,角石,カクイシ,,,0,0,0,1,0,0,0,0,1947-04-17,,0,,
442011,0000173,3,大分県,オオイタケン,Oita,,,,大分市,オオイタシ,Oita-shi,,,,,,,,,,樫原,カシバル,,,0,0,0,1,0,0,0,0,1947-04-17,,0,,
442011,0000174,3,大分県,オオイタケン,Oita,,,,大分市,オオイタシ,Oita-shi,,,,,,,,,,葛籠,カツロウ,,,0,0,0,1,0,0,0,0,1947-04-17,,0,,
442011,0000175,3,大分県,オオイタケン,Oita,,,,大分市,オオイタシ,Oita-shi,,,,,,,,,,寒田団地,ソウダダンチ,,,0,0,0,1,0,0,0,0,1947-04-17,,0,,
442011,0000176,3,大分県,オオイタケン,Oita,,,,大分市,オオイタシ,Oita-shi,,,,,,,,,,関田,セキダ,,,0,0,0,1,0,0,0,0,1947-04-17,,0,,
442011,0000177,3,大分県,オオイタケン,Oita,,,,大分市,オオイタシ,Oita-shi,,,,,,,,,,関門,セキカド,,,0,0,0,1,0,0,0,0,1947-04-17,,0,,
442011,0000178,3,大分県,オオイタケン,Oita,,,,大分市,オオイタシ,Oita-shi,,,,,,,,,,岩屋,イワヤ,,,0,0,0,1,0,0,0,0,1947-04-17,,0,,
442011,0000179,3,大分県,オオイタケン,Oita,,,,大分市,オオイタシ,Oita-shi,,,,,,,,,,岩屋金,イワヤカネ,,,0,0,0,1,0,0,0,0,1947-04-17,,0,,
442011,0000180,3,大分県,オオイタケン,Oita,,,,大分市,オオイタシ,Oita-shi,,,,,,,,,,岩下,イワシタ,,,0,0,0,1,0,0,0,0,1947-04-17,,0,,
442011,0000181,3,大分県,オオイタケン,Oita,,,,大分市,オオイタシ,Oita-shi,,,,,,,,,,岩上,イワガミ,,,0,0,0,1,0,0,0,0,1947-04-17,,0,,
442011,0000182,3,大分県,オオイタケン,Oita,,,,大分市,オオイタシ,Oita-shi,,,,,,,,,,机張原,キチョウバル,Kichobaru,,0,0,0,1,0,0,0,0,1947-04-17,,0,8700809,
442011,0000183,3,大分県,オオイタケン,Oita,,,,大分市,オオイタシ,Oita-shi,,,,,,,,,,亀ノ甲,カメノコウ,,,0,0,0,1,0,0,0,0,1947-04-17,,0,,
442011,0000184,3,大分県,オオイタケン,Oita,,,,大分市,オオイタシ,Oita-shi,,,,,,,,,,儀徳尻,ギトクジリ,,,0,0,0,1,0,0,0,0,1947-04-17,,0,,
442011,0000185,3,大分県,オオイタケン,Oita,,,,大分市,オオイタシ,Oita-shi,,,,,,,,,,吉間,ヨシマ,,,0,0,0,1,0,0,0,0,1947-04-17,,0,,
442011,0000186,3,大分県,オオイタケン,Oita,,,,大分市,オオイタシ,Oita-shi,,,,,,,,,,吉熊,ヨシクマ,,,0,0,0,1,0,0,0,0,1947-04-17,,0,,
442011,0000187,3,大分県,オオイタケン,Oita,,,,大分市,オオイタシ,Oita-shi,,,,,,,,,,吉野市,ヨシノイチ,,,0,0,0,1,0,0,0,0,1947-04-17,,0,,
442011,0000188,3,大分県,オオイタケン,Oita,,,,大分市,オオイタシ,Oita-shi,,,,,,,,,,杵ヶ原,キネガハル,,,0,0,0,1,0,0,0,0,1947-04-17,,0,,
442011,0000189,3,大分県,オオイタケン,Oita,,,,大分市,オオイタシ,Oita-shi,,,,,,,,,,杵河内,キネカワウチ,,,0,0,0,1,0,0,0,0,1947-04-17,,0,,
442011,0000190,3,大分県,オオイタケン,Oita,,,,大分市,オオイタシ,Oita-shi,,,,,,,,,,久保,クボ,,,0,0,0,1,0,0,0,0,1947-04-17,,0,,
442011,0000191,3,大分県,オオイタケン,Oita,,,,大分市,オオイタシ,Oita-shi,,,,,,,,,,久保山団地,クボヤマダンチ,,,0,0,0,1,0,0,0,0,1947-04-17,,0,,
442011,0000192,3,大分県,オオイタケン,Oita,,,,大分市,オオイタシ,Oita-shi,,,,,,,,,,宮ノ原,ミヤノハル,,,0,0,0,1,0,0,0,0,1947-04-17,,0,,
442011,0000193,3,大分県,オオイタケン,Oita,,,,大分市,オオイタシ,Oita-shi,,,,,,,,,,宮ノ脇,ミヤノワキ,,,0,0,0,1,0,0,0,0,1947-04-17,,0,,
442011,0000194,3,大分県,オオイタケン,Oita,,,,大分市,オオイタシ,Oita-shi,,,,,,,,,,宮浦,ミヤウラ,,,0,0,0,1,0,0,0,0,1947-04-17,,0,,
442011,0000195,3,大分県,オオイタケン,Oita,,,,大分市,オオイタシ,Oita-shi,,,,,,,,,,宮苑,ミヤゾノ,Miyazono,,0,0,0,1,0,0,0,0,1947-04-17,,0,8700878,
442011,0000196,3,大分県,オオイタケン,Oita,,,,大分市,オオイタシ,Oita-shi,,,,,,,,,,宮谷,ミヤダニ,,,0,0,0,1,0,0,0,0,1947-04-17,,0,,
442011,0000197,3,大分県,オオイタケン,Oita,,,,大分市,オオイタシ,Oita-shi,,,,,,,,,,宮尾,ミヤオ,Miyao,,0,0,0,1,0,0,0,0,1947-04-17,,0,8797873,
442011,0000198,3,大分県,オオイタケン,Oita,,,,大分市,オオイタシ,Oita-shi,,,,,,,,,,弓立,ユダチ,,,0,0,0,1,0,0,0,0,1947-04-17,,0,,
442011,0000199,3,大分県,オオイタケン,Oita,,,,大分市,オオイタシ,Oita-shi,,,,,,,,,,牛ヶ谷,ウシガタニ,,,0,0,0,1,0,0,0,0,1947-04-17,,0,,
442011,0000200,3,大分県,オオイタケン,Oita,,,,大分市,オオイタシ,Oita-shi,,,,,,,,,,京ノ畑,キョウノハタ,,,0,0,0,1,0,0,0,0,1947-04-17,,0,,
442011,0000201,3,大分県,オオイタケン,Oita,,,,大分市,オオイタシ,Oita-shi,,,,,,,,,,曲,マガリ,,,0,0,0,1,0,0,0,0,1947-04-17,,0,,
442011,0000202,3,大分県,オオイタケン,Oita,,,,大分市,オオイタシ,Oita-shi,,,,,,,,,,玉井,タマイ,,,0,0,0,1,0,0,0,0,1947-04-17,,0,,
442011,0000203,3,大分県,オオイタケン,Oita,,,,大分市,オオイタシ,Oita-shi,,,,,,,,,,玉泉寺,ギョクセンジ,,,0,0,0,1,0,0,0,0,1947-04-17,,0,,
442011,0000204,3,大分県,オオイタケン,Oita,,,,大分市,オオイタシ,Oita-shi,,,,,,,,,,金山,カナヤマ,,,0,0,0,1,0,0,0,0,1947-04-17,,0,,
442011,0000205,3,大分県,オオイタケン,Oita,,,,大分市,オオイタシ,Oita-shi,,,,,,,,,,金谷,カナヤ,,,0,0,0,1,0,0,0,0,1947-04-17,,0,,
442011,0000206,3,大分県,オオイタケン,Oita,,,,大分市,オオイタシ,Oita-shi,,,,,,,,,,金谷迫中原,カネタサコナカハラ,,,0,0,0,1,0,0,0,0,1947-04-17,,0,,
442011,0000207,3,大分県,オオイタケン,Oita,,,,大分市,オオイタシ,Oita-shi,,,,,,,,,,九六位,クロクイ,,,0,0,0,1,0,0,0,0,1947-04-17,,0,,
442011,0000208,3,大分県,オオイタケン,Oita,,,,大分市,オオイタシ,Oita-shi,,,,,,,,,,栗灰,クリハイ,,,0,0,0,1,0,0,0,0,1947-04-17,,0,,
442011,0000209,3,大分県,オオイタケン,Oita,,,,大分市,オオイタシ,Oita-shi,,,,,,,,,,栗林,クリバヤシ,,,0,0,0,1,0,0,0,0,1947-04-17,,0,,
442011,0000210,3,大分県,オオイタケン,Oita,,,,大分市,オオイタシ,Oita-shi,,,,,,,,,,桑津留,クワヅル,,,0,0,0,1,0,0,0,0,1947-04-17,,0,,
442011,0000211,3,大分県,オオイタケン,Oita,,,,大分市,オオイタシ,Oita-shi,,,,,,,,,,桑本,クワモト,,,0,0,0,1,0,0,0,0,1947-04-17,,0,,
442011,0000212,3,大分県,オオイタケン,Oita,,,,大分市,オオイタシ,Oita-shi,,,,,,,,,,恵良,エラ,,,0,0,0,1,0,0,0,0,1947-04-17,,0,,
442011,0000213,3,大分県,オオイタケン,Oita,,,,大分市,オオイタシ,Oita-shi,,,,,,,,,,桁口,ケタグチ,,,0,0,0,1,0,0,0,0,1947-04-17,,0,,
442011,0000214,3,大分県,オオイタケン,Oita,,,,大分市,オオイタシ,Oita-shi,,,,,,,,,,月ヶ平,ツキガヒラ,,,0,0,0,1,0,0,0,0,1947-04-17,,0,,
442011,0000215,3,大分県,オオイタケン,Oita,,,,大分市,オオイタシ,Oita-shi,,,,,,,,,,月形,ツキガタ,Tsukigata,,0,0,0,1,0,0,0,0,1947-04-17,,0,8797872,
442011,0000216,3,大分県,オオイタケン,Oita,,,,大分市,オオイタシ,Oita-shi,,,,,,,,,,見尾,ミオ,,,0,0,0,1,0,0,0,0,1947-04-17,,0,,
442011,0000217,3,大分県,オオイタケン,Oita,,,,大分市,オオイタシ,Oita-shi,,,,,,,,,,軒田,ノキダ,,,0,0,0,1,0,0,0,0,1947-04-17,,0,,
442011,0000218,3,大分県,オオイタケン,Oita,,,,大分市,オオイタシ,Oita-shi,,,,,,,,,,鍵山,カギヤマ,,,0,0,0,1,0,0,0,0,1947-04-17,,0,,
442011,0000219,3,大分県,オオイタケン,Oita,,,,大分市,オオイタシ,Oita-shi,,,,,,,,,,原村,ハラムラ,,,0,0,0,1,0,0,0,0,1947-04-17,,0,,
442011,0000220,3,大分県,オオイタケン,Oita,,,,大分市,オオイタシ,Oita-shi,,,,,,,,,,古宮,フルミヤ,,,0,0,0,1,0,0,0,0,1947-04-17,,0,,
442011,0000221,3,大分県,オオイタケン,Oita,,,,大分市,オオイタシ,Oita-shi,,,,,,,,,,戸次本町,ヘツギホンマチ,,,0,0,0,1,0,0,0,0,1947-04-17,,0,,
442011,0000222,3,大分県,オオイタケン,Oita,,,,大分市,オオイタシ,Oita-shi,,,,,,,,,,戸保ノ木,ヘボノキ,,,0,0,0,1,0,0,0,0,1947-04-17,,0,,
442011,0000223,3,大分県,オオイタケン,Oita,,,,大分市,オオイタシ,Oita-shi,,,,,,,,,,戸無瀬,トナセ,,,0,0,0,1,0,0,0,0,1947-04-17,,0,,
442011,0000224,3,大分県,オオイタケン,Oita,,,,大分市,オオイタシ,Oita-shi,,,,,,,,,,胡麻鶴,ゴマヅル,,,0,0,0,1,0,0,0,0,1947-04-17,,0,,
442011,0000225,3,大分県,オオイタケン,Oita,,,,大分市,オオイタシ,Oita-shi,,,,,,,,,,菰田,コモダ,,,0,0,0,1,0,0,0,0,1947-04-17,,0,,
442011,0000226,3,大分県,オオイタケン,Oita,,,,大分市,オオイタシ,Oita-shi,,,,,,,,,,御幸,ミユキ,Miyuki,,0,0,0,1,0,0,0,0,1947-04-17,,0,8700804,
442011,0000227,3,大分県,オオイタケン,Oita,,,,大分市,オオイタシ,Oita-shi,,,,,,,,,,御堂,ミドウ,,,0,0,0,1,0,0,0,0,1947-04-17,,0,,
442011,0000228,3,大分県,オオイタケン,Oita,,,,大分市,オオイタシ,Oita-shi,,,,,,,,,,光吉,ミツヨシ,Mitsuyoshi,,0,0,0,1,0,0,0,0,1947-04-17,,0,8701132,
442011,0000229,3,大分県,オオイタケン,Oita,,,,大分市,オオイタシ,Oita-shi,,,,,,,,,,光吉新町,ミツヨシシンマチ,Mitsuyoshishimmachi,,0,0,0,1,0,0,0,0,1947-04-17,,0,8701135,
442011,0000230,3,大分県,オオイタケン,Oita,,,,大分市,オオイタシ,Oita-shi,,,,,,,,,,光吉台団地,ミツヨシダイダンチ,,,0,0,0,1,0,0,0,0,1947-04-17,,0,,
442011,0000231,3,大分県,オオイタケン,Oita,,,,大分市,オオイタシ,Oita-shi,,,,,,,,,,口戸,クチド,Kuchido,,0,0,0,1,0,0,0,0,1947-04-17,,0,8701162,
442011,0000232,3,大分県,オオイタケン,Oita,,,,大分市,オオイタシ,Oita-shi,,,,,,,,,,向原,ムカイバル,,,0,0,0,1,0,0,0,0,1947-04-17,,0,,
442011,0000233,3,大分県,オオイタケン,Oita,,,,大分市,オオイタシ,Oita-shi,,,,,,,,,,幸の浦,コウノウラ,,,0,0,0,1,0,0,0,0,1947-04-17,,0,,
442011,0000234,3,大分県,オオイタケン,Oita,,,,大分市,オオイタシ,Oita-shi,,,,,,,,,,江ノ脇,エノワキ,,,0,0,0,1,0,0,0,0,1947-04-17,,0,,
442011,0000235,3,大分県,オオイタケン,Oita,,,,大分市,オオイタシ,Oita-shi,,,,,,,,,,高取,タカトリ,,,0,0,0,1,0,0,0,0,1947-04-17,,0,,
442011,0000236,3,大分県,オオイタケン,Oita,,,,大分市,オオイタシ,Oita-shi,,,,,,,,,,高城,タカジョウ,,,0,0,0,1,0,0,0,0,1947-04-17,,0,,
442011,0000237,3,大分県,オオイタケン,Oita,,,,大分市,オオイタシ,Oita-shi,,,,,,,,,,高城団地,タカジョウダンチ,Takajodanchi,,0,0,0,1,0,0,0,0,1947-04-17,,0,8700149,
442011,0000238,3,大分県,オオイタケン,Oita,,,,大分市,オオイタシ,Oita-shi,,,,,,,,,,高須,タカス,,,0,0,0,1,0,0,0,0,1947-04-17,,0,,
442011,0000239,3,大分県,オオイタケン,Oita,,,,大分市,オオイタシ,Oita-shi,,,,,,,,,,高沢,タカサワ,,,0,0,0,1,0,0,0,0,1947-04-17,,0,,
442011,0000240,3,大分県,オオイタケン,Oita,,,,大分市,オオイタシ,Oita-shi,,,,,,,,,,轟,トドロキ,,,0,0,0,1,0,0,0,0,1947-04-17,,0,,
442011,0000241,3,大分県,オオイタケン,Oita,,,,大分市,オオイタシ,Oita-shi,,,,,,,,,,国分一,コクブ１,,,0,0,0,1,0,0,0,0,1947-04-17,,0,,
442011,0000242,3,大分県,オオイタケン,Oita,,,,大分市,オオイタシ,Oita-shi,,,,,,,,,,国分三,コクブ３,,,0,0,0,1,0,0,0,0,1947-04-17,,0,,
442011,0000243,3,大分県,オオイタケン,Oita,,,,大分市,オオイタシ,Oita-shi,,,,,,,,,,国分団地,コクブダンチ,Kokubudanchi,,0,0,0,1,0,0,0,0,1947-04-17,,0,8700865,
442011,0000244,3,大分県,オオイタケン,Oita,,,,大分市,オオイタシ,Oita-shi,,,,,,,,,,国分二,コクブ２,,,0,0,0,1,0,0,0,0,1947-04-17,,0,,
442011,0000245,3,大分県,オオイタケン,Oita,,,,大分市,オオイタシ,Oita-shi,,,,,,,,,,黒岩,クロイワ,,,0,0,0,1,0,0,0,0,1947-04-17,,0,,
442011,0000246,3,大分県,オオイタケン,Oita,,,,大分市,オオイタシ,Oita-shi,,,,,,,,,,黒仁田,クロニタ,,,0,0,0,1,0,0,0,0,1947-04-17,,0,,
442011,0000247,3,大分県,オオイタケン,Oita,,,,大分市,オオイタシ,Oita-shi,,,,,,,,,,今在木,イマザイキ,,,0,0,0,1,0,0,0,0,1947-04-17,,0,,
442011,0000248,3,大分県,オオイタケン,Oita,,,,大分市,オオイタシ,Oita-shi,,,,,,,,,,今市町,イマイチマチ,,,0,0,0,1,0,0,0,0,1947-04-17,,0,,
442011,0000249,3,大分県,オオイタケン,Oita,,,,大分市,オオイタシ,Oita-shi,,,,,,,,,,今畑,イマハタ,,,0,0,0,1,0,0,0,0,1947-04-17,,0,,
442011,0000250,3,大分県,オオイタケン,Oita,,,,大分市,オオイタシ,Oita-shi,,,,,,,,,,昆布刈,コブカリ,,,0,0,0,1,0,0,0,0,1947-04-17,,0,,
442011,0000251,3,大分県,オオイタケン,Oita,,,,大分市,オオイタシ,Oita-shi,,,,,,,,,,佐渡川,サドガワ,,,0,0,0,1,0,0,0,0,1947-04-17,,0,,
442011,0000252,3,大分県,オオイタケン,Oita,,,,大分市,オオイタシ,Oita-shi,,,,,,,,,,佐土ノ原,サドノハル,,,0,0,0,1,0,0,0,0,1947-04-17,,0,,
442011,0000253,3,大分県,オオイタケン,Oita,,,,大分市,オオイタシ,Oita-shi,,,,,,,,,,佐野,サノ,Sano,,0,0,0,1,0,0,0,0,1947-04-17,,0,8700315,
442011,0000254,3,大分県,オオイタケン,Oita,,,,大分市,オオイタシ,Oita-shi,,,,,,,,,,佐柳,サナギ,,,0,0,0,1,0,0,0,0,1947-04-17,,0,,
442011,0000255,3,大分県,オオイタケン,Oita,,,,大分市,オオイタシ,Oita-shi,,,,,,,,,,細西部,ホソセイブ,,,0,0,0,1,0,0,0,0,1947-04-17,,0,,
442011,0000256,3,大分県,オオイタケン,Oita,,,,大分市,オオイタシ,Oita-shi,,,,,,,,,,細東部,ホソトウブ,,,0,0,0,1,0,0,0,0,1947-04-17,,0,,
442011,0000257,3,大分県,オオイタケン,Oita,,,,大分市,オオイタシ,Oita-shi,,,,,,,,,,細八丸,ホソハチマル,,,0,0,0,1,0,0,0,0,1947-04-17,,0,,
442011,0000258,3,大分県,オオイタケン,Oita,,,,大分市,オオイタシ,Oita-shi,,,,,,,,,,三佐三区,ミサ３ク,,,0,0,0,1,0,0,0,0,1947-04-17,,0,,
442011,0000259,3,大分県,オオイタケン,Oita,,,,大分市,オオイタシ,Oita-shi,,,,,,,,,,三佐四区,ミサ４ク,,,0,0,0,1,0,0,0,0,1947-04-17,,0,,
442011,0000260,3,大分県,オオイタケン,Oita,,,,大分市,オオイタシ,Oita-shi,,,,,,,,,,山下,ヤマシタ,,,0,0,0,1,0,0,0,0,1947-04-17,,0,,
442011,0000261,3,大分県,オオイタケン,Oita,,,,大分市,オオイタシ,Oita-shi,,,,,,,,,,山口,ヤマグチ,,,0,0,0,1,0,0,0,0,1947-04-17,,0,,
442011,0000262,3,大分県,オオイタケン,Oita,,,,大分市,オオイタシ,Oita-shi,,,,,,,,,,山中,ヤマナカ,,,0,0,0,1,0,0,0,0,1947-04-17,,0,,
442011,0000263,3,大分県,オオイタケン,Oita,,,,大分市,オオイタシ,Oita-shi,,,,,,,,,,山峰,ヤマミネ,,,0,0,0,1,0,0,0,0,1947-04-17,,0,,
442011,0000264,3,大分県,オオイタケン,Oita,,,,大分市,オオイタシ,Oita-shi,,,,,,,,,,志手,シテ,Shite,,0,0,0,1,0,0,0,0,1947-04-17,,0,8700821,
442011,0000265,3,大分県,オオイタケン,Oita,,,,大分市,オオイタシ,Oita-shi,,,,,,,,,,糸棚,イトダナ,,,0,0,0,1,0,0,0,0,1947-04-17,,0,,
442011,0000266,3,大分県,オオイタケン,Oita,,,,大分市,オオイタシ,Oita-shi,,,,,,,,,,児蔵堂,ジゾウドウ,,,0,0,0,1,0,0,0,0,1947-04-17,,0,,
442011,0000267,3,大分県,オオイタケン,Oita,,,,大分市,オオイタシ,Oita-shi,,,,,,,,,,室生,ムロウ,,,0,0,0,1,0,0,0,0,1947-04-17,,0,,
442011,0000268,3,大分県,オオイタケン,Oita,,,,大分市,オオイタシ,Oita-shi,,,,,,,,,,実原,サネワラ,,,0,0,0,1,0,0,0,0,1947-04-17,,0,,
442011,0000269,3,大分県,オオイタケン,Oita,,,,大分市,オオイタシ,Oita-shi,,,,,,,,,,芝原,シバハラ,,,0,0,0,1,0,0,0,0,1947-04-17,,0,,
442011,0000270,3,大分県,オオイタケン,Oita,,,,大分市,オオイタシ,Oita-shi,,,,,,,,,,若杉,ワカスギ,,,0,0,0,1,0,0,0,0,1947-04-17,,0,,
442011,0000271,3,大分県,オオイタケン,Oita,,,,大分市,オオイタシ,Oita-shi,,,,,,,,,,宗方台,ムナカタダイ,,,0,0,0,1,0,0,0,0,1947-04-17,,0,,
442011,0000272,3,大分県,オオイタケン,Oita,,,,大分市,オオイタシ,Oita-shi,,,,,,,,,,秋岡,アキオカ,,,0,0,0,1,0,0,0,0,1947-04-17,,0,,
442011,0000273,3,大分県,オオイタケン,Oita,,,,大分市,オオイタシ,Oita-shi,,,,,,,,,,秋之江,アキノエ,,,0,0,0,1,0,0,0,0,1947-04-17,,0,,
442011,0000274,3,大分県,オオイタケン,Oita,,,,大分市,オオイタシ,Oita-shi,,,,,,,,,,舟ヶ平,フナガヒラ,,,0,0,0,1,0,0,0,0,1947-04-17,,0,,
442011,0000275,3,大分県,オオイタケン,Oita,,,,大分市,オオイタシ,Oita-shi,,,,,,,,,,舟本,フナモト,,,0,0,0,1,0,0,0,0,1947-04-17,,0,,
442011,0000276,3,大分県,オオイタケン,Oita,,,,大分市,オオイタシ,Oita-shi,,,,,,,,,,住床,スミトコ,,,0,0,0,1,0,0,0,0,1947-04-17,,0,,
442011,0000277,3,大分県,オオイタケン,Oita,,,,大分市,オオイタシ,Oita-shi,,,,,,,,,,十谷,ジュウダニ,,,0,0,0,1,0,0,0,0,1947-04-17,,0,,
442011,0000278,3,大分県,オオイタケン,Oita,,,,大分市,オオイタシ,Oita-shi,,,,,,,,,,十二ノ原,ジュウニノハル,,,0,0,0,1,0,0,0,0,1947-04-17,,0,,
442011,0000279,3,大分県,オオイタケン,Oita,,,,大分市,オオイタシ,Oita-shi,,,,,,,,,,春日浦,カスガウラ,Kasugaura,,0,0,0,1,0,0,0,0,1947-04-17,,0,8700011,
442011,0000280,3,大分県,オオイタケン,Oita,,,,大分市,オオイタシ,Oita-shi,,,,,,,,,,鋤崎,スキザキ,,,0,0,0,1,0,0,0,0,1947-04-17,,0,,
442011,0000281,3,大分県,オオイタケン,Oita,,,,大分市,オオイタシ,Oita-shi,,,,,,,,,,小屋,コヤ,,,0,0,0,1,0,0,0,0,1947-04-17,,0,,
442011,0000282,3,大分県,オオイタケン,Oita,,,,大分市,オオイタシ,Oita-shi,,,,,,,,,,小屋鶴,コヤズル,,,0,0,0,1,0,0,0,0,1947-04-17,,0,,
442011,0000283,3,大分県,オオイタケン,Oita,,,,大分市,オオイタシ,Oita-shi,,,,,,,,,,小岳,コザケ,,,0,0,0,1,0,0,0,0,1947-04-17,,0,,
442011,0000284,3,大分県,オオイタケン,Oita,,,,大分市,オオイタシ,Oita-shi,,,,,,,,,,小原,オハラ,,,0,0,0,1,0,0,0,0,1947-04-17,,0,,
442011,0000285,3,大分県,オオイタケン,Oita,,,,大分市,オオイタシ,Oita-shi,,,,,,,,,,小原団地,コバルダンチ,Kobarudanchi,,0,0,0,1,0,0,0,0,1947-04-17,,0,8701134,
442011,0000286,3,大分県,オオイタケン,Oita,,,,大分市,オオイタシ,Oita-shi,,,,,,,,,,小黒,コグロ,,,0,0,0,1,0,0,0,0,1947-04-17,,0,,
442011,0000287,3,大分県,オオイタケン,Oita,,,,大分市,オオイタシ,Oita-shi,,,,,,,,,,小黒野,オグロノ,,,0,0,0,1,0,0,0,0,1947-04-17,,0,,
442011,0000288,3,大分県,オオイタケン,Oita,,,,大分市,オオイタシ,Oita-shi,,,,,,,,,,小志生木,コジュウキ,,,0,0,0,1,0,0,0,0,1947-04-17,,0,,
442011,0000289,3,大分県,オオイタケン,Oita,,,,大分市,オオイタシ,Oita-shi,,,,,,,,,,小池原,コイケバル,Koikebaru,,0,0,0,1,0,0,0,0,1947-04-17,,0,8700147,
442011,0000290,3,大分県,オオイタケン,Oita,,,,大分市,オオイタシ,Oita-shi,,,,,,,,,,小畑,オバタ,,,0,0,0,1,0,0,0,0,1947-04-17,,0,,
442011,0000291,3,大分県,オオイタケン,Oita,,,,大分市,オオイタシ,Oita-shi,,,,,,,,,,小浜,コハマ,,,0,0,0,1,0,0,0,0,1947-04-17,,0,,
442011,0000292,3,大分県,オオイタケン,Oita,,,,大分市,オオイタシ,Oita-shi,,,,,,,,,,小無田,コムタ,,,0,0,0,1,0,0,0,0,1947-04-17,,0,,
442011,0000293,3,大分県,オオイタケン,Oita,,,,大分市,オオイタシ,Oita-shi,,,,,,,,,,小野,オノ,,,0,0,0,1,0,0,0,0,1947-04-17,,0,,
442011,0000294,3,大分県,オオイタケン,Oita,,,,大分市,オオイタシ,Oita-shi,,,,,,,,,,庄ノ原,ショウノハル,,,0,0,0,1,0,0,0,0,1947-04-17,,0,,
442011,0000295,3,大分県,オオイタケン,Oita,,,,大分市,オオイタシ,Oita-shi,,,,,,,,,,庄屋村,ショウヤムラ,,,0,0,0,1,0,0,0,0,1947-04-17,,0,,
442011,0000296,3,大分県,オオイタケン,Oita,,,,大分市,オオイタシ,Oita-shi,,,,,,,,,,上ノ原,ウエノハル,,,0,0,0,1,0,0,0,0,1947-04-17,,0,,
442011,0000297,3,大分県,オオイタケン,Oita,,,,大分市,オオイタシ,Oita-shi,,,,,,,,,,上ノ坊,ウワノボウ,,,0,0,0,1,0,0,0,0,1947-04-17,,0,,
442011,0000298,3,大分県,オオイタケン,Oita,,,,大分市,オオイタシ,Oita-shi,,,,,,,,,,上り尾,アガリオ,,,0,0,0,1,0,0,0,0,1947-04-17,,0,,
442011,0000299,3,大分県,オオイタケン,Oita,,,,大分市,オオイタシ,Oita-shi,,,,,,,,,,上浦,ウワウラ,,,0,0,0,1,0,0,0,0,1947-04-17,,0,,
442011,0000300,3,大分県,オオイタケン,Oita,,,,大分市,オオイタシ,Oita-shi,,,,,,,,,,上横瀬,カミヨコセ,,,0,0,0,1,0,0,0,0,1947-04-17,,0,,
442011,0000301,3,大分県,オオイタケン,Oita,,,,大分市,オオイタシ,Oita-shi,,,,,,,,,,上寒田,カミソウダ,,,0,0,0,1,0,0,0,0,1947-04-17,,0,,
442011,0000302,3,大分県,オオイタケン,Oita,,,,大分市,オオイタシ,Oita-shi,,,,,,,,,,上久所,カミクジョ,,,0,0,0,1,0,0,0,0,1947-04-17,,0,,
442011,0000303,3,大分県,オオイタケン,Oita,,,,大分市,オオイタシ,Oita-shi,,,,,,,,,,上芹,カミゼリ,,,0,0,0,1,0,0,0,0,1947-04-17,,0,,
442011,0000304,3,大分県,オオイタケン,Oita,,,,大分市,オオイタシ,Oita-shi,,,,,,,,,,上志村,カミシムラ,,,0,0,0,1,0,0,0,0,1947-04-17,,0,,
442011,0000305,3,大分県,オオイタケン,Oita,,,,大分市,オオイタシ,Oita-shi,,,,,,,,,,上春日町,カミカスガマチ,Kamikasugamachi,,0,0,0,1,0,0,0,0,1947-04-17,,0,8700817,
442011,0000306,3,大分県,オオイタケン,Oita,,,,大分市,オオイタシ,Oita-shi,,,,,,,,,,上小野鶴,カミオノヅル,,,0,0,0,1,0,0,0,0,1947-04-17,,0,,
442011,0000307,3,大分県,オオイタケン,Oita,,,,大分市,オオイタシ,Oita-shi,,,,,,,,,,上松岡,カミマツオカ,,,0,0,0,1,0,0,0,0,1947-04-17,,0,,
442011,0000308,3,大分県,オオイタケン,Oita,,,,大分市,オオイタシ,Oita-shi,,,,,,,,,,上石川,カミイシカワ,,,0,0,0,1,0,0,0,0,1947-04-17,,0,,
442011,0000309,3,大分県,オオイタケン,Oita,,,,大分市,オオイタシ,Oita-shi,,,,,,,,,,上大内,カミオオウチ,,,0,0,0,1,0,0,0,0,1947-04-17,,0,,
442011,0000310,3,大分県,オオイタケン,Oita,,,,大分市,オオイタシ,Oita-shi,,,,,,,,,,上田尻,カミタジリ,,,0,0,0,1,0,0,0,0,1947-04-17,,0,,
442011,0000311,3,大分県,オオイタケン,Oita,,,,大分市,オオイタシ,Oita-shi,,,,,,,,,,上冬田,カミフユダ,,,0,0,0,1,0,0,0,0,1947-04-17,,0,,
442011,0000312,3,大分県,オオイタケン,Oita,,,,大分市,オオイタシ,Oita-shi,,,,,,,,,,上徳丸,カミトクマル,,,0,0,0,1,0,0,0,0,1947-04-17,,0,,
442011,0000313,3,大分県,オオイタケン,Oita,,,,大分市,オオイタシ,Oita-shi,,,,,,,,,,上白家,カミシロカ,,,0,0,0,1,0,0,0,0,1947-04-17,,0,,
442011,0000314,3,大分県,オオイタケン,Oita,,,,大分市,オオイタシ,Oita-shi,,,,,,,,,,上八幡,カミヤハタ,Kamiyahata,,0,0,0,1,0,0,0,0,1947-04-17,,0,8700808,
442011,0000315,3,大分県,オオイタケン,Oita,,,,大分市,オオイタシ,Oita-shi,,,,,,,,,,上片面,カミカタメン,,,0,0,0,1,0,0,0,0,1947-04-17,,0,,
442011,0000316,3,大分県,オオイタケン,Oita,,,,大分市,オオイタシ,Oita-shi,,,,,,,,,,城,ジョウ,,,0,0,0,1,0,0,0,0,1947-04-17,,0,,
442011,0000317,3,大分県,オオイタケン,Oita,,,,大分市,オオイタシ,Oita-shi,,,,,,,,,,城ノ腰,ショウノコシ,,,0,0,0,1,0,0,0,0,1947-04-17,,0,,
442011,0000319,3,大分県,オオイタケン,Oita,,,,大分市,オオイタシ,Oita-shi,,,,,,,,,,浄土寺,ジョウドジ,,,0,0,0,1,0,0,0,0,1947-04-17,,0,,
442011,0000320,3,大分県,オオイタケン,Oita,,,,大分市,オオイタシ,Oita-shi,,,,,,,,,,新港,シンミナト,,,0,0,0,1,0,0,0,0,1947-04-17,,0,,
442011,0000322,3,大分県,オオイタケン,Oita,,,,大分市,オオイタシ,Oita-shi,,,,,,,,,,新殿,シンデン,,,0,0,0,1,0,0,0,0,1947-04-17,,0,,
442011,0000323,3,大分県,オオイタケン,Oita,,,,大分市,オオイタシ,Oita-shi,,,,,,,,,,新田,シンデン,,,0,0,0,1,0,0,0,0,1947-04-17,,0,,
442011,0000324,3,大分県,オオイタケン,Oita,,,,大分市,オオイタシ,Oita-shi,,,,,,,,,,森,モリ,Mori,,0,0,0,1,0,0,0,0,1947-04-17,,0,8700128,
442011,0000325,3,大分県,オオイタケン,Oita,,,,大分市,オオイタシ,Oita-shi,,,,,,,,,,森ノ木,モリノキ,,,0,0,0,1,0,0,0,0,1947-04-17,,0,,
442011,0000326,3,大分県,オオイタケン,Oita,,,,大分市,オオイタシ,Oita-shi,,,,,,,,,,深河内,フカガワウチ,Fukagawauchi,,0,0,0,1,0,0,0,0,1947-04-17,,0,8700881,
442011,0000327,3,大分県,オオイタケン,Oita,,,,大分市,オオイタシ,Oita-shi,,,,,,,,,,深追,フカサコ,,,0,0,0,1,0,0,0,0,1947-04-17,,0,,
442011,0000328,3,大分県,オオイタケン,Oita,,,,大分市,オオイタシ,Oita-shi,,,,,,,,,,真萱,マカヤ,,,0,0,0,1,0,0,0,0,1947-04-17,,0,,
442011,0000329,3,大分県,オオイタケン,Oita,,,,大分市,オオイタシ,Oita-shi,,,,,,,,,,神崎,コウザキ,,,0,0,0,1,0,0,0,0,1947-04-17,,0,,
442011,0000330,3,大分県,オオイタケン,Oita,,,,大分市,オオイタシ,Oita-shi,,,,,,,,,,辛幸,カラコウ,,,0,0,0,1,0,0,0,0,1947-04-17,,0,,
442011,0000331,3,大分県,オオイタケン,Oita,,,,大分市,オオイタシ,Oita-shi,,,,,,,,,,仁田原,ニタノハル,,,0,0,0,1,0,0,0,0,1947-04-17,,0,,
442011,0000332,3,大分県,オオイタケン,Oita,,,,大分市,オオイタシ,Oita-shi,,,,,,,,,,杉原,スギバル,Sugibaru,,0,0,0,1,0,0,0,0,1947-04-17,,0,8797882,
442011,0000333,3,大分県,オオイタケン,Oita,,,,大分市,オオイタシ,Oita-shi,,,,,,,,,,摺,スイ,,,0,0,0,3,0,6174,0,0,1947-04-17,,0,,
442011,0000334,3,大分県,オオイタケン,Oita,,,,大分市,オオイタシ,Oita-shi,,,,,,,,,,成松,ナリマツ,,,0,0,0,1,0,0,0,0,1947-04-17,,0,,
442011,0000335,3,大分県,オオイタケン,Oita,,,,大分市,オオイタシ,Oita-shi,,,,,,,,,,西原,ニシバル,,,0,0,0,1,0,0,0,0,1947-04-17,,0,,
442011,0000336,3,大分県,オオイタケン,Oita,,,,大分市,オオイタシ,Oita-shi,,,,,,,,,,西受,ニシウケ,,,0,0,0,1,0,0,0,0,1947-04-17,,0,,
442011,0000337,3,大分県,オオイタケン,Oita,,,,大分市,オオイタシ,Oita-shi,,,,,,,,,,西上,ニシカミ,,,0,0,0,1,0,0,0,0,1947-04-17,,0,,
442011,0000338,3,大分県,オオイタケン,Oita,,,,大分市,オオイタシ,Oita-shi,,,,,,,,,,西上原,ニシウエノハル,,,0,0,0,1,0,0,0,0,1947-04-17,,0,,
442011,0000339,3,大分県,オオイタケン,Oita,,,,大分市,オオイタシ,Oita-shi,,,,,,,,,,西新川,ニシシンカワ,,,0,0,0,1,0,0,0,0,1947-04-17,,0,,
442011,0000340,3,大分県,オオイタケン,Oita,,,,大分市,オオイタシ,Oita-shi,,,,,,,,,,西川内,ニシカワウチ,,,0,0,0,1,0,0,0,0,1947-04-17,,0,,
442011,0000341,3,大分県,オオイタケン,Oita,,,,大分市,オオイタシ,Oita-shi,,,,,,,,,,西谷,ニシダニ,,,0,0,0,1,0,0,0,0,1947-04-17,,0,,
442011,0000342,3,大分県,オオイタケン,Oita,,,,大分市,オオイタシ,Oita-shi,,,,,,,,,,西町,ニシマチ,,,0,0,0,1,0,0,0,0,1947-04-17,,0,,
442011,0000343,3,大分県,オオイタケン,Oita,,,,大分市,オオイタシ,Oita-shi,,,,,,,,,,誓願寺,セイガンジ,,,0,0,0,1,0,0,0,0,1947-04-17,,0,,
442011,0000344,3,大分県,オオイタケン,Oita,,,,大分市,オオイタシ,Oita-shi,,,,,,,,,,青石,アオイシ,,,0,0,0,1,0,0,0,0,1947-04-17,,0,,
442011,0000345,3,大分県,オオイタケン,Oita,,,,大分市,オオイタシ,Oita-shi,,,,,,,,,,石合,イシアイ,,,0,0,0,1,0,0,0,0,1947-04-17,,0,,
442011,0000346,3,大分県,オオイタケン,Oita,,,,大分市,オオイタシ,Oita-shi,,,,,,,,,,石合原,イシアイバル,,,0,0,0,1,0,0,0,0,1947-04-17,,0,,
442011,0000347,3,大分県,オオイタケン,Oita,,,,大分市,オオイタシ,Oita-shi,,,,,,,,,,石川,イシカワ,,,0,0,0,1,0,0,0,0,1947-04-17,,0,,
442011,0000348,3,大分県,オオイタケン,Oita,,,,大分市,オオイタシ,Oita-shi,,,,,,,,,,石川野,イシカワノ,,,0,0,0,1,0,0,0,0,1947-04-17,,0,,
442011,0000349,3,大分県,オオイタケン,Oita,,,,大分市,オオイタシ,Oita-shi,,,,,,,,,,石塚,イシツカ,,,0,0,0,1,0,0,0,0,1947-04-17,,0,,
442011,0000350,3,大分県,オオイタケン,Oita,,,,大分市,オオイタシ,Oita-shi,,,,,,,,,,赤井,アカイ,,,0,0,0,1,0,0,0,0,1947-04-17,,0,,
442011,0000351,3,大分県,オオイタケン,Oita,,,,大分市,オオイタシ,Oita-shi,,,,,,,,,,赤仁田,アカンタ,,,0,0,0,1,0,0,0,0,1947-04-17,,0,,
442011,0000352,3,大分県,オオイタケン,Oita,,,,大分市,オオイタシ,Oita-shi,,,,,,,,,,折立,オリタテ,,,0,0,0,1,0,0,0,0,1947-04-17,,0,,
442011,0000353,3,大分県,オオイタケン,Oita,,,,大分市,オオイタシ,Oita-shi,,,,,,,,,,川原,カワバル,,,0,0,0,1,0,0,0,0,1947-04-17,,0,,
442011,0000354,3,大分県,オオイタケン,Oita,,,,大分市,オオイタシ,Oita-shi,,,,,,,,,,川床,カワトコ,,,0,0,0,1,0,0,0,0,1947-04-17,,0,,
442011,0000355,3,大分県,オオイタケン,Oita,,,,大分市,オオイタシ,Oita-shi,,,,,,,,,,川地,カワチ,,,0,0,0,1,0,0,0,0,1947-04-17,,0,,
442011,0000356,3,大分県,オオイタケン,Oita,,,,大分市,オオイタシ,Oita-shi,,,,,,,,,,川南,カワミナミ,,,0,0,0,1,0,0,0,0,1947-04-17,,0,,
442011,0000357,3,大分県,オオイタケン,Oita,,,,大分市,オオイタシ,Oita-shi,,,,,,,,,,前田,マエダ,,,0,0,0,1,0,0,0,0,1947-04-17,,0,,
442011,0000358,3,大分県,オオイタケン,Oita,,,,大分市,オオイタシ,Oita-shi,,,,,,,,,,善福寺,ゼンプクジ,,,0,0,0,1,0,0,0,0,1947-04-17,,0,,
442011,0000359,3,大分県,オオイタケン,Oita,,,,大分市,オオイタシ,Oita-shi,,,,,,,,,,双石,ナメシ,,,0,0,0,1,0,0,0,0,1947-04-17,,0,,
442011,0000360,3,大分県,オオイタケン,Oita,,,,大分市,オオイタシ,Oita-shi,,,,,,,,,,倉本,クラモト,,,0,0,0,1,0,0,0,0,1947-04-17,,0,,
442011,0000361,3,大分県,オオイタケン,Oita,,,,大分市,オオイタシ,Oita-shi,,,,,,,,,,相浜,アイハマ,,,0,0,0,1,0,0,0,0,1947-04-17,,0,,
442011,0000362,3,大分県,オオイタケン,Oita,,,,大分市,オオイタシ,Oita-shi,,,,,,,,,,太田,オオタ,Ota,,0,0,0,1,0,0,0,0,1947-04-17,,0,8701214,
442011,0000363,3,大分県,オオイタケン,Oita,,,,大分市,オオイタシ,Oita-shi,,,,,,,,,,太平町,タイヘイマチ,Taiheimachi,,0,0,0,1,0,0,0,0,1947-04-17,,0,8700837,
442011,0000364,3,大分県,オオイタケン,Oita,,,,大分市,オオイタシ,Oita-shi,,,,,,,,,,大久保,オオクボ,Okubo,,0,0,0,1,0,0,0,0,1947-04-17,,0,8700806,
442011,0000365,3,大分県,オオイタケン,Oita,,,,大分市,オオイタシ,Oita-shi,,,,,,,,,,大興寺,ダイコウジ,,,0,0,0,1,0,0,0,0,1947-04-17,,0,,
442011,0000366,3,大分県,オオイタケン,Oita,,,,大分市,オオイタシ,Oita-shi,,,,,,,,,,大原,オオハラ,,,0,0,0,1,0,0,0,0,1947-04-17,,0,,
442011,0000367,3,大分県,オオイタケン,Oita,,,,大分市,オオイタシ,Oita-shi,,,,,,,,,,大黒,オオグロ,,,0,0,0,1,0,0,0,0,1947-04-17,,0,,
442011,0000368,3,大分県,オオイタケン,Oita,,,,大分市,オオイタシ,Oita-shi,,,,,,,,,,大志生木,ダイジュウキ,,,0,0,0,1,0,0,0,0,1947-04-17,,0,,
442011,0000369,3,大分県,オオイタケン,Oita,,,,大分市,オオイタシ,Oita-shi,,,,,,,,,,大石町,オオイシマチ,Oishimachi,,0,0,0,1,0,0,0,0,1947-04-17,,0,8700851,
442011,0000370,3,大分県,オオイタケン,Oita,,,,大分市,オオイタシ,Oita-shi,,,,,,,,,,大津,オオツ,,,0,0,0,1,0,0,0,0,1947-04-17,,0,,
442011,0000371,3,大分県,オオイタケン,Oita,,,,大分市,オオイタシ,Oita-shi,,,,,,,,,,大塔,オオト,,,0,0,0,1,0,0,0,0,1947-04-17,,0,,
442011,0000372,3,大分県,オオイタケン,Oita,,,,大分市,オオイタシ,Oita-shi,,,,,,,,,,大迫,オオサコ,,,0,0,0,1,0,0,0,0,1947-04-17,,0,,
442011,0000373,3,大分県,オオイタケン,Oita,,,,大分市,オオイタシ,Oita-shi,,,,,,,,,,大舞,オオマイ,,,0,0,0,1,0,0,0,0,1947-04-17,,0,,
442011,0000374,3,大分県,オオイタケン,Oita,,,,大分市,オオイタシ,Oita-shi,,,,,,,,,,大柳,オオヤナギ,,,0,0,0,1,0,0,0,0,1947-04-17,,0,,
442011,0000375,3,大分県,オオイタケン,Oita,,,,大分市,オオイタシ,Oita-shi,,,,,,,,,,辰口,タツグチ,,,0,0,0,1,0,0,0,0,1947-04-17,,0,,
442011,0000376,3,大分県,オオイタケン,Oita,,,,大分市,オオイタシ,Oita-shi,,,,,,,,,,谷,タニ,,,0,0,0,1,0,0,0,0,1947-04-17,,0,,
442011,0000377,3,大分県,オオイタケン,Oita,,,,大分市,オオイタシ,Oita-shi,,,,,,,,,,丹生山,ニブヤマ,,,0,0,0,1,0,0,0,0,1947-04-17,,0,,
442011,0000378,3,大分県,オオイタケン,Oita,,,,大分市,オオイタシ,Oita-shi,,,,,,,,,,旦野原,ダンノハル,Dannoharu,,0,0,0,1,0,0,0,0,1947-04-17,,0,8701124,
442011,0000379,3,大分県,オオイタケン,Oita,,,,大分市,オオイタシ,Oita-shi,,,,,,,,,,旦野原ハイツ,ダンノハルハイツ,,,0,0,0,1,0,0,0,0,1947-04-17,,0,,
442011,0000380,3,大分県,オオイタケン,Oita,,,,大分市,オオイタシ,Oita-shi,,,,,,,,,,湛水,タマリミズ,,,0,0,0,1,0,0,0,0,1947-04-17,,0,,
442011,0000381,3,大分県,オオイタケン,Oita,,,,大分市,オオイタシ,Oita-shi,,,,,,,,,,鍛冶屋,カジヤ,,,0,0,0,1,0,0,0,0,1947-04-17,,0,,
442011,0000382,3,大分県,オオイタケン,Oita,,,,大分市,オオイタシ,Oita-shi,,,,,,,,,,地吉,ジヨシ,,,0,0,0,1,0,0,0,0,1947-04-17,,0,,
442011,0000383,3,大分県,オオイタケン,Oita,,,,大分市,オオイタシ,Oita-shi,,,,,,,,,,池ノ上,イケノウエ,,,0,0,0,1,0,0,0,0,1947-04-17,,0,,
442011,0000384,3,大分県,オオイタケン,Oita,,,,大分市,オオイタシ,Oita-shi,,,,,,,,,,池ノ平,イケノヒラ,,,0,0,0,1,0,0,0,0,1947-04-17,,0,,
442011,0000385,3,大分県,オオイタケン,Oita,,,,大分市,オオイタシ,Oita-shi,,,,,,,,,,竹の内,タケノウチ,,,0,0,0,1,0,0,0,0,1947-04-17,,0,,
442011,0000386,3,大分県,オオイタケン,Oita,,,,大分市,オオイタシ,Oita-shi,,,,,,,,,,茶屋場,チヤバ,,,0,0,0,1,0,0,0,0,1947-04-17,,0,,
442011,0000387,3,大分県,オオイタケン,Oita,,,,大分市,オオイタシ,Oita-shi,,,,,,,,,,中ノ原,ナカノハル,,,0,0,0,1,0,0,0,0,1947-04-17,,0,,
442011,0000388,3,大分県,オオイタケン,Oita,,,,大分市,オオイタシ,Oita-shi,,,,,,,,,,中苑,ナカゾノ,,,0,0,0,1,0,0,0,0,1947-04-17,,0,,
442011,0000389,3,大分県,オオイタケン,Oita,,,,大分市,オオイタシ,Oita-shi,,,,,,,,,,中間,ナカマ,,,0,0,0,1,0,0,0,0,1947-04-17,,0,,
442011,0000390,3,大分県,オオイタケン,Oita,,,,大分市,オオイタシ,Oita-shi,,,,,,,,,,中原,ナカバル,,,0,0,0,1,0,0,0,0,1947-04-17,,0,,
442011,0000391,3,大分県,オオイタケン,Oita,,,,大分市,オオイタシ,Oita-shi,,,,,,,,,,中山団地,ナカヤマダンチ,,,0,0,0,1,0,0,0,0,1947-04-17,,0,,
442011,0000392,3,大分県,オオイタケン,Oita,,,,大分市,オオイタシ,Oita-shi,,,,,,,,,,中村,ナカムラ,,,0,0,0,1,0,0,0,0,1947-04-17,,0,,
442011,0000393,3,大分県,オオイタケン,Oita,,,,大分市,オオイタシ,Oita-shi,,,,,,,,,,中谷,ナカダニ,,,0,0,0,1,0,0,0,0,1947-04-17,,0,,
442011,0000394,3,大分県,オオイタケン,Oita,,,,大分市,オオイタシ,Oita-shi,,,,,,,,,,中竹中,ナカタケナカ,,,0,0,0,1,0,0,0,0,1947-04-17,,0,,
442011,0000395,3,大分県,オオイタケン,Oita,,,,大分市,オオイタシ,Oita-shi,,,,,,,,,,中津留,ナカヅル,Nakazuru,,0,0,0,1,0,0,0,0,1947-04-17,,0,8700939,
442011,0000396,3,大分県,オオイタケン,Oita,,,,大分市,オオイタシ,Oita-shi,,,,,,,,,,中冬田,ナカフユダ,,,0,0,0,1,0,0,0,0,1947-04-17,,0,,
442011,0000397,3,大分県,オオイタケン,Oita,,,,大分市,オオイタシ,Oita-shi,,,,,,,,,,中島,ナカシマ,,,0,0,0,1,0,0,0,0,1947-04-17,,0,,
442011,0000398,3,大分県,オオイタケン,Oita,,,,大分市,オオイタシ,Oita-shi,,,,,,,,,,中畑,ナカハタ,,,0,0,0,1,0,0,0,0,1947-04-17,,0,,
442011,0000399,3,大分県,オオイタケン,Oita,,,,大分市,オオイタシ,Oita-shi,,,,,,,,,,中尾,ナカオ,Nakao,,0,0,0,1,0,0,0,0,1947-04-17,,0,8700862,
442011,0000400,3,大分県,オオイタケン,Oita,,,,大分市,オオイタシ,Oita-shi,,,,,,,,,,中無礼,ナカムレ,,,0,0,0,1,0,0,0,0,1947-04-17,,0,,
442011,0000401,3,大分県,オオイタケン,Oita,,,,大分市,オオイタシ,Oita-shi,,,,,,,,,,中野,ナカノ,,,0,0,0,1,0,0,0,0,1947-04-17,,0,,
442011,0000402,3,大分県,オオイタケン,Oita,,,,大分市,オオイタシ,Oita-shi,,,,,,,,,,仲村,ナカムラ,,,0,0,0,1,0,0,0,0,1947-04-17,,0,,
442011,0000403,3,大分県,オオイタケン,Oita,,,,大分市,オオイタシ,Oita-shi,,,,,,,,,,猪野,イノ,Ino,,0,0,0,1,0,0,0,0,1947-04-17,,0,8700134,
442011,0000404,3,大分県,オオイタケン,Oita,,,,大分市,オオイタシ,Oita-shi,,,,,,,,,,朝海,チョウカイ,,,0,0,0,1,0,0,0,0,1947-04-17,,0,,
442011,0000405,3,大分県,オオイタケン,Oita,,,,大分市,オオイタシ,Oita-shi,,,,,,,,,,潮音寺,チョウオンジ,,,0,0,0,1,0,0,0,0,1947-04-17,,0,,
442011,0000406,3,大分県,オオイタケン,Oita,,,,大分市,オオイタシ,Oita-shi,,,,,,,,,,長井野,ナガイノ,,,0,0,0,1,0,0,0,0,1947-04-17,,0,,
442011,0000407,3,大分県,オオイタケン,Oita,,,,大分市,オオイタシ,Oita-shi,,,,,,,,,,長谷町,ナガタニマチ,Nagatanimachi,,0,0,0,1,0,0,0,0,1947-04-17,,0,8700929,
442011,0000408,3,大分県,オオイタケン,Oita,,,,大分市,オオイタシ,Oita-shi,,,,,,,,,,長畑,ナガバタケ,,,0,0,0,1,0,0,0,0,1947-04-17,,0,,
442011,0000409,3,大分県,オオイタケン,Oita,,,,大分市,オオイタシ,Oita-shi,,,,,,,,,,長尾台,ナガオダイ,,,0,0,0,1,0,0,0,0,1947-04-17,,0,,
442011,0000410,3,大分県,オオイタケン,Oita,,,,大分市,オオイタシ,Oita-shi,,,,,,,,,,鳥巣,トリス,,,0,0,0,1,0,0,0,0,1947-04-17,,0,,
442011,0000411,3,大分県,オオイタケン,Oita,,,,大分市,オオイタシ,Oita-shi,,,,,,,,,,津守,ツモリ,Tsumori,,0,0,0,1,0,0,0,0,1947-04-17,,0,8700945,
442011,0000412,3,大分県,オオイタケン,Oita,,,,大分市,オオイタシ,Oita-shi,,,,,,,,,,椎迫,シイザコ,Shiizako,,0,0,0,1,0,0,0,0,1947-04-17,,0,8700829,
442011,0000413,3,大分県,オオイタケン,Oita,,,,大分市,オオイタシ,Oita-shi,,,,,,,,,,塚野,ツカノ,,,0,0,0,1,0,0,0,0,1947-04-17,,0,,
442011,0000414,3,大分県,オオイタケン,Oita,,,,大分市,オオイタシ,Oita-shi,,,,,,,,,,辻,ツジ,Tsuji,,0,0,0,1,0,0,0,0,1947-04-17,,0,8797871,
442011,0000415,3,大分県,オオイタケン,Oita,,,,大分市,オオイタシ,Oita-shi,,,,,,,,,,辻原,ツジハル,Tsujiharu,,0,0,0,1,0,0,0,0,1947-04-17,,0,8701204,
442011,0000416,3,大分県,オオイタケン,Oita,,,,大分市,オオイタシ,Oita-shi,,,,,,,,,,鶴迫,ツルサコ,,,0,0,0,1,0,0,0,0,1947-04-17,,0,,
442011,0000417,3,大分県,オオイタケン,Oita,,,,大分市,オオイタシ,Oita-shi,,,,,,,,,,碇尾,イカリオ,,,0,0,0,1,0,0,0,0,1947-04-17,,0,,
442011,0000418,3,大分県,オオイタケン,Oita,,,,大分市,オオイタシ,Oita-shi,,,,,,,,,,的場,マトバ,,,0,0,0,1,0,0,0,0,1947-04-17,,0,,
442011,0000419,3,大分県,オオイタケン,Oita,,,,大分市,オオイタシ,Oita-shi,,,,,,,,,,天神原,テンジンバル,,,0,0,0,1,0,0,0,0,1947-04-17,,0,,
442011,0000420,3,大分県,オオイタケン,Oita,,,,大分市,オオイタシ,Oita-shi,,,,,,,,,,田ノ浦,タノウラ,Tanora,,0,0,0,1,0,0,0,0,1947-04-17,,0,8700802,
442011,0000421,3,大分県,オオイタケン,Oita,,,,大分市,オオイタシ,Oita-shi,,,,,,,,,,田ノ口,タノクチ,,,0,0,0,1,0,0,0,0,1947-04-17,,0,,
442011,0000422,3,大分県,オオイタケン,Oita,,,,大分市,オオイタシ,Oita-shi,,,,,,,,,,田原,タバル,Tabaru,,0,0,0,1,0,0,0,0,1947-04-17,,0,8701154,
442011,0000423,3,大分県,オオイタケン,Oita,,,,大分市,オオイタシ,Oita-shi,,,,,,,,,,田尻,タジリ,Tajiri,,0,0,0,1,0,0,0,0,1947-04-17,,0,8701143,
442011,0000424,3,大分県,オオイタケン,Oita,,,,大分市,オオイタシ,Oita-shi,,,,,,,,,,田吹,タブキ,,,0,0,0,1,0,0,0,0,1947-04-17,,0,,
442011,0000425,3,大分県,オオイタケン,Oita,,,,大分市,オオイタシ,Oita-shi,,,,,,,,,,田中,タナカ,Tanakamachi,,0,0,0,1,0,0,0,0,1947-04-17,,0,8700852,
442011,0000426,3,大分県,オオイタケン,Oita,,,,大分市,オオイタシ,Oita-shi,,,,,,,,,,田島,タシマ,,,0,0,0,1,0,0,0,0,1947-04-17,,0,,
442011,0000427,3,大分県,オオイタケン,Oita,,,,大分市,オオイタシ,Oita-shi,,,,,,,,,,田之浦,タノウラ,Tanora,,0,0,0,1,0,0,0,0,1947-04-17,,0,8700802,
442011,0000428,3,大分県,オオイタケン,Oita,,,,大分市,オオイタシ,Oita-shi,,,,,,,,,,田尾,タオ,,,0,0,0,1,0,0,0,0,1947-04-17,,0,,
442011,0000429,3,大分県,オオイタケン,Oita,,,,大分市,オオイタシ,Oita-shi,,,,,,,,,,斗代,トダイ,,,0,0,0,1,0,0,0,0,1947-04-17,,0,,
442011,0000430,3,大分県,オオイタケン,Oita,,,,大分市,オオイタシ,Oita-shi,,,,,,,,,,土取,ツチトリ,,,0,0,0,1,0,0,0,0,1947-04-17,,0,,
442011,0000431,3,大分県,オオイタケン,Oita,,,,大分市,オオイタシ,Oita-shi,,,,,,,,,,島,シマ,,,0,0,0,1,0,0,0,0,1947-04-17,,0,,
442011,0000432,3,大分県,オオイタケン,Oita,,,,大分市,オオイタシ,Oita-shi,,,,,,,,,,東原,ヒガシバル,Higashibaru,,0,0,0,1,0,0,0,0,1947-04-17,,0,8700150,
442011,0000433,3,大分県,オオイタケン,Oita,,,,大分市,オオイタシ,Oita-shi,,,,,,,,,,東上原,ヒガシウエノハル,,,0,0,0,1,0,0,0,0,1947-04-17,,0,,
442011,0000434,3,大分県,オオイタケン,Oita,,,,大分市,オオイタシ,Oita-shi,,,,,,,,,,東上野西部,ヒガシウエノセイブ,,,0,0,0,1,0,0,0,0,1947-04-17,,0,,
442011,0000435,3,大分県,オオイタケン,Oita,,,,大分市,オオイタシ,Oita-shi,,,,,,,,,,東上野中央,ヒガシウエノチュウオウ,,,0,0,0,1,0,0,0,0,1947-04-17,,0,,
442011,0000436,3,大分県,オオイタケン,Oita,,,,大分市,オオイタシ,Oita-shi,,,,,,,,,,東上野東部,ヒガシウエノトウブ,,,0,0,0,1,0,0,0,0,1947-04-17,,0,,
442011,0000437,3,大分県,オオイタケン,Oita,,,,大分市,オオイタシ,Oita-shi,,,,,,,,,,東新川,ヒガシシンカワ,,,0,0,0,1,0,0,0,0,1947-04-17,,0,,
442011,0000438,3,大分県,オオイタケン,Oita,,,,大分市,オオイタシ,Oita-shi,,,,,,,,,,東谷,ヒガシダニ,,,0,0,0,1,0,0,0,0,1947-04-17,,0,,
442011,0000439,3,大分県,オオイタケン,Oita,,,,大分市,オオイタシ,Oita-shi,,,,,,,,,,東津留,ヒガシヅル,Higashizuru,,0,0,0,1,0,0,0,0,1947-04-17,,0,8700934,
442011,0000440,3,大分県,オオイタケン,Oita,,,,大分市,オオイタシ,Oita-shi,,,,,,,,,,東八幡,ヒガシヤハタ,Higashiyahata,,0,0,0,1,0,0,0,0,1947-04-17,,0,8700871,
442011,0000441,3,大分県,オオイタケン,Oita,,,,大分市,オオイタシ,Oita-shi,,,,,,,,,,筒井,ツツイ,,,0,0,0,1,0,0,0,0,1947-04-17,,0,,
442011,0000442,3,大分県,オオイタケン,Oita,,,,大分市,オオイタシ,Oita-shi,,,,,,,,,,藤肋,トウスケ,,,0,0,0,1,0,0,0,0,1947-04-17,,0,,
442011,0000443,3,大分県,オオイタケン,Oita,,,,大分市,オオイタシ,Oita-shi,,,,,,,,,,堂園,ドウゾノ,,,0,0,0,1,0,0,0,0,1947-04-17,,0,,
442011,0000444,3,大分県,オオイタケン,Oita,,,,大分市,オオイタシ,Oita-shi,,,,,,,,,,堂久保,ドウクボ,,,0,0,0,1,0,0,0,0,1947-04-17,,0,,
442011,0000445,3,大分県,オオイタケン,Oita,,,,大分市,オオイタシ,Oita-shi,,,,,,,,,,道尻,ドウジリ,,,0,0,0,1,0,0,0,0,1947-04-17,,0,,
442011,0000446,3,大分県,オオイタケン,Oita,,,,大分市,オオイタシ,Oita-shi,,,,,,,,,,峠,トウゲ,,,0,0,0,1,0,0,0,0,1947-04-17,,0,,
442011,0000447,3,大分県,オオイタケン,Oita,,,,大分市,オオイタシ,Oita-shi,,,,,,,,,,徳ノ尾,トクノオ,,,0,0,0,1,0,0,0,0,1947-04-17,,0,,
442011,0000448,3,大分県,オオイタケン,Oita,,,,大分市,オオイタシ,Oita-shi,,,,,,,,,,徳平,トクビラ,,,0,0,0,1,0,0,0,0,1947-04-17,,0,,
442011,0000449,3,大分県,オオイタケン,Oita,,,,大分市,オオイタシ,Oita-shi,,,,,,,,,,奈良原,ナラバル,,,0,0,0,1,0,0,0,0,1947-04-17,,0,,
442011,0000450,3,大分県,オオイタケン,Oita,,,,大分市,オオイタシ,Oita-shi,,,,,,,,,,那知梛,ナツナゲ,,,0,0,0,1,0,0,0,0,1947-04-17,,0,,
442011,0000451,3,大分県,オオイタケン,Oita,,,,大分市,オオイタシ,Oita-shi,,,,,,,,,,内稙田,ウチワサダ,,,0,0,0,1,0,0,0,0,1947-04-17,,0,,
442011,0000452,3,大分県,オオイタケン,Oita,,,,大分市,オオイタシ,Oita-shi,,,,,,,,,,南生石,ミナミイクシ,,,0,0,0,1,0,0,0,0,1947-04-17,,0,,
442011,0000453,3,大分県,オオイタケン,Oita,,,,大分市,オオイタシ,Oita-shi,,,,,,,,,,楠木生,クスギユウ,,,0,0,0,1,0,0,0,0,1947-04-17,,0,,
442011,0000454,3,大分県,オオイタケン,Oita,,,,大分市,オオイタシ,Oita-shi,,,,,,,,,,二目川,フタメガワ,,,0,0,0,1,0,0,0,0,1947-04-17,,0,,
442011,0000455,3,大分県,オオイタケン,Oita,,,,大分市,オオイタシ,Oita-shi,,,,,,,,,,尼ヶ瀬,アマガセ,,,0,0,0,1,0,0,0,0,1947-04-17,,0,,
442011,0000456,3,大分県,オオイタケン,Oita,,,,大分市,オオイタシ,Oita-shi,,,,,,,,,,日平,ヒビラ,,,0,0,0,1,0,0,0,0,1947-04-17,,0,,
442011,0000457,3,大分県,オオイタケン,Oita,,,,大分市,オオイタシ,Oita-shi,,,,,,,,,,日方,ヒカタ,,,0,0,0,1,0,0,0,0,1947-04-17,,0,,
442011,0000458,3,大分県,オオイタケン,Oita,,,,大分市,オオイタシ,Oita-shi,,,,,,,,,,馬メ,マジメ,,,0,0,0,1,0,0,0,0,1947-04-17,,0,,
442011,0000459,3,大分県,オオイタケン,Oita,,,,大分市,オオイタシ,Oita-shi,,,,,,,,,,馬場,ババ,Baba,,0,0,0,1,0,0,0,0,1947-04-17,,0,8792112,
442011,0000460,3,大分県,オオイタケン,Oita,,,,大分市,オオイタシ,Oita-shi,,,,,,,,,,馬場下,ババシタ,,,0,0,0,1,0,0,0,0,1947-04-17,,0,,
442011,0000461,3,大分県,オオイタケン,Oita,,,,大分市,オオイタシ,Oita-shi,,,,,,,,,,馬場上,ババウエ,,,0,0,0,1,0,0,0,0,1947-04-17,,0,,
442011,0000462,3,大分県,オオイタケン,Oita,,,,大分市,オオイタシ,Oita-shi,,,,,,,,,,梅が丘ニュータウン,ウメガオカニュータウン,,,0,0,0,1,0,0,0,0,1947-04-17,,0,,
442011,0000463,3,大分県,オオイタケン,Oita,,,,大分市,オオイタシ,Oita-shi,,,,,,,,,,萩尾,ハギオ,Hagio,,0,0,0,1,0,0,0,0,1947-04-17,,0,8797883,
442011,0000464,3,大分県,オオイタケン,Oita,,,,大分市,オオイタシ,Oita-shi,,,,,,,,,,白木奥,シラキオク,,,0,0,0,1,0,0,0,0,1947-04-17,,0,,
442011,0000465,3,大分県,オオイタケン,Oita,,,,大分市,オオイタシ,Oita-shi,,,,,,,,,,白木浜,シラキハマ,,,0,0,0,1,0,0,0,0,1947-04-17,,0,,
442011,0000466,3,大分県,オオイタケン,Oita,,,,大分市,オオイタシ,Oita-shi,,,,,,,,,,迫,サコ,Sako,,0,0,0,1,0,0,0,0,1947-04-17,,0,8700272,
442011,0000467,3,大分県,オオイタケン,Oita,,,,大分市,オオイタシ,Oita-shi,,,,,,,,,,迫ノ谷,サコノタニ,,,0,0,0,1,0,0,0,0,1947-04-17,,0,,
442011,0000468,3,大分県,オオイタケン,Oita,,,,大分市,オオイタシ,Oita-shi,,,,,,,,,,迫阿蘇入,サコアソイリ,,,0,0,0,1,0,0,0,0,1947-04-17,,0,,
442011,0000469,3,大分県,オオイタケン,Oita,,,,大分市,オオイタシ,Oita-shi,,,,,,,,,,迫谷,サコタニ,,,0,0,0,1,0,0,0,0,1947-04-17,,0,,
442011,0000470,3,大分県,オオイタケン,Oita,,,,大分市,オオイタシ,Oita-shi,,,,,,,,,,畑,ハタケ,,,0,0,0,1,0,0,0,0,1947-04-17,,0,,
442011,0000471,3,大分県,オオイタケン,Oita,,,,大分市,オオイタシ,Oita-shi,,,,,,,,,,畑分,ハタワケ,,,0,0,0,1,0,0,0,0,1947-04-17,,0,,
442011,0000472,3,大分県,オオイタケン,Oita,,,,大分市,オオイタシ,Oita-shi,,,,,,,,,,八万田,ハチマンダ,,,0,0,0,1,0,0,0,0,1947-04-17,,0,,
442011,0000473,3,大分県,オオイタケン,Oita,,,,大分市,オオイタシ,Oita-shi,,,,,,,,,,八木合,ハケアイ,,,0,0,0,1,0,0,0,0,1947-04-17,,0,,
442011,0000474,3,大分県,オオイタケン,Oita,,,,大分市,オオイタシ,Oita-shi,,,,,,,,,,板山,イタヤマ,,,0,0,0,1,0,0,0,0,1947-04-17,,0,,
442011,0000475,3,大分県,オオイタケン,Oita,,,,大分市,オオイタシ,Oita-shi,,,,,,,,,,盤若寺,ハンニヤジ,,,0,0,0,1,0,0,0,0,1947-04-17,,0,,
442011,0000476,3,大分県,オオイタケン,Oita,,,,大分市,オオイタシ,Oita-shi,,,,,,,,,,備後,ビゴ,,,0,0,0,1,0,0,0,0,1947-04-17,,0,,
442011,0000477,3,大分県,オオイタケン,Oita,,,,大分市,オオイタシ,Oita-shi,,,,,,,,,,尾原,オバル,,,0,0,0,1,0,0,0,0,1947-04-17,,0,,
442011,0000478,3,大分県,オオイタケン,Oita,,,,大分市,オオイタシ,Oita-shi,,,,,,,,,,尾崎,オサキ,,,0,0,0,1,0,0,0,0,1947-04-17,,0,,
442011,0000479,3,大分県,オオイタケン,Oita,,,,大分市,オオイタシ,Oita-shi,,,,,,,,,,尾津留,オヅル,,,0,0,0,1,0,0,0,0,1947-04-17,,0,,
442011,0000480,3,大分県,オオイタケン,Oita,,,,大分市,オオイタシ,Oita-shi,,,,,,,,,,尾田,オダ,,,0,0,0,1,0,0,0,0,1947-04-17,,0,,
442011,0000481,3,大分県,オオイタケン,Oita,,,,大分市,オオイタシ,Oita-shi,,,,,,,,,,尾迫,オサコ,,,0,0,0,1,0,0,0,0,1947-04-17,,0,,
442011,0000482,3,大分県,オオイタケン,Oita,,,,大分市,オオイタシ,Oita-shi,,,,,,,,,,美し野,ウツクシノ,,,0,0,0,1,0,0,0,0,1947-04-17,,0,,
442011,0000483,3,大分県,オオイタケン,Oita,,,,大分市,オオイタシ,Oita-shi,,,,,,,,,,百木,モモギ,,,0,0,0,1,0,0,0,0,1947-04-17,,0,,
442011,0000484,3,大分県,オオイタケン,Oita,,,,大分市,オオイタシ,Oita-shi,,,,,,,,,,浜,ハマ,,,0,0,0,1,0,0,0,0,1947-04-17,,0,,
442011,0000485,3,大分県,オオイタケン,Oita,,,,大分市,オオイタシ,Oita-shi,,,,,,,,,,浜町東,ハママチヒガシ,Hamamachi Higashi,,0,0,0,1,0,0,0,0,1947-04-17,,0,8700013,
442011,0000486,3,大分県,オオイタケン,Oita,,,,大分市,オオイタシ,Oita-shi,,,,,,,,,,浜町北,ハママチキタ,Hamamachi Kita,,0,0,0,1,0,0,0,0,1947-04-17,,0,8700012,
442011,0000487,3,大分県,オオイタケン,Oita,,,,大分市,オオイタシ,Oita-shi,,,,,,,,,,富永,トミナガ,,,0,0,0,1,0,0,0,0,1947-04-17,,0,,
442011,0000488,3,大分県,オオイタケン,Oita,,,,大分市,オオイタシ,Oita-shi,,,,,,,,,,富岡,トミオカ,Tomioka,,0,0,0,1,0,0,0,0,1947-04-17,,0,8700947,
442011,0000489,3,大分県,オオイタケン,Oita,,,,大分市,オオイタシ,Oita-shi,,,,,,,,,,敷戸,シキド,Shikido,,0,0,0,1,0,0,0,0,1947-04-17,,0,8701122,
442011,0000490,3,大分県,オオイタケン,Oita,,,,大分市,オオイタシ,Oita-shi,,,,,,,,,,福宗,フクムネ,Fukumune,,0,0,0,1,0,0,0,0,1947-04-17,,0,8701205,
442011,0000491,3,大分県,オオイタケン,Oita,,,,大分市,オオイタシ,Oita-shi,,,,,,,,,,福水,フクミズ,,,0,0,0,1,0,0,0,0,1947-04-17,,0,,
442011,0000492,3,大分県,オオイタケン,Oita,,,,大分市,オオイタシ,Oita-shi,,,,,,,,,,平原,ヒラバル,,,0,0,0,1,0,0,0,0,1947-04-17,,0,,
442011,0000493,3,大分県,オオイタケン,Oita,,,,大分市,オオイタシ,Oita-shi,,,,,,,,,,平田,ヒイダ,,,0,0,0,1,0,0,0,0,1947-04-17,,0,,
442011,0000494,3,大分県,オオイタケン,Oita,,,,大分市,オオイタシ,Oita-shi,,,,,,,,,,平野,ヒラノ,,,0,0,0,1,0,0,0,0,1947-04-17,,0,,
442011,0000495,3,大分県,オオイタケン,Oita,,,,大分市,オオイタシ,Oita-shi,,,,,,,,,,平連石,ヒラライシ,,,0,0,0,1,0,0,0,0,1947-04-17,,0,,
442011,0000496,3,大分県,オオイタケン,Oita,,,,大分市,オオイタシ,Oita-shi,,,,,,,,,,米山,コメヤマ,,,0,0,0,1,0,0,0,0,1947-04-17,,0,,
442011,0000497,3,大分県,オオイタケン,Oita,,,,大分市,オオイタシ,Oita-shi,,,,,,,,,,米良,メラ,Mera,,0,0,0,1,0,0,0,0,1947-04-17,,0,8700944,
442011,0000498,3,大分県,オオイタケン,Oita,,,,大分市,オオイタシ,Oita-shi,,,,,,,,,,片草,カタクサ,,,0,0,0,1,0,0,0,0,1947-04-17,,0,,
442011,0000499,3,大分県,オオイタケン,Oita,,,,大分市,オオイタシ,Oita-shi,,,,,,,,,,片野,カタノ,,,0,0,0,1,0,0,0,0,1947-04-17,,0,,
442011,0000500,3,大分県,オオイタケン,Oita,,,,大分市,オオイタシ,Oita-shi,,,,,,,,,,宝蔵寺,ホウゾウジ,,,0,0,0,1,0,0,0,0,1947-04-17,,0,,
442011,0000501,3,大分県,オオイタケン,Oita,,,,大分市,オオイタシ,Oita-shi,,,,,,,,,,峰松葉,ミネマツバ,,,0,0,0,1,0,0,0,0,1947-04-17,,0,,
442011,0000502,3,大分県,オオイタケン,Oita,,,,大分市,オオイタシ,Oita-shi,,,,,,,,,,芳河原,ホウガワラ,,,0,0,0,1,0,0,0,0,1947-04-17,,0,,
442011,0000503,3,大分県,オオイタケン,Oita,,,,大分市,オオイタシ,Oita-shi,,,,,,,,,,豊田,トヨダ,,,0,0,0,1,0,0,0,0,1947-04-17,,0,,
442011,0000504,3,大分県,オオイタケン,Oita,,,,大分市,オオイタシ,Oita-shi,,,,,,,,,,本町,ホンマチ,,,0,0,0,1,0,0,0,0,1947-04-17,,0,,
442011,0000505,3,大分県,オオイタケン,Oita,,,,大分市,オオイタシ,Oita-shi,,,,,,,,,,本福宗,ホンフクムネ,,,0,0,0,1,0,0,0,0,1947-04-17,,0,,
442011,0000506,3,大分県,オオイタケン,Oita,,,,大分市,オオイタシ,Oita-shi,,,,,,,,,,湊,ミナト,,,0,0,0,1,0,0,0,0,1947-04-17,,0,,
442011,0000507,3,大分県,オオイタケン,Oita,,,,大分市,オオイタシ,Oita-shi,,,,,,,,,,明,ミョウ,,,0,0,0,1,0,0,0,0,1947-04-17,,0,,
442011,0000508,3,大分県,オオイタケン,Oita,,,,大分市,オオイタシ,Oita-shi,,,,,,,,,,鳴川,ナルカワ,Narukawa,,0,0,0,1,0,0,0,0,1947-04-17,,0,8700801,
442011,0000509,3,大分県,オオイタケン,Oita,,,,大分市,オオイタシ,Oita-shi,,,,,,,,,,木上,キノウエ,Kinoe,,0,0,0,1,0,0,0,0,1947-04-17,,0,8701161,
442011,0000510,3,大分県,オオイタケン,Oita,,,,大分市,オオイタシ,Oita-shi,,,,,,,,,,木上新町,キノウエシンマチ,,,0,0,0,1,0,0,0,0,1947-04-17,,0,,
442011,0000511,3,大分県,オオイタケン,Oita,,,,大分市,オオイタシ,Oita-shi,,,,,,,,,,木田西部,キダセイブ,,,0,0,0,1,0,0,0,0,1947-04-17,,0,,
442011,0000512,3,大分県,オオイタケン,Oita,,,,大分市,オオイタシ,Oita-shi,,,,,,,,,,木田東部,キダトウブ,,,0,0,0,1,0,0,0,0,1947-04-17,,0,,
442011,0000513,3,大分県,オオイタケン,Oita,,,,大分市,オオイタシ,Oita-shi,,,,,,,,,,木田南部,キダナンブ,,,0,0,0,1,0,0,0,0,1947-04-17,,0,,
442011,0000514,3,大分県,オオイタケン,Oita,,,,大分市,オオイタシ,Oita-shi,,,,,,,,,,餅田,モチダ,,,0,0,0,1,0,0,0,0,1947-04-17,,0,,
442011,0000515,3,大分県,オオイタケン,Oita,,,,大分市,オオイタシ,Oita-shi,,,,,,,,,,門前,モンゼン,,,0,0,0,1,0,0,0,0,1947-04-17,,0,,
442011,0000516,3,大分県,オオイタケン,Oita,,,,大分市,オオイタシ,Oita-shi,,,,,,,,,,野稲田,ノイネダ,,,0,0,0,1,0,0,0,0,1947-04-17,,0,,
442011,0000517,3,大分県,オオイタケン,Oita,,,,大分市,オオイタシ,Oita-shi,,,,,,,,,,野間,ノマ,,,0,0,0,1,0,0,0,0,1947-04-17,,0,,
442011,0000518,3,大分県,オオイタケン,Oita,,,,大分市,オオイタシ,Oita-shi,,,,,,,,,,矢ノ原,ヤノハル,,,0,0,0,1,0,0,0,0,1947-04-17,,0,,
442011,0000519,3,大分県,オオイタケン,Oita,,,,大分市,オオイタシ,Oita-shi,,,,,,,,,,矢貫,ヤヌキ,,,0,0,0,1,0,0,0,0,1947-04-17,,0,,
442011,0000520,3,大分県,オオイタケン,Oita,,,,大分市,オオイタシ,Oita-shi,,,,,,,,,,柳井水,ヤナイミズ,,,0,0,0,1,0,0,0,0,1947-04-17,,0,,
442011,0000521,3,大分県,オオイタケン,Oita,,,,大分市,オオイタシ,Oita-shi,,,,,,,,,,雄城,オギ,,,0,0,0,1,0,0,0,0,1947-04-17,,0,,
442011,0000522,3,大分県,オオイタケン,Oita,,,,大分市,オオイタシ,Oita-shi,,,,,,,,,,利光,トシミツ,,,0,0,0,1,0,0,0,0,1947-04-17,,0,,
442011,0000523,3,大分県,オオイタケン,Oita,,,,大分市,オオイタシ,Oita-shi,,,,,,,,,,裏谷,ウラタニ,,,0,0,0,1,0,0,0,0,1947-04-17,,0,,
442011,0000524,3,大分県,オオイタケン,Oita,,,,大分市,オオイタシ,Oita-shi,,,,,,,,,,里中,サトナカ,,,0,0,0,1,0,0,0,0,1947-04-17,,0,,
442011,0000525,3,大分県,オオイタケン,Oita,,,,大分市,オオイタシ,Oita-shi,,,,,,,,,,立小野,タチオノ,,,0,0,0,1,0,0,0,0,1947-04-17,,0,,
442011,0000526,3,大分県,オオイタケン,Oita,,,,大分市,オオイタシ,Oita-shi,,,,,,,,,,嶺,ミネ,,,0,0,0,1,0,0,0,0,1947-04-17,,0,,
442011,0000527,3,大分県,オオイタケン,Oita,,,,大分市,オオイタシ,Oita-shi,,,,,,,,,,練ヶ迫,ネリガサコ,,,0,0,0,1,0,0,0,0,1947-04-17,,0,,
442011,0000528,3,大分県,オオイタケン,Oita,,,,大分市,オオイタシ,Oita-shi,,,,,,,,,,露,アラワス,,,0,0,0,1,0,0,0,0,1947-04-17,,0,,
442011,0000529,3,大分県,オオイタケン,Oita,,,,大分市,オオイタシ,Oita-shi,,,,,,,,,,浪上,ナミウエ,,,0,0,0,1,0,0,0,0,1947-04-17,,0,,
442011,0000530,3,大分県,オオイタケン,Oita,,,,大分市,オオイタシ,Oita-shi,,,,,,,,,,蕨野,ワラビノ,,,0,0,0,1,0,0,0,0,1947-04-17,,0,,
442011,0000531,3,大分県,オオイタケン,Oita,,,,大分市,オオイタシ,Oita-shi,,,,,,,,,,籠ノ台,カゴノダイ,,,0,0,0,1,0,0,0,0,1947-04-17,,0,,
442011,0001001,2,大分県,オオイタケン,Oita,,,,大分市,オオイタシ,Oita-shi,,,,青崎,アオザキ,Aosaki,１丁目,１チョウメ,1,,,,,1,1,0,0,0,0,1,1,1947-04-17,,0,,
442011,0001002,2,大分県,オオイタケン,Oita,,,,大分市,オオイタシ,Oita-shi,,,,青崎,アオザキ,Aosaki,２丁目,２チョウメ,2,,,,,1,1,0,0,0,0,1,1,1947-04-17,,0,,
442011,0002001,2,大分県,オオイタケン,Oita,,,,大分市,オオイタシ,Oita-shi,,,,青葉台,アオバダイ,Aobadai,１丁目,１チョウメ,1,,,,,0,0,0,0,0,0,1,1,1947-04-17,,0,,
442011,0002001,2,大分県,オオイタケン,Oita,,,,大分市,オオイタシ,Oita-shi,,,,青葉台,アオバダイ,Aobadai,１丁目,１チョウメ,1,,,,,1,1,0,0,0,0,1,1,1947-04-17,2025-05-09,0,,
442011,0002002,2,大分県,オオイタケン,Oita,,,,大分市,オオイタシ,Oita-shi,,,,青葉台,アオバダイ,Aobadai,２丁目,２チョウメ,2,,,,,0,0,0,0,0,0,1,1,1947-04-17,,0,,
442011,0002002,2,大分県,オオイタケン,Oita,,,,大分市,オオイタシ,Oita-shi,,,,青葉台,アオバダイ,Aobadai,２丁目,２チョウメ,2,,,,,1,1,0,0,0,0,1,1,1947-04-17,2025-05-09,0,,
442011,0002003,2,大分県,オオイタケン,Oita,,,,大分市,オオイタシ,Oita-shi,,,,青葉台,アオバダイ,Aobadai,３丁目,３チョウメ,3,,,,,0,0,0,0,0,0,1,1,1947-04-17,,0,,
442011,0002003,2,大分県,オオイタケン,Oita,,,,大分市,オオイタシ,Oita-shi,,,,青葉台,アオバダイ,Aobadai,３丁目,３チョウメ,3,,,,,1,1,0,0,0,0,1,1,1947-04-17,2025-05-09,0,,
442011,0002004,2,大分県,オオイタケン,Oita,,,,大分市,オオイタシ,Oita-shi,,,,青葉台,アオバダイ,Aobadai,４丁目,４チョウメ,4,,,,,0,0,0,0,0,0,1,1,1947-04-17,,0,,
442011,0002004,2,大分県,オオイタケン,Oita,,,,大分市,オオイタシ,Oita-shi,,,,青葉台,アオバダイ,Aobadai,４丁目,４チョウメ,4,,,,,1,1,0,0,0,0,1,1,1947-04-17,2025-05-09,0,,
442011,0003000,1,大分県,オオイタケン,Oita,,,,大分市,オオイタシ,Oita-shi,,,,青葉町,アオバマチ,Aobamachi,,,,,,,,1,1,0,0,0,0,1,1,1947-04-17,,0,8700908,
442011,0004001,2,大分県,オオイタケン,Oita,,,,大分市,オオイタシ,Oita-shi,,,,明野北,アケノキタ,Akenokita,１丁目,１チョウメ,1,,,,,1,1,0,0,0,0,1,1,1947-04-17,,0,,
442011,0004002,2,大分県,オオイタケン,Oita,,,,大分市,オオイタシ,Oita-shi,,,,明野北,アケノキタ,Akenokita,２丁目,２チョウメ,2,,,,,1,1,0,0,0,0,1,1,1947-04-17,,0,,
442011,0004003,2,大分県,オオイタケン,Oita,,,,大分市,オオイタシ,Oita-shi,,,,明野北,アケノキタ,Akenokita,３丁目,３チョウメ,3,,,,,1,1,0,0,0,0,1,1,1947-04-17,,0,,
442011,0004004,2,大分県,オオイタケン,Oita,,,,大分市,オオイタシ,Oita-shi,,,,明野北,アケノキタ,Akenokita,４丁目,４チョウメ,4,,,,,1,1,0,0,0,0,1,1,1947-04-17,,0,,
442011,0004005,2,大分県,オオイタケン,Oita,,,,大分市,オオイタシ,Oita-shi,,,,明野北,アケノキタ,Akenokita,５丁目,５チョウメ,5,,,,,1,1,0,0,0,0,1,1,1947-04-17,,0,,
442011,0005001,2,大分県,オオイタケン,Oita,,,,大分市,オオイタシ,Oita-shi,,,,明野高尾,アケノタカオ,Akenotakao,１丁目,１チョウメ,1,,,,,1,1,0,0,0,0,1,1,1947-04-17,,0,,
442011,0005002,2,大分県,オオイタケン,Oita,,,,大分市,オオイタシ,Oita-shi,,,,明野高尾,アケノタカオ,Akenotakao,２丁目,２チョウメ,2,,,,,1,1,0,0,0,0,1,1,1947-04-17,,0,,
442011,0005003,2,大分県,オオイタケン,Oita,,,,大分市,オオイタシ,Oita-shi,,,,明野高尾,アケノタカオ,Akenotakao,３丁目,３チョウメ,3,,,,,0,0,0,0,0,0,1,1,1947-04-17,,0,,
442011,0005003,2,大分県,オオイタケン,Oita,,,,大分市,オオイタシ,Oita-shi,,,,明野高尾,アケノタカオ,Akenotakao,３丁目,３チョウメ,3,,,,,1,1,0,0,0,0,1,1,1947-04-17,2025-05-09,0,,
442011,0005004,2,大分県,オオイタケン,Oita,,,,大分市,オオイタシ,Oita-shi,,,,明野高尾,アケノタカオ,Akenotakao,４丁目,４チョウメ,4,,,,,0,0,0,0,0,0,1,1,1947-04-17,,0,,
442011,0005004,2,大分県,オオイタケン,Oita,,,,大分市,オオイタシ,Oita-shi,,,,明野高尾,アケノタカオ,Akenotakao,４丁目,４チョウメ,4,,,,,1,1,0,0,0,0,1,1,1947-04-17,2025-05-09,0,,
442011,0006001,2,大分県,オオイタケン,Oita,,,,大分市,オオイタシ,Oita-shi,,,,明野西,アケノニシ,Akenonishi,１丁目,１チョウメ,1,,,,,1,1,0,0,0,0,1,1,1947-04-17,,0,,
442011,0006002,2,大分県,オオイタケン,Oita,,,,大分市,オオイタシ,Oita-shi,,,,明野西,アケノニシ,Akenonishi,２丁目,２チョウメ,2,,,,,1,1,0,0,0,0,1,1,1947-04-17,,0,,
442011,0007001,2,大分県,オオイタケン,Oita,,,,大分市,オオイタシ,Oita-shi,,,,明野東,アケノヒガシ,Akenohigashi,１丁目,１チョウメ,1,,,,,1,1,0,0,0,0,1,1,1947-04-17,,0,,
442011,0007002,2,大分県,オオイタケン,Oita,,,,大分市,オオイタシ,Oita-shi,,,,明野東,アケノヒガシ,Akenohigashi,２丁目,２チョウメ,2,,,,,1,1,0,0,0,0,1,1,1947-04-17,,0,,
442011,0007003,2,大分県,オオイタケン,Oita,,,,大分市,オオイタシ,Oita-shi,,,,明野東,アケノヒガシ,Akenohigashi,３丁目,３チョウメ,3,,,,,1,1,0,0,0,0,1,1,1947-04-17,,0,,
442011,0007004,2,大分県,オオイタケン,Oita,,,,大分市,オオイタシ,Oita-shi,,,,明野東,アケノヒガシ,Akenohigashi,４丁目,４チョウメ,4,,,,,1,1,0,0,0,0,1,1,1947-04-17,,0,,
442011,0007005,2,大分県,オオイタケン,Oita,,,,大分市,オオイタシ,Oita-shi,,,,明野東,アケノヒガシ,Akenohigashi,５丁目,５チョウメ,5,,,,,1,1,0,0,0,0,1,1,1947-04-17,,0,,
442011,0008001,2,大分県,オオイタケン,Oita,,,,大分市,オオイタシ,Oita-shi,,,,明野南,アケノミナミ,Akenominami,１丁目,１チョウメ,1,,,,,1,1,0,0,0,0,1,1,1947-04-17,,0,,
442011,0008002,2,大分県,オオイタケン,Oita,,,,大分市,オオイタシ,Oita-shi,,,,明野南,アケノミナミ,Akenominami,２丁目,２チョウメ,2,,,,,1,1,0,0,0,0,1,1,1947-04-17,,0,,
442011,0008003,2,大分県,オオイタケン,Oita,,,,大分市,オオイタシ,Oita-shi,,,,明野南,アケノミナミ,Akenominami,３丁目,３チョウメ,3,,,,,1,1,0,0,0,0,1,1,1947-04-17,,0,,
442011,0009001,2,大分県,オオイタケン,Oita,,,,大分市,オオイタシ,Oita-shi,,,,曙台,アケボノダイ,Akebonodai,１丁目,１チョウメ,1,,,,,1,1,0,0,0,0,1,1,1947-04-17,,0,,
442011,0009002,2,大分県,オオイタケン,Oita,,,,大分市,オオイタシ,Oita-shi,,,,曙台,アケボノダイ,Akebonodai,２丁目,２チョウメ,2,,,,,1,1,0,0,0,0,1,1,1947-04-17,,0,,
442011,0009003,2,大分県,オオイタケン,Oita,,,,大分市,オオイタシ,Oita-shi,,,,曙台,アケボノダイ,Akebonodai,３丁目,３チョウメ,3,,,,,1,1,0,0,0,0,1,1,1947-04-17,,0,,
442011,0009004,2,大分県,オオイタケン,Oita,,,,大分市,オオイタシ,Oita-shi,,,,曙台,アケボノダイ,Akebonodai,４丁目,４チョウメ,4,,,,,1,1,0,0,0,0,1,1,1947-04-17,,0,,
442011,0010001,2,大分県,オオイタケン,Oita,,,,大分市,オオイタシ,Oita-shi,,,,生石,イクシ,Ikushi,１丁目,１チョウメ,1,,,,,1,1,0,0,0,0,1,1,1947-04-17,,0,,
442011,0010002,2,大分県,オオイタケン,Oita,,,,大分市,オオイタシ,Oita-shi,,,,生石,イクシ,Ikushi,２丁目,２チョウメ,2,,,,,1,1,0,0,0,0,1,1,1947-04-17,,0,,
442011,0010003,2,大分県,オオイタケン,Oita,,,,大分市,オオイタシ,Oita-shi,,,,生石,イクシ,Ikushi,３丁目,３チョウメ,3,,,,,1,1,0,0,0,0,1,1,1947-04-17,,0,,
442011,0010004,2,大分県,オオイタケン,Oita,,,,大分市,オオイタシ,Oita-shi,,,,生石,イクシ,Ikushi,４丁目,４チョウメ,4,,,,,1,1,0,0,0,0,1,1,1947-04-17,,0,,
442011,0010005,2,大分県,オオイタケン,Oita,,,,大分市,オオイタシ,Oita-shi,,,,生石,イクシ,Ikushi,５丁目,５チョウメ,5,,,,,1,1,0,0,0,0,1,1,1947-04-17,,0,,
442011,0011001,2,大分県,オオイタケン,Oita,,,,大分市,オオイタシ,Oita-shi,,,,生石港町,イクシミナトマチ,Ikushi Minatomachi,１丁目,１チョウメ,1,,,,,1,1,0,0,0,0,1,1,1947-04-17,,0,,
442011,0011002,2,大分県,オオイタケン,Oita,,,,大分市,オオイタシ,Oita-shi,,,,生石港町,イクシミナトマチ,Ikushi Minatomachi,２丁目,２チョウメ,2,,,,,1,1,0,0,0,0,1,1,1947-04-17,,0,,
442011,0012000,1,大分県,オオイタケン,Oita,,,,大分市,オオイタシ,Oita-shi,,,,泉町,イズミマチ,Izumimachi,,,,,,,,1,1,0,0,0,0,1,1,1947-04-17,,0,8700041,
442011,0013001,2,大分県,オオイタケン,Oita,,,,大分市,オオイタシ,Oita-shi,,,,今津留,イマヅル,Imazuru,１丁目,１チョウメ,1,,,,,1,1,0,0,0,0,1,1,1947-04-17,,0,,
442011,0013002,2,大分県,オオイタケン,Oita,,,,大分市,オオイタシ,Oita-shi,,,,今津留,イマヅル,Imazuru,２丁目,２チョウメ,2,,,,,1,1,0,0,0,0,1,1,1947-04-17,,0,,
442011,0013003,2,大分県,オオイタケン,Oita,,,,大分市,オオイタシ,Oita-shi,,,,今津留,イマヅル,Imazuru,３丁目,３チョウメ,3,,,,,1,1,0,0,0,0,1,1,1947-04-17,,0,,
442011,0014001,2,大分県,オオイタケン,Oita,,,,大分市,オオイタシ,Oita-shi,,,,岩田町,イワタマチ,Iwatamachi,１丁目,１チョウメ,1,,,,,1,1,0,0,0,0,1,1,1947-04-17,,0,,
442011,0014002,2,大分県,オオイタケン,Oita,,,,大分市,オオイタシ,Oita-shi,,,,岩田町,イワタマチ,Iwatamachi,２丁目,２チョウメ,2,,,,,1,1,0,0,0,0,1,1,1947-04-17,,0,,
442011,0014003,2,大分県,オオイタケン,Oita,,,,大分市,オオイタシ,Oita-shi,,,,岩田町,イワタマチ,Iwatamachi,３丁目,３チョウメ,3,,,,,1,1,0,0,0,0,1,1,1947-04-17,,0,,
442011,0014004,2,大分県,オオイタケン,Oita,,,,大分市,オオイタシ,Oita-shi,,,,岩田町,イワタマチ,Iwatamachi,４丁目,４チョウメ,4,,,,,1,1,0,0,0,0,1,1,1947-04-17,,0,,
442011,0015001,2,大分県,オオイタケン,Oita,,,,大分市,オオイタシ,Oita-shi,,,,上野丘,ウエノガオカ,Uenogaoka,１丁目,１チョウメ,1,,,,,1,1,0,0,0,0,1,1,1947-04-17,,0,,
442011,0015002,2,大分県,オオイタケン,Oita,,,,大分市,オオイタシ,Oita-shi,,,,上野丘,ウエノガオカ,Uenogaoka,２丁目,２チョウメ,2,,,,,1,1,0,0,0,0,1,1,1947-04-17,,0,,
442011,0016000,1,大分県,オオイタケン,Oita,,,,大分市,オオイタシ,Oita-shi,,,,上野丘西,ウエノガオカニシ,Uenogaoka Nishi,,,,,,,,1,1,0,0,0,0,1,1,1947-04-17,,0,8700834,
442011,0017000,1,大分県,オオイタケン,Oita,,,,大分市,オオイタシ,Oita-shi,,,,上野丘東,ウエノガオカヒガシ,Uenogaoka Higashi,,,,,,,,1,1,0,0,0,0,1,1,1947-04-17,,0,8700833,
442011,0018000,1,大分県,オオイタケン,Oita,,,,大分市,オオイタシ,Oita-shi,,,,上野町,ウエノマチ,Uenomachi,,,,,,,,1,1,0,0,0,0,1,1,1947-04-17,,0,8700832,
442011,0019000,1,大分県,オオイタケン,Oita,,,,大分市,オオイタシ,Oita-shi,,,,恵比寿町,エビスマチ,Ebisumachi,,,,,,,,1,1,0,0,0,0,1,1,1947-04-17,,0,8700322,
442011,0020000,1,大分県,オオイタケン,Oita,,,,大分市,オオイタシ,Oita-shi,,,,王子北町,オウジキタマチ,Oji Kitamachi,,,,,,,,1,1,0,0,0,0,1,1,1947-04-17,,0,8700005,
442011,0021000,1,大分県,オオイタケン,Oita,,,,大分市,オオイタシ,Oita-shi,,,,王子新町,オウジシンマチ,Oji Shimmachi,,,,,,,,1,1,0,0,0,0,1,1,1947-04-17,,0,8700819,
442011,0022000,1,大分県,オオイタケン,Oita,,,,大分市,オオイタシ,Oita-shi,,,,王子中町,オウジナカマチ,Oji Nakamachi,,,,,,,,1,1,0,0,0,0,1,1,1947-04-17,,0,8700006,
442011,0023000,1,大分県,オオイタケン,Oita,,,,大分市,オオイタシ,Oita-shi,,,,王子西町,オウジニシマチ,Oji Nishimachi,,,,,,,,1,1,0,0,0,0,1,1,1947-04-17,,0,8700008,
442011,0024000,1,大分県,オオイタケン,Oita,,,,大分市,オオイタシ,Oita-shi,,,,王子町,オウジマチ,Ojimachi,,,,,,,,1,1,0,0,0,0,1,1,1947-04-17,,0,8700009,
442011,0025000,1,大分県,オオイタケン,Oita,,,,大分市,オオイタシ,Oita-shi,,,,王子港町,オウジミナトマチ,Oji Minatomachi,,,,,,,,1,1,0,0,0,0,1,1,1947-04-17,,0,8700004,
442011,0026000,1,大分県,オオイタケン,Oita,,,,大分市,オオイタシ,Oita-shi,,,,王子南町,オウジミナミマチ,Oji Minamimachi,,,,,,,,1,1,0,0,0,0,1,1,1947-04-17,,0,8700007,
442011,0028001,2,大分県,オオイタケン,Oita,,,,大分市,オオイタシ,Oita-shi,,,,王ノ瀬,オウノセ,Onose,１丁目,１チョウメ,1,,,,,1,1,0,0,0,0,1,1,1947-04-17,,0,,
442011,0028002,2,大分県,オオイタケン,Oita,,,,大分市,オオイタシ,Oita-shi,,,,王ノ瀬,オウノセ,Onose,２丁目,２チョウメ,2,,,,,1,1,0,0,0,0,1,1,1947-04-17,,0,,
442011,0029000,1,大分県,オオイタケン,Oita,,,,大分市,オオイタシ,Oita-shi,,,,大字青崎,オオアザアオサキ,Aosaki,,,,,,,,0,0,0,0,0,0,1,1,1947-04-17,,0,8700278,
442011,0030000,1,大分県,オオイタケン,Oita,,,,大分市,オオイタシ,Oita-shi,,,,大字丹川,オオアザアカガワ,Akagawa,,,,,,,,0,0,0,0,0,0,1,1,1947-04-17,,0,8700317,
442011,0031000,1,大分県,オオイタケン,Oita,,,,大分市,オオイタシ,Oita-shi,,,,大字安藤,オオアザアンドウ,Ando,,,,,,,,0,0,0,0,0,0,1,1,1947-04-17,,0,8797504,
442011,0032000,1,大分県,オオイタケン,Oita,,,,大分市,オオイタシ,Oita-shi,,,,大字家島,オオアザイエジマ,Iejima,,,,,,,,0,0,0,0,0,0,1,1,1947-04-17,,0,8700113,
442011,0033000,1,大分県,オオイタケン,Oita,,,,大分市,オオイタシ,Oita-shi,,,,大字生石,オオアザイクシ,Ikushi,,,,,,,,0,0,0,0,0,0,1,1,1947-04-17,,0,8700003,
442011,0034000,1,大分県,オオイタケン,Oita,,,,大分市,オオイタシ,Oita-shi,,,,大字市,オオアザイチ,Ichi,,,,,,,,0,0,0,0,0,0,1,1,1947-04-17,,0,8701151,
442011,0035000,1,大分県,オオイタケン,Oita,,,,大分市,オオイタシ,Oita-shi,,,,大字一木,オオアザイチギ,Ichigi,,,,,,,,0,0,0,0,0,0,1,1,1947-04-17,,0,8700316,
442011,0036000,1,大分県,オオイタケン,Oita,,,,大分市,オオイタシ,Oita-shi,,,,大字市尾,オオアザイチノオ,Ichino,,,,,,,,0,0,0,0,0,0,1,1,1947-04-17,,0,8700312,
442011,0037000,1,大分県,オオイタケン,Oita,,,,大分市,オオイタシ,Oita-shi,,,,大字一の洲,オオアザイチノス,Ichinosu,,,,,,,,0,0,0,0,0,0,1,1,1947-04-17,,0,8700112,
442011,0038000,1,大分県,オオイタケン,Oita,,,,大分市,オオイタシ,Oita-shi,,,,大字一尺屋,オオアザイッシャクヤ,Isshakuya,,,,,,,,0,0,0,0,0,0,1,1,1947-04-17,,0,8792203,
442011,0039000,1,大分県,オオイタケン,Oita,,,,大分市,オオイタシ,Oita-shi,,,,大字猪野,オオアザイノ,Ino,,,,,,,,0,0,0,0,0,0,1,1,1947-04-17,,0,8700134,
442011,0039000,1,大分県,オオイタケン,Oita,,,,大分市,オオイタシ,Oita-shi,,,,大字猪野,オオアザイノ,Ino,,,,,,,,1,1,0,0,0,0,1,1,1947-04-17,2025-05-09,0,8700134,
442011,0040000,1,大分県,オオイタケン,Oita,,,,大分市,オオイタシ,Oita-shi,,,,大字今市,オオアザイマイチ,Imaichi,,,,,,,,0,0,0,0,0,0,1,1,1947-04-17,,0,8701223,
442011,0041000,1,大分県,オオイタケン,Oita,,,,大分市,オオイタシ,Oita-shi,,,,大字入蔵,オオアザイリクラ,Irikura,,,,,,,,0,0,0,0,0,0,1,1,1947-04-17,,0,8701202,
442011,0042000,1,大分県,オオイタケン,Oita,,,,大分市,オオイタシ,Oita-shi,,,,大字荏隈,オオアザエノクマ,Enokuma,,,,,,,,0,0,0,0,0,0,1,1,1947-04-17,,0,8700889,
442011,0043000,1,大分県,オオイタケン,Oita,,,,大分市,オオイタシ,Oita-shi,,,,大字大分,オオアザオオイタ,,,,,,,,,0,0,0,0,0,0,1,1,1947-04-17,,0,,
442011,0044000,1,大分県,オオイタケン,Oita,,,,大分市,オオイタシ,Oita-shi,,,,大字大在,オオアザオオザイ,Ozai,,,,,,,,0,0,0,0,0,0,1,1,1947-04-17,,0,8700266,
442011,0045000,1,大分県,オオイタケン,Oita,,,,大分市,オオイタシ,Oita-shi,,,,大字太田,オオアザオオタ,Ota,,,,,,,,0,0,0,0,0,0,1,1,1947-04-17,,0,8701214,
442011,0046000,1,大分県,オオイタケン,Oita,,,,大分市,オオイタシ,Oita-shi,,,,大字大津留,オオアザオオツル,Otsuru,,,,,,,,0,0,0,0,0,0,1,1,1947-04-17,,0,8700123,
442011,0047000,1,大分県,オオイタケン,Oita,,,,大分市,オオイタシ,Oita-shi,,,,大字大平,オオアザオオヒラ,Ohira,,,,,,,,0,0,0,0,0,0,1,1,1947-04-17,,0,8792114,
442011,0048000,1,大分県,オオイタケン,Oita,,,,大分市,オオイタシ,Oita-shi,,,,大字岡川,オオアザオカガワ,Okagawa,,,,,,,,0,0,0,0,0,0,1,1,1947-04-17,,0,8701131,
442011,0049000,1,大分県,オオイタケン,Oita,,,,大分市,オオイタシ,Oita-shi,,,,大字奥,オオアザオク,Oku,,,,,,,,0,0,0,0,0,0,1,1,1947-04-17,,0,8797881,
442011,0050000,1,大分県,オオイタケン,Oita,,,,大分市,オオイタシ,Oita-shi,,,,大字奥田,オオアザオクダ,,,,,,,,,0,0,0,0,0,0,1,1,1947-04-17,,0,,
442011,0051000,1,大分県,オオイタケン,Oita,,,,大分市,オオイタシ,Oita-shi,,,,大字鴛野,オオアザオシノ,Oshino,,,,,,,,0,0,0,0,0,0,1,1,1947-04-17,,0,8701121,
442011,0052000,1,大分県,オオイタケン,Oita,,,,大分市,オオイタシ,Oita-shi,,,,大字乙津,オオアザオトヅ,Otozu,,,,,,,,0,0,0,0,0,0,1,1,1947-04-17,,0,8700144,
442011,0053000,1,大分県,オオイタケン,Oita,,,,大分市,オオイタシ,Oita-shi,,,,大字小中島,オオアザオナカシマ,Onakashima,,,,,,,,0,0,0,0,0,0,1,1,1947-04-17,,0,8700114,
442011,0054000,1,大分県,オオイタケン,Oita,,,,大分市,オオイタシ,Oita-shi,,,,大字鬼崎,オオアザオニザキ,Onizaki,,,,,,,,0,0,0,0,0,0,1,1,1947-04-17,,0,8701171,
442011,0055000,1,大分県,オオイタケン,Oita,,,,大分市,オオイタシ,Oita-shi,,,,大字海原,オオアザカイハラ,Kaiwara,,,,,,,,0,0,0,0,0,0,1,1,1947-04-17,,0,8700107,
442011,0056000,1,大分県,オオイタケン,Oita,,,,大分市,オオイタシ,Oita-shi,,,,大字片島,オオアザカタシマ,Katashima,,,,,,,,0,0,0,0,0,0,1,1,1947-04-17,,0,8700943,
442011,0057000,1,大分県,オオイタケン,Oita,,,,大分市,オオイタシ,Oita-shi,,,,大字葛木,オオアザカツラギ,Katsuragi,,,,,,,,0,0,0,0,0,0,1,1,1947-04-17,,0,8700133,
442011,0058000,1,大分県,オオイタケン,Oita,,,,大分市,オオイタシ,Oita-shi,,,,大字金谷迫,オオアザカナヤザコ,Kanayazako,,,,,,,,0,0,0,0,0,0,1,1,1947-04-17,,0,8700879,
442011,0059000,1,大分県,オオイタケン,Oita,,,,大分市,オオイタシ,Oita-shi,,,,大字上詰,オオアザカミツメ,Kamitsume,,,,,,,,0,0,0,0,0,0,1,1,1947-04-17,,0,8701215,
442011,0060000,1,大分県,オオイタケン,Oita,,,,大分市,オオイタシ,Oita-shi,,,,大字上判田,オオアザカミハンダ,Kamihanda,,,,,,,,0,0,0,0,0,0,1,1,1947-04-17,,0,8701111,
442011,0061000,1,大分県,オオイタケン,Oita,,,,大分市,オオイタシ,Oita-shi,,,,大字上戸次,オオアザカミヘツギ,Kamihetsugi,,,,,,,,0,0,0,0,0,0,1,1,1947-04-17,,0,8797764,
442011,0062000,1,大分県,オオイタケン,Oita,,,,大分市,オオイタシ,Oita-shi,,,,大字河原内,オオアザカワラウチ,Kawarauchi,,,,,,,,0,0,0,0,0,0,1,1,1947-04-17,,0,8797503,
442011,0063000,1,大分県,オオイタケン,Oita,,,,大分市,オオイタシ,Oita-shi,,,,大字神崎,オオアザカンザキ,,,,,,,,,0,0,0,0,0,0,1,1,1947-04-17,,0,,
442011,0064000,1,大分県,オオイタケン,Oita,,,,大分市,オオイタシ,Oita-shi,,,,大字木佐上,オオアザキサガミ,Kisagami,,,,,,,,0,0,0,0,0,0,1,1,1947-04-17,,0,8792113,
442011,0065000,1,大分県,オオイタケン,Oita,,,,大分市,オオイタシ,Oita-shi,,,,大字北,オオアザキタ,,,,,,,,,0,0,0,0,0,0,1,1,1947-04-17,,0,,
442011,0066000,1,大分県,オオイタケン,Oita,,,,大分市,オオイタシ,Oita-shi,,,,大字木田,オオアザキダ,Kida,,,,,,,,0,0,0,0,0,0,1,1,1947-04-17,,0,8700311,
442011,0067000,1,大分県,オオイタケン,Oita,,,,大分市,オオイタシ,Oita-shi,,,,大字木上,オオアザキノウエ,Kinoe,,,,,,,,0,0,0,0,0,0,1,1,1947-04-17,,0,8701161,
442011,0068000,1,大分県,オオイタケン,Oita,,,,大分市,オオイタシ,Oita-shi,,,,大字口戸,オオアザクチド,Kuchido,,,,,,,,0,0,0,0,0,0,1,1,1947-04-17,,0,8701162,
442011,0069000,1,大分県,オオイタケン,Oita,,,,大分市,オオイタシ,Oita-shi,,,,大字久土,オオアザクド,Kudo,,,,,,,,0,0,0,0,0,0,1,1,1947-04-17,,0,8700314,
442011,0070000,1,大分県,オオイタケン,Oita,,,,大分市,オオイタシ,Oita-shi,,,,大字久原,オオアザクバル,Kubaru,,,,,,,,0,0,0,0,0,0,1,1,1947-04-17,,0,8700304,
442011,0071000,1,大分県,オオイタケン,Oita,,,,大分市,オオイタシ,Oita-shi,,,,大字毛井,オオアザケイ,Kei,,,,,,,,0,0,0,0,0,0,1,1,1947-04-17,,0,8700124,
442011,0072000,1,大分県,オオイタケン,Oita,,,,大分市,オオイタシ,Oita-shi,,,,大字小池原,オオアザコイケバル,Koikebaru,,,,,,,,0,0,0,0,0,0,1,1,1947-04-17,,0,8700147,
442011,0073000,1,大分県,オオイタケン,Oita,,,,大分市,オオイタシ,Oita-shi,,,,大字国分,オオアザコクブ,Kokubu,,,,,,,,0,0,0,0,0,0,1,1,1947-04-17,,0,8700864,
442011,0074000,1,大分県,オオイタケン,Oita,,,,大分市,オオイタシ,Oita-shi,,,,大字坂ノ市,オオアザサカノイチ,Sakanoichi,,,,,,,,0,0,0,0,0,0,1,1,1947-04-17,,0,8700302,
442011,0075000,1,大分県,オオイタケン,Oita,,,,大分市,オオイタシ,Oita-shi,,,,大字迫,オオアザサコ,Sako,,,,,,,,0,0,0,0,0,0,1,1,1947-04-17,,0,8700272,
442011,0075000,1,大分県,オオイタケン,Oita,,,,大分市,オオイタシ,Oita-shi,,,,大字迫,オオアザサコ,Sako,,,,,,,,1,1,0,0,0,0,1,1,1947-04-17,2025-05-09,0,8700272,
442011,0076000,1,大分県,オオイタケン,Oita,,,,大分市,オオイタシ,Oita-shi,,,,大字里,オオアザサト,Sato,,,,,,,,0,0,0,0,0,0,1,1,1947-04-17,,0,8700303,
442011,0077000,1,大分県,オオイタケン,Oita,,,,大分市,オオイタシ,Oita-shi,,,,大字佐野,オオアザサノ,Sano,,,,,,,,0,0,0,0,0,0,1,1,1947-04-17,,0,8700315,
442011,0078000,1,大分県,オオイタケン,Oita,,,,大分市,オオイタシ,Oita-shi,,,,大字沢田,オオアザサワタ,Sawata,,,,,,,,0,0,0,0,0,0,1,1,1947-04-17,,0,8701212,
442011,0079000,1,大分県,オオイタケン,Oita,,,,大分市,オオイタシ,Oita-shi,,,,大字志津留,オオアザシツル,Shitsuru,,,,,,,,0,0,0,0,0,0,1,1,1947-04-17,,0,8797884,
442011,0080000,1,大分県,オオイタケン,Oita,,,,大分市,オオイタシ,Oita-shi,,,,大字志村,オオアザシムラ,Shimura,,,,,,,,0,0,0,0,0,0,1,1,1947-04-17,,0,8700261,
442011,0081000,1,大分県,オオイタケン,Oita,,,,大分市,オオイタシ,Oita-shi,,,,大字下徳丸,オオアザシモトクマル,Shimotokumaru,,,,,,,,0,0,0,0,0,0,1,1,1947-04-17,,0,8700118,
442011,0082000,1,大分県,オオイタケン,Oita,,,,大分市,オオイタシ,Oita-shi,,,,大字下原,オオアザシモハラ,Shimohara,,,,,,,,0,0,0,0,0,0,1,1,1947-04-17,,0,8701213,
442011,0083000,1,大分県,オオイタケン,Oita,,,,大分市,オオイタシ,Oita-shi,,,,大字下戸次,オオアザシモヘツギ,Shimohetsugi,,,,,,,,0,0,0,0,0,0,1,1,1947-04-17,,0,8797763,
442011,0084000,1,大分県,オオイタケン,Oita,,,,大分市,オオイタシ,Oita-shi,,,,大字下宗方,オオアザシモムナカタ,Shimomunakata,,,,,,,,0,0,0,0,0,0,1,1,1947-04-17,,0,8701141,
442011,0085000,1,大分県,オオイタケン,Oita,,,,大分市,オオイタシ,Oita-shi,,,,大字志生木,オオアザシュウキ,Shuki,,,,,,,,0,0,0,0,0,0,1,1,1947-04-17,,0,8792115,
442011,0086000,1,大分県,オオイタケン,Oita,,,,大分市,オオイタシ,Oita-shi,,,,大字城原,オオアザジョウハル,Joharu,,,,,,,,0,0,0,0,0,0,1,1,1947-04-17,,0,8700267,
442011,0087000,1,大分県,オオイタケン,Oita,,,,大分市,オオイタシ,Oita-shi,,,,大字杉原,オオアザスギバル,Sugibaru,,,,,,,,0,0,0,0,0,0,1,1,1947-04-17,,0,8797882,
442011,0087000,1,大分県,オオイタケン,Oita,,,,大分市,オオイタシ,Oita-shi,,,,大字杉原,オオアザスギバル,Sugibaru,,,,,,,,1,1,0,0,0,0,1,1,1947-04-17,2025-05-09,0,8797882,
442011,0088000,1,大分県,オオイタケン,Oita,,,,大分市,オオイタシ,Oita-shi,,,,大字勢家,オオアザセイケ,,,,,,,,,0,0,0,0,0,0,1,1,1947-04-17,,0,,
442011,0089000,1,大分県,オオイタケン,Oita,,,,大分市,オオイタシ,Oita-shi,,,,大字関園,オオアザセキゾノ,Sekizono,,,,,,,,0,0,0,0,0,0,1,1,1947-04-17,,0,8700115,
442011,0090000,1,大分県,オオイタケン,Oita,,,,大分市,オオイタシ,Oita-shi,,,,大字千歳,オオアザセンザイ,Senzai,,,,,,,,0,0,0,0,0,0,1,1,1947-04-17,,0,8700132,
442011,0091000,1,大分県,オオイタケン,Oita,,,,大分市,オオイタシ,Oita-shi,,,,大字寒田,オオアザソウダ,Soda,,,,,,,,0,0,0,0,0,0,1,1,1947-04-17,,0,8701123,
442011,0092000,1,大分県,オオイタケン,Oita,,,,大分市,オオイタシ,Oita-shi,,,,大字高崎,オオアザタカサキ,Takasaki,,,,,,,,0,0,0,0,0,0,1,1,1947-04-17,,0,8700872,
442011,0093000,1,大分県,オオイタケン,Oita,,,,大分市,オオイタシ,Oita-shi,,,,大字高瀬,オオアザタカセ,Takase,,,,,,,,0,0,0,0,0,0,1,1,1947-04-17,,0,8701142,
442011,0094000,1,大分県,オオイタケン,Oita,,,,大分市,オオイタシ,Oita-shi,,,,大字高原,オオアザタカハラ,Takahara,,,,,,,,0,0,0,0,0,0,1,1,1947-04-17,,0,8701222,
442011,0095000,1,大分県,オオイタケン,Oita,,,,大分市,オオイタシ,Oita-shi,,,,大字竹下,オオアザタケシタ,Takeshita,,,,,,,,0,0,0,0,0,0,1,1,1947-04-17,,0,8700265,
442011,0096000,1,大分県,オオイタケン,Oita,,,,大分市,オオイタシ,Oita-shi,,,,大字竹中,オオアザタケナカ,Takenaka,,,,,,,,0,0,0,0,0,0,1,1,1947-04-17,,0,8797501,
442011,0097000,1,大分県,オオイタケン,Oita,,,,大分市,オオイタシ,Oita-shi,,,,大字竹矢,オオアザタケヤ,Takeya,,,,,,,,0,0,0,0,0,0,1,1,1947-04-17,,0,8701211,
442011,0098000,1,大分県,オオイタケン,Oita,,,,大分市,オオイタシ,Oita-shi,,,,大字田尻,オオアザタジリ,Tajiri,,,,,,,,0,0,0,0,0,0,1,1,1947-04-17,,0,8701143,
442011,0099000,1,大分県,オオイタケン,Oita,,,,大分市,オオイタシ,Oita-shi,,,,大字種具,オオアザタネグ,Tanegu,,,,,,,,0,0,0,0,0,0,1,1,1947-04-17,,0,8700274,
442011,0100000,1,大分県,オオイタケン,Oita,,,,大分市,オオイタシ,Oita-shi,,,,大字駄原,オオアザダノハル,,,,,,,,,0,0,0,0,0,0,1,1,1947-04-17,,0,,
442011,0101000,1,大分県,オオイタケン,Oita,,,,大分市,オオイタシ,Oita-shi,,,,大字田原,オオアザタバル,Tabaru,,,,,,,,0,0,0,0,0,0,1,1,1947-04-17,,0,8701154,
442011,0102000,1,大分県,オオイタケン,Oita,,,,大分市,オオイタシ,Oita-shi,,,,大字玉沢,オオアザタマザワ,Tamazawa,,,,,,,,0,0,0,0,0,0,1,1,1947-04-17,,0,8701155,
442011,0103000,1,大分県,オオイタケン,Oita,,,,大分市,オオイタシ,Oita-shi,,,,大字旦野原,オオアザダンノハル,Dannoharu,,,,,,,,0,0,0,0,0,0,1,1,1947-04-17,,0,8701124,
442011,0104000,1,大分県,オオイタケン,Oita,,,,大分市,オオイタシ,Oita-shi,,,,大字月形,オオアザツキガタ,Tsukigata,,,,,,,,0,0,0,0,0,0,1,1,1947-04-17,,0,8797872,
442011,0105000,1,大分県,オオイタケン,Oita,,,,大分市,オオイタシ,Oita-shi,,,,大字辻,オオアザツジ,Tsuji,,,,,,,,0,0,0,0,0,0,1,1,1947-04-17,,0,8797871,
442011,0106000,1,大分県,オオイタケン,Oita,,,,大分市,オオイタシ,Oita-shi,,,,大字辻原,オオアザツジハル,Tsujiharu,,,,,,,,0,0,0,0,0,0,1,1,1947-04-17,,0,8701204,
442011,0107000,1,大分県,オオイタケン,Oita,,,,大分市,オオイタシ,Oita-shi,,,,大字常行,オオアザツネユキ,Tsuneyuki,,,,,,,,0,0,0,0,0,0,1,1,1947-04-17,,0,8700116,
442011,0108000,1,大分県,オオイタケン,Oita,,,,大分市,オオイタシ,Oita-shi,,,,大字角子原,オオアザツノゴハル,Tsunokobaru,,,,,,,,0,0,0,0,0,0,1,1,1947-04-17,,0,8700271,
442011,0108000,1,大分県,オオイタケン,Oita,,,,大分市,オオイタシ,Oita-shi,,,,大字角子原,オオアザツノゴハル,Tsunokobaru,,,,,,,,1,1,0,0,0,0,1,1,1947-04-17,2025-05-09,0,8700271,
442011,0109000,1,大分県,オオイタケン,Oita,,,,大分市,オオイタシ,Oita-shi,,,,大字津守,オオアザツモリ,Tsumori,,,,,,,,0,0,0,0,0,0,1,1,1947-04-17,,0,8700945,
442011,0110000,1,大分県,オオイタケン,Oita,,,,大分市,オオイタシ,Oita-shi,,,,大字鶴崎,オオアザツルサキ,Tsurusaki,,,,,,,,0,0,0,0,0,0,1,1,1947-04-17,,0,8700106,
442011,0111000,1,大分県,オオイタケン,Oita,,,,大分市,オオイタシ,Oita-shi,,,,大字鶴瀬,オオアザツルセ,Tsuruse,,,,,,,,0,0,0,0,0,0,1,1,1947-04-17,,0,8700121,
442011,0112000,1,大分県,オオイタケン,Oita,,,,大分市,オオイタシ,Oita-shi,,,,大字中尾,オオアザナカオ,Nakao,,,,,,,,0,0,0,0,0,0,1,1,1947-04-17,,0,8700862,
442011,0113000,1,大分県,オオイタケン,Oita,,,,大分市,オオイタシ,Oita-shi,,,,大字中ノ洲,オオアザナカノス,Nakanosu,,,,,,,,0,0,0,0,0,0,1,1,1947-04-17,,0,8700111,
442011,0114000,1,大分県,オオイタケン,Oita,,,,大分市,オオイタシ,Oita-shi,,,,大字中判田,オオアザナカハンダ,Nakahanda,,,,,,,,0,0,0,0,0,0,1,1,1947-04-17,,0,8701113,
442011,0114000,1,大分県,オオイタケン,Oita,,,,大分市,オオイタシ,Oita-shi,,,,大字中判田,オオアザナカハンダ,Nakahanda,,,,,,,,1,1,0,0,0,0,1,1,1947-04-17,2025-05-09,0,8701113,
442011,0115000,1,大分県,オオイタケン,Oita,,,,大分市,オオイタシ,Oita-shi,,,,大字中戸次,オオアザナカヘツギ,Nakahetsugi,,,,,,,,0,0,0,0,0,0,1,1,1947-04-17,,0,8797761,
442011,0116000,1,大分県,オオイタケン,Oita,,,,大分市,オオイタシ,Oita-shi,,,,大字荷尾杵,オオアザニオキ,Nioki,,,,,,,,0,0,0,0,0,0,1,1,1947-04-17,,0,8701221,
442011,0117000,1,大分県,オオイタケン,Oita,,,,大分市,オオイタシ,Oita-shi,,,,大字西明野,オオアザニシアケノ,,,,,,,,,0,0,0,0,0,0,1,1,1947-04-17,,0,,
442011,0118000,1,大分県,オオイタケン,Oita,,,,大分市,オオイタシ,Oita-shi,,,,大字西ノ洲,オオアザニシノス,Nishinosu,,,,,,,,0,0,0,0,0,0,1,1,1947-04-17,,0,8700902,
442011,0119000,1,大分県,オオイタケン,Oita,,,,大分市,オオイタシ,Oita-shi,,,,大字丹生,オオアザニュウ,Nyu,,,,,,,,0,0,0,0,0,0,1,1,1947-04-17,,0,8700318,
442011,0120000,1,大分県,オオイタケン,Oita,,,,大分市,オオイタシ,Oita-shi,,,,大字野田,オオアザノダ,Noda,,,,,,,,0,0,0,0,0,0,1,1,1947-04-17,,0,8700868,
442011,0121000,1,大分県,オオイタケン,Oita,,,,大分市,オオイタシ,Oita-shi,,,,大字野津原,オオアザノツハル,Notsuharu,,,,,,,,0,0,0,0,0,0,1,1,1947-04-17,,0,8701203,
442011,0122000,1,大分県,オオイタケン,Oita,,,,大分市,オオイタシ,Oita-shi,,,,大字萩尾,オオアザハギオ,Hagio,,,,,,,,0,0,0,0,0,0,1,1,1947-04-17,,0,8797883,
442011,0123000,1,大分県,オオイタケン,Oita,,,,大分市,オオイタシ,Oita-shi,,,,大字羽田,オオアザハダ,Hada,,,,,,,,0,0,0,0,0,0,1,1,1947-04-17,,0,8700942,
442011,0124000,1,大分県,オオイタケン,Oita,,,,大分市,オオイタシ,Oita-shi,,,,大字畑中,オオアザハタケナカ,Hatakenaka,,,,,,,,0,0,0,0,0,0,1,1,1947-04-17,,0,8700856,
442011,0125000,1,大分県,オオイタケン,Oita,,,,大分市,オオイタシ,Oita-shi,,,,大字端登,オオアザハタノボリ,Hatanobori,,,,,,,,0,0,0,0,0,0,1,1,1947-04-17,,0,8797502,
442011,0126000,1,大分県,オオイタケン,Oita,,,,大分市,オオイタシ,Oita-shi,,,,大字馬場,オオアザババ,Baba,,,,,,,,0,0,0,0,0,0,1,1,1947-04-17,,0,8792112,
442011,0127000,1,大分県,オオイタケン,Oita,,,,大分市,オオイタシ,Oita-shi,,,,大字浜,オオアザハマ,,,,,,,,,0,0,0,0,0,0,1,1,1947-04-17,,0,,
442011,0128000,1,大分県,オオイタケン,Oita,,,,大分市,オオイタシ,Oita-shi,,,,大字羽屋,オオアザハヤ,Haya,,,,,,,,0,0,0,0,0,0,1,1,1947-04-17,,0,8700854,
442011,0129000,1,大分県,オオイタケン,Oita,,,,大分市,オオイタシ,Oita-shi,,,,大字東明野,オオアザヒガシアケノ,Higashiakeno,,,,,,,,0,0,0,0,0,0,1,1,1947-04-17,,0,8700151,
442011,0130000,1,大分県,オオイタケン,Oita,,,,大分市,オオイタシ,Oita-shi,,,,大字東上野,オオアザヒガシウエノ,Higashiueno,,,,,,,,0,0,0,0,0,0,1,1,1947-04-17,,0,8700306,
442011,0131000,1,大分県,オオイタケン,Oita,,,,大分市,オオイタシ,Oita-shi,,,,大字日吉原,オオアザヒヨシバル,Hiyoshibaru,,,,,,,,0,0,0,0,0,0,1,1,1947-04-17,,0,8700301,
442011,0132000,1,大分県,オオイタケン,Oita,,,,大分市,オオイタシ,Oita-shi,,,,大字平横瀬,オオアザヒラヨコセ,Hirayokose,,,,,,,,0,0,0,0,0,0,1,1,1947-04-17,,0,8700866,
442011,0133000,1,大分県,オオイタケン,Oita,,,,大分市,オオイタシ,Oita-shi,,,,大字広内,オオアザヒロウチ,Hirochi,,,,,,,,0,0,0,0,0,0,1,0,1947-04-17,,0,8700277,
442011,0134000,1,大分県,オオイタケン,Oita,,,,大分市,オオイタシ,Oita-shi,,,,大字福宗,オオアザフクムネ,Fukumune,,,,,,,,0,0,0,0,0,0,1,1,1947-04-17,,0,8701205,
442011,0135000,1,大分県,オオイタケン,Oita,,,,大分市,オオイタシ,Oita-shi,,,,大字福良,オオアザフクラ,Fukura,,,,,,,,0,0,0,0,0,0,1,1,1947-04-17,,0,8797874,
442011,0137000,1,大分県,オオイタケン,Oita,,,,大分市,オオイタシ,Oita-shi,,,,大字古国府,オオアザフルゴウ,Furugo,,,,,,,,0,0,0,0,0,0,1,1,1947-04-17,,0,8700844,
442011,0138000,1,大分県,オオイタケン,Oita,,,,大分市,オオイタシ,Oita-shi,,,,大字細,オオアザホソ,Hoso,,,,,,,,0,0,0,0,0,0,1,1,1947-04-17,,0,8700305,
442011,0139000,1,大分県,オオイタケン,Oita,,,,大分市,オオイタシ,Oita-shi,,,,大字本神崎,オオアザホンコウザキ,Honkozaki,,,,,,,,0,0,0,0,0,0,1,1,1947-04-17,,0,8792111,
442011,0140000,1,大分県,オオイタケン,Oita,,,,大分市,オオイタシ,Oita-shi,,,,大字曲,オオアザマガリ,,,,,,,,,0,0,0,0,0,0,1,1,1947-04-17,,0,,
442011,0141000,1,大分県,オオイタケン,Oita,,,,大分市,オオイタシ,Oita-shi,,,,大字牧,オオアザマキ,,,,,,,,,0,0,0,0,0,0,1,1,1947-04-17,,0,,
442011,0142000,1,大分県,オオイタケン,Oita,,,,大分市,オオイタシ,Oita-shi,,,,大字政所,オオアザマドコロ,Madokoro,,,,,,,,0,0,0,0,0,0,1,1,1947-04-17,,0,8700268,
442011,0143000,1,大分県,オオイタケン,Oita,,,,大分市,オオイタシ,Oita-shi,,,,大字丸亀,オオアザマルガメ,Marugame,,,,,,,,0,0,0,0,0,0,1,1,1947-04-17,,0,8700122,
442011,0144000,1,大分県,オオイタケン,Oita,,,,大分市,オオイタシ,Oita-shi,,,,大字三佐,オオアザミサ,Misa,,,,,,,,0,0,0,0,0,0,1,1,1947-04-17,,0,8700108,
442011,0145000,1,大分県,オオイタケン,Oita,,,,大分市,オオイタシ,Oita-shi,,,,大字光吉,オオアザミツヨシ,Mitsuyoshi,,,,,,,,0,0,0,0,0,0,1,1,1947-04-17,,0,8701132,
442011,0145000,1,大分県,オオイタケン,Oita,,,,大分市,オオイタシ,Oita-shi,,,,大字光吉,オオアザミツヨシ,Mitsuyoshi,,,,,,,,1,1,0,0,0,0,1,1,1947-04-17,2025-05-09,0,8701132,
442011,0146000,1,大分県,オオイタケン,Oita,,,,大分市,オオイタシ,Oita-shi,,,,大字皆春,オオアザミナハル,Minaharu,,,,,,,,0,0,0,0,0,0,1,1,1947-04-17,,0,8700131,
442011,0147000,1,大分県,オオイタケン,Oita,,,,大分市,オオイタシ,Oita-shi,,,,大字南,オオアザミナミ,Minami,,,,,,,,0,0,0,0,0,0,1,1,1947-04-17,,0,8700117,
442011,0148000,1,大分県,オオイタケン,Oita,,,,大分市,オオイタシ,Oita-shi,,,,大字宮尾,オオアザミヤオ,Miyao,,,,,,,,0,0,0,0,0,0,1,1,1947-04-17,,0,8797873,
442011,0149000,1,大分県,オオイタケン,Oita,,,,大分市,オオイタシ,Oita-shi,,,,大字宮河内,オオアザミヤカワチ,Miyakawauchi,,,,,,,,0,0,0,0,0,0,1,1,1947-04-17,,0,8700276,
442011,0150000,1,大分県,オオイタケン,Oita,,,,大分市,オオイタシ,Oita-shi,,,,大字宮崎,オオアザミヤザキ,Miyazaki,,,,,,,,0,0,0,0,0,0,1,1,1947-04-17,,0,8701133,
442011,0151000,1,大分県,オオイタケン,Oita,,,,大分市,オオイタシ,Oita-shi,,,,大字三芳,オオアザミヨシ,Miyoshi,,,,,,,,0,0,0,0,0,0,1,1,1947-04-17,,0,8700030,
442011,0152000,1,大分県,オオイタケン,Oita,,,,大分市,オオイタシ,Oita-shi,,,,大字廻栖野,オオアザメグスノ,,,,,,,,,0,0,0,0,0,0,1,1,1947-04-17,,0,,
442011,0153000,1,大分県,オオイタケン,Oita,,,,大分市,オオイタシ,Oita-shi,,,,大字森,オオアザモリ,Mori,,,,,,,,0,0,0,0,0,0,1,1,1947-04-17,,0,8700128,
442011,0154000,1,大分県,オオイタケン,Oita,,,,大分市,オオイタシ,Oita-shi,,,,大字森町,オオアザモリマチ,Morimachi,,,,,,,,0,0,0,0,0,0,1,1,1947-04-17,,0,8700127,
442011,0155000,1,大分県,オオイタケン,Oita,,,,大分市,オオイタシ,Oita-shi,,,,大字八幡,オオアザヤハタ,,,,,,,,,0,0,0,0,0,0,1,1,1947-04-17,,0,,
442011,0156000,1,大分県,オオイタケン,Oita,,,,大分市,オオイタシ,Oita-shi,,,,大字屋山,オオアザヤヤマ,Yayama,,,,,,,,0,0,0,0,0,0,1,1,1947-04-17,,0,8700313,
442011,0157000,1,大分県,オオイタケン,Oita,,,,大分市,オオイタシ,Oita-shi,,,,大字横尾,オオアザヨコオ,Yoko,,,,,,,,0,0,0,0,0,0,1,1,1947-04-17,,0,8700126,
442011,0158000,1,大分県,オオイタケン,Oita,,,,大分市,オオイタシ,Oita-shi,,,,大字横瀬,オオアザヨコセ,Yokose,,,,,,,,0,0,0,0,0,0,1,1,1947-04-17,,0,8701173,
442011,0159000,1,大分県,オオイタケン,Oita,,,,大分市,オオイタシ,Oita-shi,,,,大字横田,オオアザヨコタ,Yokota,,,,,,,,0,0,0,0,0,0,1,1,1947-04-17,,0,8700263,
442011,0160000,1,大分県,オオイタケン,Oita,,,,大分市,オオイタシ,Oita-shi,,,,大字吉野原,オオアザヨシノハル,Yoshinoharu,,,,,,,,0,0,0,0,0,0,1,1,1947-04-17,,0,8797875,
442011,0161000,1,大分県,オオイタケン,Oita,,,,大分市,オオイタシ,Oita-shi,,,,大字永興,オオアザリョウゴ,Ryogo,,,,,,,,0,0,0,0,0,0,1,1,1947-04-17,,0,8700883,
442011,0162001,2,大分県,オオイタケン,Oita,,,,大分市,オオイタシ,Oita-shi,,,,大分流通業務団地,オオイタリュウツウギョウムダンチ,Oitaryutsugyomudanchi,１丁目,１チョウメ,1,,,,,0,0,0,0,0,0,1,1,1947-04-17,,0,,
442011,0162001,2,大分県,オオイタケン,Oita,,,,大分市,オオイタシ,Oita-shi,,,,大分流通業務団地,オオイタリュウツウギョウムダンチ,Oitaryutsugyomudanchi,１丁目,１チョウメ,1,,,,,1,1,0,0,0,0,1,1,1947-04-17,2025-05-09,0,,
442011,0162002,2,大分県,オオイタケン,Oita,,,,大分市,オオイタシ,Oita-shi,,,,大分流通業務団地,オオイタリュウツウギョウムダンチ,Oitaryutsugyomudanchi,２丁目,２チョウメ,2,,,,,0,0,0,0,0,0,1,1,1947-04-17,,0,,
442011,0162002,2,大分県,オオイタケン,Oita,,,,大分市,オオイタシ,Oita-shi,,,,大分流通業務団地,オオイタリュウツウギョウムダンチ,Oitaryutsugyomudanchi,２丁目,２チョウメ,2,,,,,1,1,0,0,0,0,1,1,1947-04-17,2025-05-09,0,,
442011,0162003,2,大分県,オオイタケン,Oita,,,,大分市,オオイタシ,Oita-shi,,,,大分流通業務団地,オオイタリュウツウギョウムダンチ,Oitaryutsugyomudanchi,３丁目,３チョウメ,3,,,,,0,0,0,0,0,0,1,1,1947-04-17,,0,,
442011,0163001,2,大分県,オオイタケン,Oita,,,,大分市,オオイタシ,Oita-shi,,,,大在北,オオザイキタ,Ozaikita,１丁目,１チョウメ,1,,,,,1,1,0,0,0,0,1,1,1947-04-17,,0,,
442011,0163002,2,大分県,オオイタケン,Oita,,,,大分市,オオイタシ,Oita-shi,,,,大在北,オオザイキタ,Ozaikita,２丁目,２チョウメ,2,,,,,1,1,0,0,0,0,1,1,1947-04-17,,0,,
442011,0163003,2,大分県,オオイタケン,Oita,,,,大分市,オオイタシ,Oita-shi,,,,大在北,オオザイキタ,Ozaikita,３丁目,３チョウメ,3,,,,,1,1,0,0,0,0,1,1,1947-04-17,,0,,
442011,0163004,2,大分県,オオイタケン,Oita,,,,大分市,オオイタシ,Oita-shi,,,,大在北,オオザイキタ,Ozaikita,４丁目,４チョウメ,4,,,,,1,1,0,0,0,0,1,1,1947-04-17,,0,,
442011,0164001,2,大分県,オオイタケン,Oita,,,,大分市,オオイタシ,Oita-shi,,,,大在中央,オオザイチュウオウ,Ozaichuo,１丁目,１チョウメ,1,,,,,1,1,0,0,0,0,1,1,1947-04-17,,0,,
442011,0164002,2,大分県,オオイタケン,Oita,,,,大分市,オオイタシ,Oita-shi,,,,大在中央,オオザイチュウオウ,Ozaichuo,２丁目,２チョウメ,2,,,,,1,1,0,0,0,0,1,1,1947-04-17,,0,,
442011,0165001,2,大分県,オオイタケン,Oita,,,,大分市,オオイタシ,Oita-shi,,,,大在浜,オオザイハマ,Ozaihama,１丁目,１チョウメ,1,,,,,1,1,0,0,0,0,1,1,1947-04-17,,0,,
442011,0165002,2,大分県,オオイタケン,Oita,,,,大分市,オオイタシ,Oita-shi,,,,大在浜,オオザイハマ,Ozaihama,２丁目,２チョウメ,2,,,,,1,1,0,0,0,0,1,1,1947-04-17,,0,,
442011,0166001,2,大分県,オオイタケン,Oita,,,,大分市,オオイタシ,Oita-shi,,,,大州浜,オオスハマ,Osuhama,１丁目,１チョウメ,1,,,,,1,1,0,0,0,0,1,1,1947-04-17,,0,,
442011,0166002,2,大分県,オオイタケン,Oita,,,,大分市,オオイタシ,Oita-shi,,,,大州浜,オオスハマ,Osuhama,２丁目,２チョウメ,2,,,,,1,1,0,0,0,0,1,1,1947-04-17,,0,,
442011,0167001,2,大分県,オオイタケン,Oita,,,,大分市,オオイタシ,Oita-shi,,,,大津町,オオツマチ,Otsumachi,１丁目,１チョウメ,1,,,,,1,1,0,0,0,0,1,1,1947-04-17,,0,,
442011,0167002,2,大分県,オオイタケン,Oita,,,,大分市,オオイタシ,Oita-shi,,,,大津町,オオツマチ,Otsumachi,２丁目,２チョウメ,2,,,,,1,1,0,0,0,0,1,1,1947-04-17,,0,,
442011,0167003,2,大分県,オオイタケン,Oita,,,,大分市,オオイタシ,Oita-shi,,,,大津町,オオツマチ,Otsumachi,３丁目,３チョウメ,3,,,,,1,1,0,0,0,0,1,1,1947-04-17,,0,,
442011,0168001,2,大分県,オオイタケン,Oita,,,,大分市,オオイタシ,Oita-shi,,,,大手町,オオテマチ,Otemachi,１丁目,１チョウメ,1,,,,,1,1,0,0,0,0,1,1,1947-04-17,,0,,
442011,0168002,2,大分県,オオイタケン,Oita,,,,大分市,オオイタシ,Oita-shi,,,,大手町,オオテマチ,Otemachi,２丁目,２チョウメ,2,,,,,1,1,0,0,0,0,1,1,1947-04-17,,0,,
442011,0168003,2,大分県,オオイタケン,Oita,,,,大分市,オオイタシ,Oita-shi,,,,大手町,オオテマチ,Otemachi,３丁目,３チョウメ,3,,,,,1,1,0,0,0,0,1,1,1947-04-17,,0,,
442011,0169001,2,大分県,オオイタケン,Oita,,,,大分市,オオイタシ,Oita-shi,,,,大道町,オオミチマチ,Omichimachi,１丁目,１チョウメ,1,,,,,1,1,0,0,0,0,1,1,1947-04-17,,0,,
442011,0169002,2,大分県,オオイタケン,Oita,,,,大分市,オオイタシ,Oita-shi,,,,大道町,オオミチマチ,Omichimachi,２丁目,２チョウメ,2,,,,,1,1,0,0,0,0,1,1,1947-04-17,,0,,
442011,0169003,2,大分県,オオイタケン,Oita,,,,大分市,オオイタシ,Oita-shi,,,,大道町,オオミチマチ,Omichimachi,３丁目,３チョウメ,3,,,,,1,1,0,0,0,0,1,1,1947-04-17,,0,,
442011,0169004,2,大分県,オオイタケン,Oita,,,,大分市,オオイタシ,Oita-shi,,,,大道町,オオミチマチ,Omichimachi,４丁目,４チョウメ,4,,,,,1,1,0,0,0,0,1,1,1947-04-17,,0,,
442011,0169005,2,大分県,オオイタケン,Oita,,,,大分市,オオイタシ,Oita-shi,,,,大道町,オオミチマチ,Omichimachi,５丁目,５チョウメ,5,,,,,1,1,0,0,0,0,1,1,1947-04-17,,0,,
442011,0170000,1,大分県,オオイタケン,Oita,,,,大分市,オオイタシ,Oita-shi,,,,乙津町,オトヅマチ,Otozumachi,,,,,,,,1,1,0,0,0,0,1,1,1947-04-17,,0,8700145,
442011,0171001,2,大分県,オオイタケン,Oita,,,,大分市,オオイタシ,Oita-shi,,,,乙津港町,オトヅミナトマチ,Otozuminatomachi,１丁目,１チョウメ,1,,,,,1,1,0,0,0,0,1,1,1947-04-17,,0,,
442011,0171002,2,大分県,オオイタケン,Oita,,,,大分市,オオイタシ,Oita-shi,,,,乙津港町,オトヅミナトマチ,Otozuminatomachi,２丁目,２チョウメ,2,,,,,1,1,0,0,0,0,1,1,1947-04-17,,0,,
442011,0172001,2,大分県,オオイタケン,Oita,,,,大分市,オオイタシ,Oita-shi,,,,小中島,オナカシマ,Onakashima,１丁目,１チョウメ,1,,,,,1,1,0,0,0,0,1,1,1947-04-17,,0,,
442011,0172002,2,大分県,オオイタケン,Oita,,,,大分市,オオイタシ,Oita-shi,,,,小中島,オナカシマ,Onakashima,２丁目,２チョウメ,2,,,,,1,1,0,0,0,0,1,1,1947-04-17,,0,,
442011,0172003,2,大分県,オオイタケン,Oita,,,,大分市,オオイタシ,Oita-shi,,,,小中島,オナカシマ,Onakashima,３丁目,３チョウメ,3,,,,,1,1,0,0,0,0,1,1,1947-04-17,,0,,
442011,0173001,2,大分県,オオイタケン,Oita,,,,大分市,オオイタシ,Oita-shi,,,,小野鶴南,オノヅルミナミ,Onotsuruminami,１丁目,１チョウメ,1,,,,,1,1,0,0,0,0,1,1,1947-04-17,,0,,
442011,0173002,2,大分県,オオイタケン,Oita,,,,大分市,オオイタシ,Oita-shi,,,,小野鶴南,オノヅルミナミ,Onotsuruminami,２丁目,２チョウメ,2,,,,,1,1,0,0,0,0,1,1,1947-04-17,,0,,
442011,0174001,2,大分県,オオイタケン,Oita,,,,大分市,オオイタシ,Oita-shi,,,,賀来北,カクキタ,Kakukita,１丁目,１チョウメ,1,,,,,1,1,0,0,0,0,1,1,1947-04-17,,0,,
442011,0174002,2,大分県,オオイタケン,Oita,,,,大分市,オオイタシ,Oita-shi,,,,賀来北,カクキタ,Kakukita,２丁目,２チョウメ,2,,,,,1,1,0,0,0,0,1,1,1947-04-17,,0,,
442011,0174003,2,大分県,オオイタケン,Oita,,,,大分市,オオイタシ,Oita-shi,,,,賀来北,カクキタ,Kakukita,３丁目,３チョウメ,3,,,,,1,1,0,0,0,0,1,1,1947-04-17,,0,,
442011,0175001,2,大分県,オオイタケン,Oita,,,,大分市,オオイタシ,Oita-shi,,,,賀来南,カクミナミ,Kakuminami,１丁目,１チョウメ,1,,,,,1,1,0,0,0,0,1,1,1947-04-17,,0,,
442011,0175002,2,大分県,オオイタケン,Oita,,,,大分市,オオイタシ,Oita-shi,,,,賀来南,カクミナミ,Kakuminami,２丁目,２チョウメ,2,,,,,1,1,0,0,0,0,1,1,1947-04-17,,0,,
442011,0175003,2,大分県,オオイタケン,Oita,,,,大分市,オオイタシ,Oita-shi,,,,賀来南,カクミナミ,Kakuminami,３丁目,３チョウメ,3,,,,,1,1,0,0,0,0,1,1,1947-04-17,,0,,
442011,0176001,2,大分県,オオイタケン,Oita,,,,大分市,オオイタシ,Oita-shi,,,,かたしま台,カタシマダイ,Katashimadai,１丁目,１チョウメ,1,,,,,0,0,0,0,0,0,1,1,1947-04-17,,0,,
442011,0176001,2,大分県,オオイタケン,Oita,,,,大分市,オオイタシ,Oita-shi,,,,かたしま台,カタシマダイ,Katashimadai,１丁目,１チョウメ,1,,,,,1,1,0,0,0,0,1,1,1947-04-17,2025-05-09,0,,
442011,0176002,2,大分県,オオイタケン,Oita,,,,大分市,オオイタシ,Oita-shi,,,,かたしま台,カタシマダイ,Katashimadai,２丁目,２チョウメ,2,,,,,0,0,0,0,0,0,1,1,1947-04-17,,0,,
442011,0176003,2,大分県,オオイタケン,Oita,,,,大分市,オオイタシ,Oita-shi,,,,かたしま台,カタシマダイ,Katashimadai,３丁目,３チョウメ,3,,,,,0,0,0,0,0,0,1,1,1947-04-17,,0,,
442011,0177001,2,大分県,オオイタケン,Oita,,,,大分市,オオイタシ,Oita-shi,,,,金池町,カナイケマチ,Kanaikemachi,１丁目,１チョウメ,1,,,,,1,1,0,0,0,0,1,1,1947-04-17,,0,,
442011,0177002,2,大分県,オオイタケン,Oita,,,,大分市,オオイタシ,Oita-shi,,,,金池町,カナイケマチ,Kanaikemachi,２丁目,２チョウメ,2,,,,,1,1,0,0,0,0,1,1,1947-04-17,,0,,
442011,0177003,2,大分県,オオイタケン,Oita,,,,大分市,オオイタシ,Oita-shi,,,,金池町,カナイケマチ,Kanaikemachi,３丁目,３チョウメ,3,,,,,1,1,0,0,0,0,1,1,1947-04-17,,0,,
442011,0177004,2,大分県,オオイタケン,Oita,,,,大分市,オオイタシ,Oita-shi,,,,金池町,カナイケマチ,Kanaikemachi,４丁目,４チョウメ,4,,,,,1,1,0,0,0,0,1,1,1947-04-17,,0,,
442011,0177005,2,大分県,オオイタケン,Oita,,,,大分市,オオイタシ,Oita-shi,,,,金池町,カナイケマチ,Kanaikemachi,５丁目,５チョウメ,5,,,,,1,1,0,0,0,0,1,1,1947-04-17,,0,,
442011,0178001,2,大分県,オオイタケン,Oita,,,,大分市,オオイタシ,Oita-shi,,,,金池南,カナイケミナミ,Kanaikeminami,１丁目,１チョウメ,1,,,,,1,1,0,0,0,0,1,1,1947-04-17,,0,,
442011,0178002,2,大分県,オオイタケン,Oita,,,,大分市,オオイタシ,Oita-shi,,,,金池南,カナイケミナミ,Kanaikeminami,２丁目,２チョウメ,2,,,,,1,1,0,0,0,0,1,1,1947-04-17,,0,,
442011,0179000,1,大分県,オオイタケン,Oita,,,,大分市,オオイタシ,Oita-shi,,,,要町,カナメマチ,Kanamemachi,,,,,,,,1,1,0,0,0,0,1,1,1947-04-17,,0,8700831,
442011,0180001,2,大分県,オオイタケン,Oita,,,,大分市,オオイタシ,Oita-shi,,,,北鶴崎,キタツルサキ,Kitatsurusaki,１丁目,１チョウメ,1,,,,,1,1,0,0,0,0,1,1,1947-04-17,,0,,
442011,0180002,2,大分県,オオイタケン,Oita,,,,大分市,オオイタシ,Oita-shi,,,,北鶴崎,キタツルサキ,Kitatsurusaki,２丁目,２チョウメ,2,,,,,1,1,0,0,0,0,1,1,1947-04-17,,0,,
442011,0181001,2,大分県,オオイタケン,Oita,,,,大分市,オオイタシ,Oita-shi,,,,季の坂,キノサカ,Kinosaka,１丁目,１チョウメ,1,,,,,1,1,0,0,0,0,1,1,1947-04-17,,0,,
442011,0181002,2,大分県,オオイタケン,Oita,,,,大分市,オオイタシ,Oita-shi,,,,季の坂,キノサカ,Kinosaka,２丁目,２チョウメ,2,,,,,1,1,0,0,0,0,1,1,1947-04-17,,0,,
442011,0181003,2,大分県,オオイタケン,Oita,,,,大分市,オオイタシ,Oita-shi,,,,季の坂,キノサカ,Kinosaka,３丁目,３チョウメ,3,,,,,1,1,0,0,0,0,1,1,1947-04-17,,0,,
442011,0182001,2,大分県,オオイタケン,Oita,,,,大分市,オオイタシ,Oita-shi,,,,希望が丘,キボウガオカ,Kibogaoka,１丁目,１チョウメ,1,,,,,0,0,0,0,0,0,1,1,1947-04-17,,0,,
442011,0182002,2,大分県,オオイタケン,Oita,,,,大分市,オオイタシ,Oita-shi,,,,希望が丘,キボウガオカ,Kibogaoka,２丁目,２チョウメ,2,,,,,0,0,0,0,0,0,1,1,1947-04-17,,0,,
442011,0182002,2,大分県,オオイタケン,Oita,,,,大分市,オオイタシ,Oita-shi,,,,希望が丘,キボウガオカ,Kibogaoka,２丁目,２チョウメ,2,,,,,1,1,0,0,0,0,1,1,1947-04-17,2025-05-09,0,,
442011,0183000,1,大分県,オオイタケン,Oita,,,,大分市,オオイタシ,Oita-shi,,,,久原北,クバルキタ,Kubarukita,,,,,,,,1,1,0,0,0,0,1,1,1947-04-17,,0,8700324,
442011,0184001,2,大分県,オオイタケン,Oita,,,,大分市,オオイタシ,Oita-shi,,,,久原中央,クバルチュウオウ,Kubaruchuo,１丁目,１チョウメ,1,,,,,1,1,0,0,0,0,1,1,1947-04-17,,0,,
442011,0184002,2,大分県,オオイタケン,Oita,,,,大分市,オオイタシ,Oita-shi,,,,久原中央,クバルチュウオウ,Kubaruchuo,２丁目,２チョウメ,2,,,,,1,1,0,0,0,0,1,1,1947-04-17,,0,,
442011,0184003,2,大分県,オオイタケン,Oita,,,,大分市,オオイタシ,Oita-shi,,,,久原中央,クバルチュウオウ,Kubaruchuo,３丁目,３チョウメ,3,,,,,1,1,0,0,0,0,1,1,1947-04-17,,0,,
442011,0184004,2,大分県,オオイタケン,Oita,,,,大分市,オオイタシ,Oita-shi,,,,久原中央,クバルチュウオウ,Kubaruchuo,４丁目,４チョウメ,4,,,,,1,1,0,0,0,0,1,1,1947-04-17,,0,,
442011,0185001,2,大分県,オオイタケン,Oita,,,,大分市,オオイタシ,Oita-shi,,,,久原南,クバルミナミ,Kubaruminami,１丁目,１チョウメ,1,,,,,1,1,0,0,0,0,1,1,1947-04-17,,0,,
442011,0185002,2,大分県,オオイタケン,Oita,,,,大分市,オオイタシ,Oita-shi,,,,久原南,クバルミナミ,Kubaruminami,２丁目,２チョウメ,2,,,,,1,1,0,0,0,0,1,1,1947-04-17,,0,,
442011,0186001,2,大分県,オオイタケン,Oita,,,,大分市,オオイタシ,Oita-shi,,,,けやき台,ケヤキダイ,Keyakidai,１丁目,１チョウメ,1,,,,,0,0,0,0,0,0,1,1,1947-04-17,,0,,
442011,0186002,2,大分県,オオイタケン,Oita,,,,大分市,オオイタシ,Oita-shi,,,,けやき台,ケヤキダイ,Keyakidai,２丁目,２チョウメ,2,,,,,0,0,0,0,0,0,1,1,1947-04-17,,0,,
442011,0186003,2,大分県,オオイタケン,Oita,,,,大分市,オオイタシ,Oita-shi,,,,けやき台,ケヤキダイ,Keyakidai,３丁目,３チョウメ,3,,,,,0,0,0,0,0,0,1,1,1947-04-17,,0,,
442011,0186004,2,大分県,オオイタケン,Oita,,,,大分市,オオイタシ,Oita-shi,,,,けやき台,ケヤキダイ,Keyakidai,４丁目,４チョウメ,4,,,,,0,0,0,0,0,0,1,1,1947-04-17,,0,,
442011,0187001,2,大分県,オオイタケン,Oita,,,,大分市,オオイタシ,Oita-shi,,,,顕徳町,ケントクマチ,Kentokumachi,１丁目,１チョウメ,1,,,,,1,1,0,0,0,0,1,1,1947-04-17,,0,,
442011,0187002,2,大分県,オオイタケン,Oita,,,,大分市,オオイタシ,Oita-shi,,,,顕徳町,ケントクマチ,Kentokumachi,２丁目,２チョウメ,2,,,,,1,1,0,0,0,0,1,1,1947-04-17,,0,,
442011,0187003,2,大分県,オオイタケン,Oita,,,,大分市,オオイタシ,Oita-shi,,,,顕徳町,ケントクマチ,Kentokumachi,３丁目,３チョウメ,3,,,,,1,1,0,0,0,0,1,1,1947-04-17,,0,,
442011,0188001,2,大分県,オオイタケン,Oita,,,,大分市,オオイタシ,Oita-shi,,,,公園通り,コウエンドオリ,Koendori,１丁目,１チョウメ,1,,,,,0,0,0,0,0,0,1,1,1947-04-17,,0,,
442011,0188001,2,大分県,オオイタケン,Oita,,,,大分市,オオイタシ,Oita-shi,,,,公園通り,コウエンドオリ,Koendori,１丁目,１チョウメ,1,,,,,1,1,0,0,0,0,1,1,1947-04-17,2025-05-09,0,,
442011,0188002,2,大分県,オオイタケン,Oita,,,,大分市,オオイタシ,Oita-shi,,,,公園通り,コウエンドオリ,Koendori,２丁目,２チョウメ,2,,,,,0,0,0,0,0,0,1,1,1947-04-17,,0,,
442011,0188002,2,大分県,オオイタケン,Oita,,,,大分市,オオイタシ,Oita-shi,,,,公園通り,コウエンドオリ,Koendori,２丁目,２チョウメ,2,,,,,1,1,0,0,0,0,1,1,1947-04-17,2025-05-09,0,,
442011,0188003,2,大分県,オオイタケン,Oita,,,,大分市,オオイタシ,Oita-shi,,,,公園通り,コウエンドオリ,Koendori,３丁目,３チョウメ,3,,,,,0,0,0,0,0,0,1,1,1947-04-17,,0,,
442011,0188003,2,大分県,オオイタケン,Oita,,,,大分市,オオイタシ,Oita-shi,,,,公園通り,コウエンドオリ,Koendori,３丁目,３チョウメ,3,,,,,1,1,0,0,0,0,1,1,1947-04-17,2025-05-09,0,,
442011,0188004,2,大分県,オオイタケン,Oita,,,,大分市,オオイタシ,Oita-shi,,,,公園通り,コウエンドオリ,Koendori,４丁目,４チョウメ,4,,,,,0,0,0,0,0,0,1,1,1947-04-17,,0,,
442011,0188004,2,大分県,オオイタケン,Oita,,,,大分市,オオイタシ,Oita-shi,,,,公園通り,コウエンドオリ,Koendori,４丁目,４チョウメ,4,,,,,1,1,0,0,0,0,1,1,1947-04-17,2025-05-09,0,,
442011,0188005,2,大分県,オオイタケン,Oita,,,,大分市,オオイタシ,Oita-shi,,,,公園通り,コウエンドオリ,Koendori,５丁目,５チョウメ,5,,,,,0,0,0,0,0,0,1,1,1947-04-17,,0,,
442011,0188005,2,大分県,オオイタケン,Oita,,,,大分市,オオイタシ,Oita-shi,,,,公園通り,コウエンドオリ,Koendori,５丁目,５チョウメ,5,,,,,1,1,0,0,0,0,1,1,1947-04-17,2025-05-09,0,,
442011,0189001,2,大分県,オオイタケン,Oita,,,,大分市,オオイタシ,Oita-shi,,,,公園通り西,コウエンドオリニシ,Koendorinishi,１丁目,１チョウメ,1,,,,,0,0,0,0,0,0,1,1,1947-04-17,,0,,
442011,0189002,2,大分県,オオイタケン,Oita,,,,大分市,オオイタシ,Oita-shi,,,,公園通り西,コウエンドオリニシ,Koendorinishi,２丁目,２チョウメ,2,,,,,0,0,0,0,0,0,1,1,1947-04-17,,0,,
442011,0190001,2,大分県,オオイタケン,Oita,,,,大分市,オオイタシ,Oita-shi,,,,古ケ鶴,コガヅル,Kogazuru,１丁目,１チョウメ,1,,,,,1,1,0,0,0,0,1,1,1947-04-17,,0,,
442011,0190002,2,大分県,オオイタケン,Oita,,,,大分市,オオイタシ,Oita-shi,,,,古ケ鶴,コガヅル,Kogazuru,２丁目,２チョウメ,2,,,,,1,1,0,0,0,0,1,1,1947-04-17,,0,,
442011,0191000,1,大分県,オオイタケン,Oita,,,,大分市,オオイタシ,Oita-shi,,,,国分新町,コクブシンマチ,Kokubushimmachi,,,,,,,,1,1,0,0,0,0,1,1,1947-04-17,,0,8700869,
442011,0192001,2,大分県,オオイタケン,Oita,,,,大分市,オオイタシ,Oita-shi,,,,小佐井,コザイ,Kozai,１丁目,１チョウメ,1,,,,,1,1,0,0,0,0,1,1,1947-04-17,,0,,
442011,0192002,2,大分県,オオイタケン,Oita,,,,大分市,オオイタシ,Oita-shi,,,,小佐井,コザイ,Kozai,２丁目,２チョウメ,2,,,,,1,1,0,0,0,0,1,1,1947-04-17,,0,,
442011,0192003,2,大分県,オオイタケン,Oita,,,,大分市,オオイタシ,Oita-shi,,,,小佐井,コザイ,Kozai,３丁目,３チョウメ,3,,,,,1,1,0,0,0,0,1,1,1947-04-17,,0,,
442011,0193000,1,大分県,オオイタケン,Oita,,,,大分市,オオイタシ,Oita-shi,,,,寿町,コトブキマチ,Kotobukimachi,,,,,,,,1,1,0,0,0,0,1,1,1947-04-17,,0,8700036,
442011,0194001,2,大分県,オオイタケン,Oita,,,,大分市,オオイタシ,Oita-shi,,,,坂ノ市中央,サカノイチチュウオウ,Sakanoichichuo,１丁目,１チョウメ,1,,,,,1,1,0,0,0,0,1,1,1947-04-17,,0,,
442011,0194002,2,大分県,オオイタケン,Oita,,,,大分市,オオイタシ,Oita-shi,,,,坂ノ市中央,サカノイチチュウオウ,Sakanoichichuo,２丁目,２チョウメ,2,,,,,1,1,0,0,0,0,1,1,1947-04-17,,0,,
442011,0194003,2,大分県,オオイタケン,Oita,,,,大分市,オオイタシ,Oita-shi,,,,坂ノ市中央,サカノイチチュウオウ,Sakanoichichuo,３丁目,３チョウメ,3,,,,,1,1,0,0,0,0,1,1,1947-04-17,,0,,
442011,0194004,2,大分県,オオイタケン,Oita,,,,大分市,オオイタシ,Oita-shi,,,,坂ノ市中央,サカノイチチュウオウ,Sakanoichichuo,４丁目,４チョウメ,4,,,,,1,1,0,0,0,0,1,1,1947-04-17,,0,,
442011,0194005,2,大分県,オオイタケン,Oita,,,,大分市,オオイタシ,Oita-shi,,,,坂ノ市中央,サカノイチチュウオウ,Sakanoichichuo,５丁目,５チョウメ,5,,,,,1,1,0,0,0,0,1,1,1947-04-17,,0,,
442011,0195001,2,大分県,オオイタケン,Oita,,,,大分市,オオイタシ,Oita-shi,,,,坂ノ市西,サカノイチニシ,Sakanoichinishi,１丁目,１チョウメ,1,,,,,1,1,0,0,0,0,1,1,1947-04-17,,0,,
442011,0195002,2,大分県,オオイタケン,Oita,,,,大分市,オオイタシ,Oita-shi,,,,坂ノ市西,サカノイチニシ,Sakanoichinishi,２丁目,２チョウメ,2,,,,,1,1,0,0,0,0,1,1,1947-04-17,,0,,
442011,0196001,2,大分県,オオイタケン,Oita,,,,大分市,オオイタシ,Oita-shi,,,,坂ノ市南,サカノイチミナミ,Sakanoichiminami,１丁目,１チョウメ,1,,,,,1,1,0,0,0,0,1,1,1947-04-17,,0,,
442011,0196002,2,大分県,オオイタケン,Oita,,,,大分市,オオイタシ,Oita-shi,,,,坂ノ市南,サカノイチミナミ,Sakanoichiminami,２丁目,２チョウメ,2,,,,,1,1,0,0,0,0,1,1,1947-04-17,,0,,
442011,0196003,2,大分県,オオイタケン,Oita,,,,大分市,オオイタシ,Oita-shi,,,,坂ノ市南,サカノイチミナミ,Sakanoichiminami,３丁目,３チョウメ,3,,,,,1,1,0,0,0,0,1,1,1947-04-17,,0,,
442011,0196004,2,大分県,オオイタケン,Oita,,,,大分市,オオイタシ,Oita-shi,,,,坂ノ市南,サカノイチミナミ,Sakanoichiminami,４丁目,４チョウメ,4,,,,,1,1,0,0,0,0,1,1,1947-04-17,,0,,
442011,0197000,1,大分県,オオイタケン,Oita,,,,大分市,オオイタシ,Oita-shi,,,,桜ケ丘,サクラガオカ,Sakuragaoka,,,,,,,,1,1,0,0,0,0,1,1,1947-04-17,,0,8700838,
442011,0198001,2,大分県,オオイタケン,Oita,,,,大分市,オオイタシ,Oita-shi,,,,里,サト,Sato,１丁目,１チョウメ,1,,,,,1,1,0,0,0,0,1,1,1947-04-17,,0,,
442011,0198002,2,大分県,オオイタケン,Oita,,,,大分市,オオイタシ,Oita-shi,,,,里,サト,Sato,２丁目,２チョウメ,2,,,,,1,1,0,0,0,0,1,1,1947-04-17,,0,,
442011,0198003,2,大分県,オオイタケン,Oita,,,,大分市,オオイタシ,Oita-shi,,,,里,サト,Sato,３丁目,３チョウメ,3,,,,,1,1,0,0,0,0,1,1,1947-04-17,,0,,
442011,0199001,2,大分県,オオイタケン,Oita,,,,大分市,オオイタシ,Oita-shi,,,,汐見,シオミ,Shiomi,１丁目,１チョウメ,1,,,,,1,1,0,0,0,0,1,1,1947-04-17,,0,,
442011,0199002,2,大分県,オオイタケン,Oita,,,,大分市,オオイタシ,Oita-shi,,,,汐見,シオミ,Shiomi,２丁目,２チョウメ,2,,,,,1,1,0,0,0,0,1,1,1947-04-17,,0,,
442011,0200000,1,大分県,オオイタケン,Oita,,,,大分市,オオイタシ,Oita-shi,,,,敷戸北町,シキドキタマチ,Shikido Kitamachi,,,,,,,,1,1,0,0,0,0,1,1,1947-04-17,,0,8701101,
442011,0201000,1,大分県,オオイタケン,Oita,,,,大分市,オオイタシ,Oita-shi,,,,敷戸新町,シキドシンマチ,Shikido Shimmachi,,,,,,,,1,1,0,0,0,0,1,1,1947-04-17,,0,8701102,
442011,0202001,2,大分県,オオイタケン,Oita,,,,大分市,オオイタシ,Oita-shi,,,,敷戸台,シキドダイ,Shikidodai,１丁目,１チョウメ,1,,,,,1,1,0,0,0,0,1,1,1947-04-17,,0,,
442011,0202002,2,大分県,オオイタケン,Oita,,,,大分市,オオイタシ,Oita-shi,,,,敷戸台,シキドダイ,Shikidodai,２丁目,２チョウメ,2,,,,,1,1,0,0,0,0,1,1,1947-04-17,,0,,
442011,0203000,1,大分県,オオイタケン,Oita,,,,大分市,オオイタシ,Oita-shi,,,,敷戸西町,シキドニシマチ,Shikido Nishimachi,,,,,,,,1,1,0,0,0,0,1,1,1947-04-17,,0,8701103,
442011,0204000,1,大分県,オオイタケン,Oita,,,,大分市,オオイタシ,Oita-shi,,,,敷戸東町,シキドヒガシマチ,Shikido Higashimachi,,,,,,,,1,1,0,0,0,0,1,1,1947-04-17,,0,8701104,
442011,0205000,1,大分県,オオイタケン,Oita,,,,大分市,オオイタシ,Oita-shi,,,,敷戸南町,シキドミナミマチ,Shikido Minamimachi,,,,,,,,1,1,0,0,0,0,1,1,1947-04-17,,0,8701105,
442011,0206001,2,大分県,オオイタケン,Oita,,,,大分市,オオイタシ,Oita-shi,,,,志村,シムラ,Shimura,１丁目,１チョウメ,1,,,,,1,1,0,0,0,0,1,1,1947-04-17,,0,,
442011,0206002,2,大分県,オオイタケン,Oita,,,,大分市,オオイタシ,Oita-shi,,,,志村,シムラ,Shimura,２丁目,２チョウメ,2,,,,,1,1,0,0,0,0,1,1,1947-04-17,,0,,
442011,0207001,2,大分県,オオイタケン,Oita,,,,大分市,オオイタシ,Oita-shi,,,,下郡北,シモゴウリキタ,Shimogori Kita,１丁目,１チョウメ,1,,,,,1,1,0,0,0,0,1,1,1947-04-17,,0,,
442011,0207002,2,大分県,オオイタケン,Oita,,,,大分市,オオイタシ,Oita-shi,,,,下郡北,シモゴウリキタ,Shimogori Kita,２丁目,２チョウメ,2,,,,,1,1,0,0,0,0,1,1,1947-04-17,,0,,
442011,0207003,2,大分県,オオイタケン,Oita,,,,大分市,オオイタシ,Oita-shi,,,,下郡北,シモゴウリキタ,Shimogori Kita,３丁目,３チョウメ,3,,,,,1,1,0,0,0,0,1,1,1947-04-17,,0,,
442011,0208001,2,大分県,オオイタケン,Oita,,,,大分市,オオイタシ,Oita-shi,,,,下郡中央,シモゴウリチュウオウ,Shimogori Chuo,１丁目,１チョウメ,1,,,,,1,1,0,0,0,0,1,1,1947-04-17,,0,,
442011,0208002,2,大分県,オオイタケン,Oita,,,,大分市,オオイタシ,Oita-shi,,,,下郡中央,シモゴウリチュウオウ,Shimogori Chuo,２丁目,２チョウメ,2,,,,,1,1,0,0,0,0,1,1,1947-04-17,,0,,
442011,0208003,2,大分県,オオイタケン,Oita,,,,大分市,オオイタシ,Oita-shi,,,,下郡中央,シモゴウリチュウオウ,Shimogori Chuo,３丁目,３チョウメ,3,,,,,1,1,0,0,0,0,1,1,1947-04-17,,0,,
442011,0209001,2,大分県,オオイタケン,Oita,,,,大分市,オオイタシ,Oita-shi,,,,下郡東,シモゴウリヒガシ,Shimogori Higashi,１丁目,１チョウメ,1,,,,,1,1,0,0,0,0,1,1,1947-04-17,,0,,
442011,0209002,2,大分県,オオイタケン,Oita,,,,大分市,オオイタシ,Oita-shi,,,,下郡東,シモゴウリヒガシ,Shimogori Higashi,２丁目,２チョウメ,2,,,,,1,1,0,0,0,0,1,1,1947-04-17,,0,,
442011,0210001,2,大分県,オオイタケン,Oita,,,,大分市,オオイタシ,Oita-shi,,,,下郡南,シモゴウリミナミ,Shimogori Minami,１丁目,１チョウメ,1,,,,,1,1,0,0,0,0,1,1,1947-04-17,,0,,
442011,0210002,2,大分県,オオイタケン,Oita,,,,大分市,オオイタシ,Oita-shi,,,,下郡南,シモゴウリミナミ,Shimogori Minami,２丁目,２チョウメ,2,,,,,1,1,0,0,0,0,1,1,1947-04-17,,0,,
442011,0210003,2,大分県,オオイタケン,Oita,,,,大分市,オオイタシ,Oita-shi,,,,下郡南,シモゴウリミナミ,Shimogori Minami,３丁目,３チョウメ,3,,,,,1,1,0,0,0,0,1,1,1947-04-17,,0,,
442011,0210004,2,大分県,オオイタケン,Oita,,,,大分市,オオイタシ,Oita-shi,,,,下郡南,シモゴウリミナミ,Shimogori Minami,４丁目,４チョウメ,4,,,,,1,1,0,0,0,0,1,1,1947-04-17,,0,,
442011,0210005,2,大分県,オオイタケン,Oita,,,,大分市,オオイタシ,Oita-shi,,,,下郡南,シモゴウリミナミ,Shimogori Minami,５丁目,５チョウメ,5,,,,,1,1,0,0,0,0,1,1,1947-04-17,,0,,
442011,0211000,1,大分県,オオイタケン,Oita,,,,大分市,オオイタシ,Oita-shi,,,,庄境,ショウザカイ,Shozakai,,,,,,,,1,1,0,0,0,0,1,1,1947-04-17,,0,8700241,
442011,0212000,1,大分県,オオイタケン,Oita,,,,大分市,オオイタシ,Oita-shi,,,,城東町,ジョウトウマチ,,,,,,,,,1,1,0,0,0,0,1,1,1947-04-17,,0,,
442011,0213001,2,大分県,オオイタケン,Oita,,,,大分市,オオイタシ,Oita-shi,,,,城崎町,シロサキマチ,Shirosakimachi,１丁目,１チョウメ,1,,,,,1,1,0,0,0,0,1,1,1947-04-17,,0,,
442011,0213002,2,大分県,オオイタケン,Oita,,,,大分市,オオイタシ,Oita-shi,,,,城崎町,シロサキマチ,Shirosakimachi,２丁目,２チョウメ,2,,,,,1,1,0,0,0,0,1,1,1947-04-17,,0,,
442011,0213003,2,大分県,オオイタケン,Oita,,,,大分市,オオイタシ,Oita-shi,,,,城崎町,シロサキマチ,Shirosakimachi,３丁目,３チョウメ,3,,,,,1,1,0,0,0,0,1,1,1947-04-17,,0,,
442011,0214000,1,大分県,オオイタケン,Oita,,,,大分市,オオイタシ,Oita-shi,,,,新貝,シンガイ,Shingai,,,,,,,,1,1,0,0,0,0,1,1,1947-04-17,,0,8700911,
442011,0215001,2,大分県,オオイタケン,Oita,,,,大分市,オオイタシ,Oita-shi,,,,新春日町,シンカスガマチ,Shinkasugamachi,１丁目,１チョウメ,1,,,,,1,1,0,0,0,0,1,1,1947-04-17,,0,,
442011,0215002,2,大分県,オオイタケン,Oita,,,,大分市,オオイタシ,Oita-shi,,,,新春日町,シンカスガマチ,Shinkasugamachi,２丁目,２チョウメ,2,,,,,1,1,0,0,0,0,1,1,1947-04-17,,0,,
442011,0216001,2,大分県,オオイタケン,Oita,,,,大分市,オオイタシ,Oita-shi,,,,新川町,シンカワマチ,Shinkawamachi,１丁目,１チョウメ,1,,,,,1,1,0,0,0,0,1,1,1947-04-17,,0,,
442011,0216002,2,大分県,オオイタケン,Oita,,,,大分市,オオイタシ,Oita-shi,,,,新川町,シンカワマチ,Shinkawamachi,２丁目,２チョウメ,2,,,,,1,1,0,0,0,0,1,1,1947-04-17,,0,,
442011,0217000,1,大分県,オオイタケン,Oita,,,,大分市,オオイタシ,Oita-shi,,,,新栄町,シンサカエマチ,Shinsakaemachi,,,,,,,,1,1,0,0,0,0,1,1,1947-04-17,,0,8700919,
442011,0219001,2,大分県,オオイタケン,Oita,,,,大分市,オオイタシ,Oita-shi,,,,末広町,スエヒロマチ,Suehiromachi,１丁目,１チョウメ,1,,,,,1,1,0,0,0,0,1,1,1947-04-17,,0,,
442011,0219002,2,大分県,オオイタケン,Oita,,,,大分市,オオイタシ,Oita-shi,,,,末広町,スエヒロマチ,Suehiromachi,２丁目,２チョウメ,2,,,,,1,1,0,0,0,0,1,1,1947-04-17,,0,,
442011,0220001,2,大分県,オオイタケン,Oita,,,,大分市,オオイタシ,Oita-shi,,,,須賀,スガ,Suga,１丁目,１チョウメ,1,,,,,1,1,0,0,0,0,1,1,1947-04-17,,0,,
442011,0220002,2,大分県,オオイタケン,Oita,,,,大分市,オオイタシ,Oita-shi,,,,須賀,スガ,Suga,２丁目,２チョウメ,2,,,,,1,1,0,0,0,0,1,1,1947-04-17,,0,,
442011,0221001,2,大分県,オオイタケン,Oita,,,,大分市,オオイタシ,Oita-shi,,,,住吉町,スミヨシマチ,Sumiyoshimachi,１丁目,１チョウメ,1,,,,,1,1,0,0,0,0,1,1,1947-04-17,,0,,
442011,0221002,2,大分県,オオイタケン,Oita,,,,大分市,オオイタシ,Oita-shi,,,,住吉町,スミヨシマチ,Sumiyoshimachi,２丁目,２チョウメ,2,,,,,1,1,0,0,0,0,1,1,1947-04-17,,0,,
442011,0222001,2,大分県,オオイタケン,Oita,,,,大分市,オオイタシ,Oita-shi,,,,勢家町,セイケマチ,Seikemachi,１丁目,１チョウメ,1,,,,,1,1,0,0,0,0,1,1,1947-04-17,,0,,
442011,0222002,2,大分県,オオイタケン,Oita,,,,大分市,オオイタシ,Oita-shi,,,,勢家町,セイケマチ,Seikemachi,２丁目,２チョウメ,2,,,,,1,1,0,0,0,0,1,1,1947-04-17,,0,,
442011,0222003,2,大分県,オオイタケン,Oita,,,,大分市,オオイタシ,Oita-shi,,,,勢家町,セイケマチ,Seikemachi,３丁目,３チョウメ,3,,,,,1,1,0,0,0,0,1,1,1947-04-17,,0,,
442011,0222004,2,大分県,オオイタケン,Oita,,,,大分市,オオイタシ,Oita-shi,,,,勢家町,セイケマチ,Seikemachi,４丁目,４チョウメ,4,,,,,1,1,0,0,0,0,1,1,1947-04-17,,0,,
442011,0223001,2,大分県,オオイタケン,Oita,,,,大分市,オオイタシ,Oita-shi,,,,星和台,セイワダイ,Seiwadai,１丁目,１チョウメ,1,,,,,1,1,0,0,0,0,1,1,1947-04-17,,0,,
442011,0223002,2,大分県,オオイタケン,Oita,,,,大分市,オオイタシ,Oita-shi,,,,星和台,セイワダイ,Seiwadai,２丁目,２チョウメ,2,,,,,1,1,0,0,0,0,1,1,1947-04-17,,0,,
442011,0224001,2,大分県,オオイタケン,Oita,,,,大分市,オオイタシ,Oita-shi,,,,碩田町,セキデンマチ,Sekidemmachi,１丁目,１チョウメ,1,,,,,1,1,0,0,0,0,1,1,1947-04-17,,0,,
442011,0224002,2,大分県,オオイタケン,Oita,,,,大分市,オオイタシ,Oita-shi,,,,碩田町,セキデンマチ,Sekidemmachi,２丁目,２チョウメ,2,,,,,1,1,0,0,0,0,1,1,1947-04-17,,0,,
442011,0224003,2,大分県,オオイタケン,Oita,,,,大分市,オオイタシ,Oita-shi,,,,碩田町,セキデンマチ,Sekidemmachi,３丁目,３チョウメ,3,,,,,1,1,0,0,0,0,1,1,1947-04-17,,0,,
442011,0225001,2,大分県,オオイタケン,Oita,,,,大分市,オオイタシ,Oita-shi,,,,高江北,タカエキタ,Takae Kita,１丁目,１チョウメ,1,,,,,0,0,0,0,0,0,1,1,1947-04-17,,0,,
442011,0225001,2,大分県,オオイタケン,Oita,,,,大分市,オオイタシ,Oita-shi,,,,高江北,タカエキタ,Takae Kita,１丁目,１チョウメ,1,,,,,1,1,0,0,0,0,1,1,1947-04-17,2025-05-09,0,,
442011,0225002,2,大分県,オオイタケン,Oita,,,,大分市,オオイタシ,Oita-shi,,,,高江北,タカエキタ,Takae Kita,２丁目,２チョウメ,2,,,,,0,0,0,0,0,0,1,1,1947-04-17,,0,,
442011,0225002,2,大分県,オオイタケン,Oita,,,,大分市,オオイタシ,Oita-shi,,,,高江北,タカエキタ,Takae Kita,２丁目,２チョウメ,2,,,,,1,1,0,0,0,0,1,1,1947-04-17,2025-05-09,0,,
442011,0226001,2,大分県,オオイタケン,Oita,,,,大分市,オオイタシ,Oita-shi,,,,高江中央,タカエチュウオウ,Takae Chuo,１丁目,１チョウメ,1,,,,,0,0,0,0,0,0,1,1,1947-04-17,,0,,
442011,0226001,2,大分県,オオイタケン,Oita,,,,大分市,オオイタシ,Oita-shi,,,,高江中央,タカエチュウオウ,Takae Chuo,１丁目,１チョウメ,1,,,,,1,1,0,0,0,0,1,1,1947-04-17,2025-05-09,0,,
442011,0226002,2,大分県,オオイタケン,Oita,,,,大分市,オオイタシ,Oita-shi,,,,高江中央,タカエチュウオウ,Takae Chuo,２丁目,２チョウメ,2,,,,,0,0,0,0,0,0,1,1,1947-04-17,,0,,
442011,0226002,2,大分県,オオイタケン,Oita,,,,大分市,オオイタシ,Oita-shi,,,,高江中央,タカエチュウオウ,Takae Chuo,２丁目,２チョウメ,2,,,,,1,1,0,0,0,0,1,1,1947-04-17,2025-05-09,0,,
442011,0226003,2,大分県,オオイタケン,Oita,,,,大分市,オオイタシ,Oita-shi,,,,高江中央,タカエチュウオウ,Takae Chuo,３丁目,３チョウメ,3,,,,,0,0,0,0,0,0,1,1,1947-04-17,,0,,
442011,0227001,2,大分県,オオイタケン,Oita,,,,大分市,オオイタシ,Oita-shi,,,,高江西,タカエニシ,Takae Nishi,１丁目,１チョウメ,1,,,,,0,0,0,0,0,0,1,1,1947-04-17,,0,,
442011,0227002,2,大分県,オオイタケン,Oita,,,,大分市,オオイタシ,Oita-shi,,,,高江西,タカエニシ,Takae Nishi,２丁目,２チョウメ,2,,,,,0,0,0,0,0,0,1,1,1947-04-17,,0,,
442011,0228001,2,大分県,オオイタケン,Oita,,,,大分市,オオイタシ,Oita-shi,,,,高江南,タカエミナミ,Takae Minami,１丁目,１チョウメ,1,,,,,0,0,0,0,0,0,1,1,1947-04-17,,0,,
442011,0228001,2,大分県,オオイタケン,Oita,,,,大分市,オオイタシ,Oita-shi,,,,高江南,タカエミナミ,Takae Minami,１丁目,１チョウメ,1,,,,,1,1,0,0,0,0,1,1,1947-04-17,2025-05-09,0,,
442011,0228002,2,大分県,オオイタケン,Oita,,,,大分市,オオイタシ,Oita-shi,,,,高江南,タカエミナミ,Takae Minami,２丁目,２チョウメ,2,,,,,0,0,0,0,0,0,1,1,1947-04-17,,0,,
442011,0228002,2,大分県,オオイタケン,Oita,,,,大分市,オオイタシ,Oita-shi,,,,高江南,タカエミナミ,Takae Minami,２丁目,２チョウメ,2,,,,,1,1,0,0,0,0,1,1,1947-04-17,2025-05-09,0,,
442011,0228003,2,大分県,オオイタケン,Oita,,,,大分市,オオイタシ,Oita-shi,,,,高江南,タカエミナミ,Takae Minami,３丁目,３チョウメ,3,,,,,0,0,0,0,0,0,1,1,1947-04-17,,0,,
442011,0228003,2,大分県,オオイタケン,Oita,,,,大分市,オオイタシ,Oita-shi,,,,高江南,タカエミナミ,Takae Minami,３丁目,３チョウメ,3,,,,,1,1,0,0,0,0,1,1,1947-04-17,2025-05-09,0,,
442011,0229001,2,大分県,オオイタケン,Oita,,,,大分市,オオイタシ,Oita-shi,,,,高尾台,タカオダイ,Takaodai,１丁目,１チョウメ,1,,,,,1,1,0,0,0,0,1,1,1947-04-17,,0,,
442011,0229002,2,大分県,オオイタケン,Oita,,,,大分市,オオイタシ,Oita-shi,,,,高尾台,タカオダイ,Takaodai,２丁目,２チョウメ,2,,,,,1,1,0,0,0,0,1,1,1947-04-17,,0,,
442011,0230001,2,大分県,オオイタケン,Oita,,,,大分市,オオイタシ,Oita-shi,,,,高崎,タカサキ,Takasaki,１丁目,１チョウメ,1,,,,,1,1,0,0,0,0,1,1,1947-04-17,,0,,
442011,0230002,2,大分県,オオイタケン,Oita,,,,大分市,オオイタシ,Oita-shi,,,,高崎,タカサキ,Takasaki,２丁目,２チョウメ,2,,,,,1,1,0,0,0,0,1,1,1947-04-17,,0,,
442011,0230003,2,大分県,オオイタケン,Oita,,,,大分市,オオイタシ,Oita-shi,,,,高崎,タカサキ,Takasaki,３丁目,３チョウメ,3,,,,,1,1,0,0,0,0,1,1,1947-04-17,,0,,
442011,0230004,2,大分県,オオイタケン,Oita,,,,大分市,オオイタシ,Oita-shi,,,,高崎,タカサキ,Takasaki,４丁目,４チョウメ,4,,,,,1,1,0,0,0,0,1,1,1947-04-17,,0,,
442011,0231000,1,大分県,オオイタケン,Oita,,,,大分市,オオイタシ,Oita-shi,,,,高砂町,タカサゴマチ,Takasagomachi,,,,,,,,1,1,0,0,0,0,1,1,1947-04-17,,0,8700029,
442011,0232000,1,大分県,オオイタケン,Oita,,,,大分市,オオイタシ,Oita-shi,,,,高城新町,タカジョウシンマチ,Takajo Shimmachi,,,,,,,,1,1,0,0,0,0,1,1,1947-04-17,,0,8700156,
442011,0233000,1,大分県,オオイタケン,Oita,,,,大分市,オオイタシ,Oita-shi,,,,高城西町,タカジョウニシマチ,,,,,,,,,1,1,0,0,0,0,1,1,1947-04-17,,0,,
442011,0234000,1,大分県,オオイタケン,Oita,,,,大分市,オオイタシ,Oita-shi,,,,高城本町,タカジョウホンマチ,Takajo Hommachi,,,,,,,,1,1,0,0,0,0,1,1,1947-04-17,,0,8700157,
442011,0235000,1,大分県,オオイタケン,Oita,,,,大分市,オオイタシ,Oita-shi,,,,高城南町,タカジョウミナミマチ,Takajo Minamimachi,,,,,,,,1,1,0,0,0,0,1,1,1947-04-17,,0,8700155,
442011,0236001,2,大分県,オオイタケン,Oita,,,,大分市,オオイタシ,Oita-shi,,,,高松,タカマツ,Takamatsu,１丁目,１チョウメ,1,,,,,1,1,0,0,0,0,1,1,1947-04-17,,0,,
442011,0236002,2,大分県,オオイタケン,Oita,,,,大分市,オオイタシ,Oita-shi,,,,高松,タカマツ,Takamatsu,２丁目,２チョウメ,2,,,,,1,1,0,0,0,0,1,1,1947-04-17,,0,,
442011,0237001,2,大分県,オオイタケン,Oita,,,,大分市,オオイタシ,Oita-shi,,,,高松東,タカマツヒガシ,Takamatsuhigashi,１丁目,１チョウメ,1,,,,,1,1,0,0,0,0,1,1,1947-04-17,,0,,
442011,0237002,2,大分県,オオイタケン,Oita,,,,大分市,オオイタシ,Oita-shi,,,,高松東,タカマツヒガシ,Takamatsuhigashi,２丁目,２チョウメ,2,,,,,1,1,0,0,0,0,1,1,1947-04-17,,0,,
442011,0237003,2,大分県,オオイタケン,Oita,,,,大分市,オオイタシ,Oita-shi,,,,高松東,タカマツヒガシ,Takamatsuhigashi,３丁目,３チョウメ,3,,,,,1,1,0,0,0,0,1,1,1947-04-17,,0,,
442011,0238001,2,大分県,オオイタケン,Oita,,,,大分市,オオイタシ,Oita-shi,,,,竹下,タケシタ,Takeshita,１丁目,１チョウメ,1,,,,,1,1,0,0,0,0,1,1,1947-04-17,,0,,
442011,0238002,2,大分県,オオイタケン,Oita,,,,大分市,オオイタシ,Oita-shi,,,,竹下,タケシタ,Takeshita,２丁目,２チョウメ,2,,,,,1,1,0,0,0,0,1,1,1947-04-17,,0,,
442011,0240000,1,大分県,オオイタケン,Oita,,,,大分市,オオイタシ,Oita-shi,,,,田室町,タムロマチ,Tamuromachi,,,,,,,,1,1,0,0,0,0,1,1,1947-04-17,,0,8700816,
442011,0241001,2,大分県,オオイタケン,Oita,,,,大分市,オオイタシ,Oita-shi,,,,中央町,チュウオウマチ,Chuomachi,１丁目,１チョウメ,1,,,,,1,1,0,0,0,0,1,1,1947-04-17,,0,,
442011,0241002,2,大分県,オオイタケン,Oita,,,,大分市,オオイタシ,Oita-shi,,,,中央町,チュウオウマチ,Chuomachi,２丁目,２チョウメ,2,,,,,1,1,0,0,0,0,1,1,1947-04-17,,0,,
442011,0241003,2,大分県,オオイタケン,Oita,,,,大分市,オオイタシ,Oita-shi,,,,中央町,チュウオウマチ,Chuomachi,３丁目,３チョウメ,3,,,,,1,1,0,0,0,0,1,1,1947-04-17,,0,,
442011,0241004,2,大分県,オオイタケン,Oita,,,,大分市,オオイタシ,Oita-shi,,,,中央町,チュウオウマチ,Chuomachi,４丁目,４チョウメ,4,,,,,1,1,0,0,0,0,1,1,1947-04-17,,0,,
442011,0242001,2,大分県,オオイタケン,Oita,,,,大分市,オオイタシ,Oita-shi,,,,千代町,チヨマチ,Chiyomachi,１丁目,１チョウメ,1,,,,,1,1,0,0,0,0,1,1,1947-04-17,,0,,
442011,0242002,2,大分県,オオイタケン,Oita,,,,大分市,オオイタシ,Oita-shi,,,,千代町,チヨマチ,Chiyomachi,２丁目,２チョウメ,2,,,,,1,1,0,0,0,0,1,1,1947-04-17,,0,,
442011,0242003,2,大分県,オオイタケン,Oita,,,,大分市,オオイタシ,Oita-shi,,,,千代町,チヨマチ,Chiyomachi,３丁目,３チョウメ,3,,,,,1,1,0,0,0,0,1,1,1947-04-17,,0,,
442011,0242004,2,大分県,オオイタケン,Oita,,,,大分市,オオイタシ,Oita-shi,,,,千代町,チヨマチ,Chiyomachi,４丁目,４チョウメ,4,,,,,1,1,0,0,0,0,1,1,1947-04-17,,0,,
442011,0243001,2,大分県,オオイタケン,Oita,,,,大分市,オオイタシ,Oita-shi,,,,角子原,ツノゴハル,Tsunokobaru,１丁目,１チョウメ,1,,,,,1,1,0,0,0,0,1,1,1947-04-17,,0,,
442011,0243002,2,大分県,オオイタケン,Oita,,,,大分市,オオイタシ,Oita-shi,,,,角子原,ツノゴハル,Tsunokobaru,２丁目,２チョウメ,2,,,,,1,1,0,0,0,0,1,1,1947-04-17,,0,,
442011,0244001,2,大分県,オオイタケン,Oita,,,,大分市,オオイタシ,Oita-shi,,,,角子南,ツノゴミナミ,Tsunogominami,１丁目,１チョウメ,1,,,,,1,1,0,0,0,0,1,1,1947-04-17,,0,,
442011,0244002,2,大分県,オオイタケン,Oita,,,,大分市,オオイタシ,Oita-shi,,,,角子南,ツノゴミナミ,Tsunogominami,２丁目,２チョウメ,2,,,,,1,1,0,0,0,0,1,1,1947-04-17,,0,,
442011,0245001,2,大分県,オオイタケン,Oita,,,,大分市,オオイタシ,Oita-shi,,,,寺崎町,テラサキマチ,Terasakimachi,１丁目,１チョウメ,1,,,,,1,1,0,0,0,0,1,1,1947-04-17,,0,,
442011,0245002,2,大分県,オオイタケン,Oita,,,,大分市,オオイタシ,Oita-shi,,,,寺崎町,テラサキマチ,Terasakimachi,２丁目,２チョウメ,2,,,,,1,1,0,0,0,0,1,1,1947-04-17,,0,,
442011,0246001,2,大分県,オオイタケン,Oita,,,,大分市,オオイタシ,Oita-shi,,,,東野台,トウノダイ,Tonodai,１丁目,１チョウメ,1,,,,,0,0,0,0,0,0,1,1,1947-04-17,,0,,
442011,0246001,2,大分県,オオイタケン,Oita,,,,大分市,オオイタシ,Oita-shi,,,,東野台,トウノダイ,Tonodai,１丁目,１チョウメ,1,,,,,1,1,0,0,0,0,1,1,1947-04-17,2025-05-09,0,,
442011,0246002,2,大分県,オオイタケン,Oita,,,,大分市,オオイタシ,Oita-shi,,,,東野台,トウノダイ,Tonodai,２丁目,２チョウメ,2,,,,,0,0,0,0,0,0,1,1,1947-04-17,,0,,
442011,0246002,2,大分県,オオイタケン,Oita,,,,大分市,オオイタシ,Oita-shi,,,,東野台,トウノダイ,Tonodai,２丁目,２チョウメ,2,,,,,1,1,0,0,0,0,1,1,1947-04-17,2025-05-09,0,,
442011,0246003,2,大分県,オオイタケン,Oita,,,,大分市,オオイタシ,Oita-shi,,,,東野台,トウノダイ,Tonodai,３丁目,３チョウメ,3,,,,,0,0,0,0,0,0,1,1,1947-04-17,,0,,
442011,0247001,2,大分県,オオイタケン,Oita,,,,大分市,オオイタシ,Oita-shi,,,,徳島,トクシマ,Tokushima,１丁目,１チョウメ,1,,,,,1,1,0,0,0,0,1,1,1947-04-17,,0,,
442011,0247002,2,大分県,オオイタケン,Oita,,,,大分市,オオイタシ,Oita-shi,,,,徳島,トクシマ,Tokushima,２丁目,２チョウメ,2,,,,,1,1,0,0,0,0,1,1,1947-04-17,,0,,
442011,0247003,2,大分県,オオイタケン,Oita,,,,大分市,オオイタシ,Oita-shi,,,,徳島,トクシマ,Tokushima,３丁目,３チョウメ,3,,,,,1,1,0,0,0,0,1,1,1947-04-17,,0,,
442011,0248001,2,大分県,オオイタケン,Oita,,,,大分市,オオイタシ,Oita-shi,,,,豊海,トヨミ,Toyomi,１丁目,１チョウメ,1,,,,,1,1,0,0,0,0,1,1,1947-04-17,,0,,
442011,0248002,2,大分県,オオイタケン,Oita,,,,大分市,オオイタシ,Oita-shi,,,,豊海,トヨミ,Toyomi,２丁目,２チョウメ,2,,,,,1,1,0,0,0,0,1,1,1947-04-17,,0,,
442011,0248003,2,大分県,オオイタケン,Oita,,,,大分市,オオイタシ,Oita-shi,,,,豊海,トヨミ,Toyomi,３丁目,３チョウメ,3,,,,,1,1,0,0,0,0,1,1,1947-04-17,,0,,
442011,0248004,2,大分県,オオイタケン,Oita,,,,大分市,オオイタシ,Oita-shi,,,,豊海,トヨミ,Toyomi,４丁目,４チョウメ,4,,,,,1,1,0,0,0,0,1,1,1947-04-17,,0,,
442011,0248005,2,大分県,オオイタケン,Oita,,,,大分市,オオイタシ,Oita-shi,,,,豊海,トヨミ,Toyomi,５丁目,５チョウメ,5,,,,,1,1,0,0,0,0,1,1,1947-04-17,,0,,
442011,0249000,1,大分県,オオイタケン,Oita,,,,大分市,オオイタシ,Oita-shi,,,,中春日町,ナカカスガマチ,Nakakasugamachi,,,,,,,,1,1,0,0,0,0,1,1,1947-04-17,,0,8700039,
442011,0250001,2,大分県,オオイタケン,Oita,,,,大分市,オオイタシ,Oita-shi,,,,中島中央,ナカシマチュウオウ,Nakashima Chuo,１丁目,１チョウメ,1,,,,,1,1,0,0,0,0,1,1,1947-04-17,,0,,
442011,0250002,2,大分県,オオイタケン,Oita,,,,大分市,オオイタシ,Oita-shi,,,,中島中央,ナカシマチュウオウ,Nakashima Chuo,２丁目,２チョウメ,2,,,,,1,1,0,0,0,0,1,1,1947-04-17,,0,,
442011,0250003,2,大分県,オオイタケン,Oita,,,,大分市,オオイタシ,Oita-shi,,,,中島中央,ナカシマチュウオウ,Nakashima Chuo,３丁目,３チョウメ,3,,,,,1,1,0,0,0,0,1,1,1947-04-17,,0,,
442011,0251001,2,大分県,オオイタケン,Oita,,,,大分市,オオイタシ,Oita-shi,,,,中島西,ナカシマニシ,Nakashima Nishi,１丁目,１チョウメ,1,,,,,1,1,0,0,0,0,1,1,1947-04-17,,0,,
442011,0251002,2,大分県,オオイタケン,Oita,,,,大分市,オオイタシ,Oita-shi,,,,中島西,ナカシマニシ,Nakashima Nishi,２丁目,２チョウメ,2,,,,,1,1,0,0,0,0,1,1,1947-04-17,,0,,
442011,0251003,2,大分県,オオイタケン,Oita,,,,大分市,オオイタシ,Oita-shi,,,,中島西,ナカシマニシ,Nakashima Nishi,３丁目,３チョウメ,3,,,,,1,1,0,0,0,0,1,1,1947-04-17,,0,,
442011,0252001,2,大分県,オオイタケン,Oita,,,,大分市,オオイタシ,Oita-shi,,,,中島東,ナカシマヒガシ,Nakashima Higashi,１丁目,１チョウメ,1,,,,,1,1,0,0,0,0,1,1,1947-04-17,,0,,
442011,0252002,2,大分県,オオイタケン,Oita,,,,大分市,オオイタシ,Oita-shi,,,,中島東,ナカシマヒガシ,Nakashima Higashi,２丁目,２チョウメ,2,,,,,1,1,0,0,0,0,1,1,1947-04-17,,0,,
442011,0252003,2,大分県,オオイタケン,Oita,,,,大分市,オオイタシ,Oita-shi,,,,中島東,ナカシマヒガシ,Nakashima Higashi,３丁目,３チョウメ,3,,,,,1,1,0,0,0,0,1,1,1947-04-17,,0,,
442011,0253001,2,大分県,オオイタケン,Oita,,,,大分市,オオイタシ,Oita-shi,,,,中津留,ナカヅル,Nakazuru,１丁目,１チョウメ,1,,,,,1,1,0,0,0,0,1,1,1947-04-17,,0,,
442011,0253002,2,大分県,オオイタケン,Oita,,,,大分市,オオイタシ,Oita-shi,,,,中津留,ナカヅル,Nakazuru,２丁目,２チョウメ,2,,,,,1,1,0,0,0,0,1,1,1947-04-17,,0,,
442011,0254001,2,大分県,オオイタケン,Oita,,,,大分市,オオイタシ,Oita-shi,,,,中鶴崎,ナカツルサキ,Nakatsurusaki,１丁目,１チョウメ,1,,,,,1,1,0,0,0,0,1,1,1947-04-17,,0,,
442011,0254002,2,大分県,オオイタケン,Oita,,,,大分市,オオイタシ,Oita-shi,,,,中鶴崎,ナカツルサキ,Nakatsurusaki,２丁目,２チョウメ,2,,,,,1,1,0,0,0,0,1,1,1947-04-17,,0,,
442011,0255001,2,大分県,オオイタケン,Oita,,,,大分市,オオイタシ,Oita-shi,,,,仲西町,ナカニシマチ,Nakanishimachi,１丁目,１チョウメ,1,,,,,1,1,0,0,0,0,1,1,1947-04-17,,0,,
442011,0255002,2,大分県,オオイタケン,Oita,,,,大分市,オオイタシ,Oita-shi,,,,仲西町,ナカニシマチ,Nakanishimachi,２丁目,２チョウメ,2,,,,,1,1,0,0,0,0,1,1,1947-04-17,,0,,
442011,0256001,2,大分県,オオイタケン,Oita,,,,大分市,オオイタシ,Oita-shi,,,,長浜町,ナガハママチ,Nagahamamachi,１丁目,１チョウメ,1,,,,,1,1,0,0,0,0,1,1,1947-04-17,,0,,
442011,0256002,2,大分県,オオイタケン,Oita,,,,大分市,オオイタシ,Oita-shi,,,,長浜町,ナガハママチ,Nagahamamachi,２丁目,２チョウメ,2,,,,,1,1,0,0,0,0,1,1,1947-04-17,,0,,
442011,0256003,2,大分県,オオイタケン,Oita,,,,大分市,オオイタシ,Oita-shi,,,,長浜町,ナガハママチ,Nagahamamachi,３丁目,３チョウメ,3,,,,,1,1,0,0,0,0,1,1,1947-04-17,,0,,
442011,0257000,1,大分県,オオイタケン,Oita,,,,大分市,オオイタシ,Oita-shi,,,,荷揚町,ニアゲマチ,Niagemachi,,,,,,,,1,1,0,0,0,0,1,1,1947-04-17,,0,8700046,
442011,0258001,2,大分県,オオイタケン,Oita,,,,大分市,オオイタシ,Oita-shi,,,,西大道,ニシオオミチ,Nishiomichi,１丁目,１チョウメ,1,,,,,1,1,0,0,0,0,1,1,1947-04-17,,0,,
442011,0258002,2,大分県,オオイタケン,Oita,,,,大分市,オオイタシ,Oita-shi,,,,西大道,ニシオオミチ,Nishiomichi,２丁目,２チョウメ,2,,,,,1,1,0,0,0,0,1,1,1947-04-17,,0,,
442011,0258003,2,大分県,オオイタケン,Oita,,,,大分市,オオイタシ,Oita-shi,,,,西大道,ニシオオミチ,Nishiomichi,３丁目,３チョウメ,3,,,,,1,1,0,0,0,0,1,1,1947-04-17,,0,,
442011,0258004,2,大分県,オオイタケン,Oita,,,,大分市,オオイタシ,Oita-shi,,,,西大道,ニシオオミチ,Nishiomichi,４丁目,４チョウメ,4,,,,,1,1,0,0,0,0,1,1,1947-04-17,,0,,
442011,0259001,2,大分県,オオイタケン,Oita,,,,大分市,オオイタシ,Oita-shi,,,,にじが丘,ニジガオカ,Nijigaoka,１丁目,１チョウメ,1,,,,,0,0,0,0,0,0,1,1,1947-04-17,,0,,
442011,0259001,2,大分県,オオイタケン,Oita,,,,大分市,オオイタシ,Oita-shi,,,,にじが丘,ニジガオカ,Nijigaoka,１丁目,１チョウメ,1,,,,,1,1,0,0,0,0,1,1,1947-04-17,2025-05-09,0,,
442011,0259002,2,大分県,オオイタケン,Oita,,,,大分市,オオイタシ,Oita-shi,,,,にじが丘,ニジガオカ,Nijigaoka,２丁目,２チョウメ,2,,,,,0,0,0,0,0,0,1,1,1947-04-17,,0,,
442011,0259002,2,大分県,オオイタケン,Oita,,,,大分市,オオイタシ,Oita-shi,,,,にじが丘,ニジガオカ,Nijigaoka,２丁目,２チョウメ,2,,,,,1,1,0,0,0,0,1,1,1947-04-17,2025-05-09,0,,
442011,0259003,2,大分県,オオイタケン,Oita,,,,大分市,オオイタシ,Oita-shi,,,,にじが丘,ニジガオカ,Nijigaoka,３丁目,３チョウメ,3,,,,,0,0,0,0,0,0,1,1,1947-04-17,,0,,
442011,0259003,2,大分県,オオイタケン,Oita,,,,大分市,オオイタシ,Oita-shi,,,,にじが丘,ニジガオカ,Nijigaoka,３丁目,３チョウメ,3,,,,,1,1,0,0,0,0,1,1,1947-04-17,2025-05-09,0,,
442011,0260000,1,大分県,オオイタケン,Oita,,,,大分市,オオイタシ,Oita-shi,,,,西春日町,ニシカスガマチ,Nishikasugamachi,,,,,,,,1,1,0,0,0,0,1,1,1947-04-17,,0,8700038,
442011,0261001,2,大分県,オオイタケン,Oita,,,,大分市,オオイタシ,Oita-shi,,,,錦町,ニシキマチ,Nishikimachi,１丁目,１チョウメ,1,,,,,1,1,0,0,0,0,1,1,1947-04-17,,0,,
442011,0261002,2,大分県,オオイタケン,Oita,,,,大分市,オオイタシ,Oita-shi,,,,錦町,ニシキマチ,Nishikimachi,２丁目,２チョウメ,2,,,,,1,1,0,0,0,0,1,1,1947-04-17,,0,,
442011,0261003,2,大分県,オオイタケン,Oita,,,,大分市,オオイタシ,Oita-shi,,,,錦町,ニシキマチ,Nishikimachi,３丁目,３チョウメ,3,,,,,1,1,0,0,0,0,1,1,1947-04-17,,0,,
442011,0262001,2,大分県,オオイタケン,Oita,,,,大分市,オオイタシ,Oita-shi,,,,西新地,ニシシンチ,Nishishinchi,１丁目,１チョウメ,1,,,,,1,1,0,0,0,0,1,1,1947-04-17,,0,,
442011,0262002,2,大分県,オオイタケン,Oita,,,,大分市,オオイタシ,Oita-shi,,,,西新地,ニシシンチ,Nishishinchi,２丁目,２チョウメ,2,,,,,1,1,0,0,0,0,1,1,1947-04-17,,0,,
442011,0263001,2,大分県,オオイタケン,Oita,,,,大分市,オオイタシ,Oita-shi,,,,西鶴崎,ニシツルサキ,Nishitsurusaki,１丁目,１チョウメ,1,,,,,1,1,0,0,0,0,1,1,1947-04-17,,0,,
442011,0263002,2,大分県,オオイタケン,Oita,,,,大分市,オオイタシ,Oita-shi,,,,西鶴崎,ニシツルサキ,Nishitsurusaki,２丁目,２チョウメ,2,,,,,1,1,0,0,0,0,1,1,1947-04-17,,0,,
442011,0263003,2,大分県,オオイタケン,Oita,,,,大分市,オオイタシ,Oita-shi,,,,西鶴崎,ニシツルサキ,Nishitsurusaki,３丁目,３チョウメ,3,,,,,1,1,0,0,0,0,1,1,1947-04-17,,0,,
442011,0264000,1,大分県,オオイタケン,Oita,,,,大分市,オオイタシ,Oita-shi,,,,西浜,ニシハマ,Nishihama,,,,,,,,1,1,0,0,0,0,1,1,1947-04-17,,0,8700931,
442011,0265000,1,大分県,オオイタケン,Oita,,,,大分市,オオイタシ,Oita-shi,,,,望みが丘,ノゾミガオカ,Nozomigaoka,,,,,,,,0,0,0,0,0,0,1,1,1947-04-17,,0,8700270,
442011,0265000,1,大分県,オオイタケン,Oita,,,,大分市,オオイタシ,Oita-shi,,,,望みが丘,ノゾミガオカ,Nozomigaoka,,,,,,,,1,1,0,0,0,0,1,1,1947-04-17,2025-05-09,0,8700270,
442011,0266001,2,大分県,オオイタケン,Oita,,,,大分市,オオイタシ,Oita-shi,,,,萩原,ハギワラ,Hagiwara,１丁目,１チョウメ,1,,,,,1,1,0,0,0,0,1,1,1947-04-17,,0,,
442011,0266002,2,大分県,オオイタケン,Oita,,,,大分市,オオイタシ,Oita-shi,,,,萩原,ハギワラ,Hagiwara,２丁目,２チョウメ,2,,,,,1,1,0,0,0,0,1,1,1947-04-17,,0,,
442011,0266003,2,大分県,オオイタケン,Oita,,,,大分市,オオイタシ,Oita-shi,,,,萩原,ハギワラ,Hagiwara,３丁目,３チョウメ,3,,,,,1,1,0,0,0,0,1,1,1947-04-17,,0,,
442011,0266004,2,大分県,オオイタケン,Oita,,,,大分市,オオイタシ,Oita-shi,,,,萩原,ハギワラ,Hagiwara,４丁目,４チョウメ,4,,,,,1,1,0,0,0,0,1,1,1947-04-17,,0,,
442011,0267000,1,大分県,オオイタケン,Oita,,,,大分市,オオイタシ,Oita-shi,,,,萩原緑町,ハギワラミドリマチ,,,,,,,,,1,1,0,0,0,0,1,1,1947-04-17,,0,,
442011,0268000,1,大分県,オオイタケン,Oita,,,,大分市,オオイタシ,Oita-shi,,,,花江川,ハナエガワ,Hanaegawa,,,,,,,,1,1,0,0,0,0,1,1,1947-04-17,,0,8700243,
442011,0269001,2,大分県,オオイタケン,Oita,,,,大分市,オオイタシ,Oita-shi,,,,花高松,ハナタカマツ,Hanatakamatsu,１丁目,１チョウメ,1,,,,,1,1,0,0,0,0,1,1,1947-04-17,,0,,
442011,0269002,2,大分県,オオイタケン,Oita,,,,大分市,オオイタシ,Oita-shi,,,,花高松,ハナタカマツ,Hanatakamatsu,２丁目,２チョウメ,2,,,,,1,1,0,0,0,0,1,1,1947-04-17,,0,,
442011,0269003,2,大分県,オオイタケン,Oita,,,,大分市,オオイタシ,Oita-shi,,,,花高松,ハナタカマツ,Hanatakamatsu,３丁目,３チョウメ,3,,,,,1,1,0,0,0,0,1,1,1947-04-17,,0,,
442011,0270001,2,大分県,オオイタケン,Oita,,,,大分市,オオイタシ,Oita-shi,,,,花津留,ハナヅル,Hanazuru,１丁目,１チョウメ,1,,,,,1,1,0,0,0,0,1,1,1947-04-17,,0,,
442011,0270002,2,大分県,オオイタケン,Oita,,,,大分市,オオイタシ,Oita-shi,,,,花津留,ハナヅル,Hanazuru,２丁目,２チョウメ,2,,,,,1,1,0,0,0,0,1,1,1947-04-17,,0,,
442011,0271000,1,大分県,オオイタケン,Oita,,,,大分市,オオイタシ,Oita-shi,,,,はなの森,ハナノモリ,Hananomori,,,,,,,,0,0,0,0,0,0,1,1,1947-04-17,,0,8700880,
442011,0272000,1,大分県,オオイタケン,Oita,,,,大分市,オオイタシ,Oita-shi,,,,浜中,ハマナカ,Hamanaka,,,,,,,,1,1,0,0,0,0,1,1,1947-04-17,,0,8700323,
442011,0273001,2,大分県,オオイタケン,Oita,,,,大分市,オオイタシ,Oita-shi,,,,浜の市,ハマノイチ,Hamanoichi,１丁目,１チョウメ,1,,,,,1,1,0,0,0,0,1,1,1947-04-17,,0,,
442011,0273002,2,大分県,オオイタケン,Oita,,,,大分市,オオイタシ,Oita-shi,,,,浜の市,ハマノイチ,Hamanoichi,２丁目,２チョウメ,2,,,,,1,1,0,0,0,0,1,1,1947-04-17,,0,,
442011,0274001,2,大分県,オオイタケン,Oita,,,,大分市,オオイタシ,Oita-shi,,,,原川,ハルカワ,Harukawa,１丁目,１チョウメ,1,,,,,1,1,0,0,0,0,1,1,1947-04-17,,0,,
442011,0274002,2,大分県,オオイタケン,Oita,,,,大分市,オオイタシ,Oita-shi,,,,原川,ハルカワ,Harukawa,２丁目,２チョウメ,2,,,,,1,1,0,0,0,0,1,1,1947-04-17,,0,,
442011,0274003,2,大分県,オオイタケン,Oita,,,,大分市,オオイタシ,Oita-shi,,,,原川,ハルカワ,Harukawa,３丁目,３チョウメ,3,,,,,1,1,0,0,0,0,1,1,1947-04-17,,0,,
442011,0275000,1,大分県,オオイタケン,Oita,,,,大分市,オオイタシ,Oita-shi,,,,原新町,ハルシンマチ,Harushimmachi,,,,,,,,1,1,0,0,0,0,1,1,1947-04-17,,0,8700912,
442011,0276001,2,大分県,オオイタケン,Oita,,,,大分市,オオイタシ,Oita-shi,,,,日岡,ヒオカ,Hioka,１丁目,１チョウメ,1,,,,,1,1,0,0,0,0,1,1,1947-04-17,,0,,
442011,0276002,2,大分県,オオイタケン,Oita,,,,大分市,オオイタシ,Oita-shi,,,,日岡,ヒオカ,Hioka,２丁目,２チョウメ,2,,,,,1,1,0,0,0,0,1,1,1947-04-17,,0,,
442011,0276003,2,大分県,オオイタケン,Oita,,,,大分市,オオイタシ,Oita-shi,,,,日岡,ヒオカ,Hioka,３丁目,３チョウメ,3,,,,,1,1,0,0,0,0,1,1,1947-04-17,,0,,
442011,0277001,2,大分県,オオイタケン,Oita,,,,大分市,オオイタシ,Oita-shi,,,,東大道,ヒガシオオミチ,Higashiomichi,１丁目,１チョウメ,1,,,,,1,1,0,0,0,0,1,1,1947-04-17,,0,,
442011,0277002,2,大分県,オオイタケン,Oita,,,,大分市,オオイタシ,Oita-shi,,,,東大道,ヒガシオオミチ,Higashiomichi,２丁目,２チョウメ,2,,,,,1,1,0,0,0,0,1,1,1947-04-17,,0,,
442011,0277003,2,大分県,オオイタケン,Oita,,,,大分市,オオイタシ,Oita-shi,,,,東大道,ヒガシオオミチ,Higashiomichi,３丁目,３チョウメ,3,,,,,1,1,0,0,0,0,1,1,1947-04-17,,0,,
442011,0278000,1,大分県,オオイタケン,Oita,,,,大分市,オオイタシ,Oita-shi,,,,東春日町,ヒガシカスガマチ,Higashikasugamachi,,,,,,,,1,1,0,0,0,0,1,1,1947-04-17,,0,8700037,
442011,0279001,2,大分県,オオイタケン,Oita,,,,大分市,オオイタシ,Oita-shi,,,,東津留,ヒガシヅル,Higashizuru,１丁目,１チョウメ,1,,,,,1,1,0,0,0,0,1,1,1947-04-17,,0,,
442011,0279002,2,大分県,オオイタケン,Oita,,,,大分市,オオイタシ,Oita-shi,,,,東津留,ヒガシヅル,Higashizuru,２丁目,２チョウメ,2,,,,,1,1,0,0,0,0,1,1,1947-04-17,,0,,
442011,0280001,2,大分県,オオイタケン,Oita,,,,大分市,オオイタシ,Oita-shi,,,,東鶴崎,ヒガシツルサキ,Higashitsurusaki,１丁目,１チョウメ,1,,,,,1,1,0,0,0,0,1,1,1947-04-17,,0,,
442011,0280002,2,大分県,オオイタケン,Oita,,,,大分市,オオイタシ,Oita-shi,,,,東鶴崎,ヒガシツルサキ,Higashitsurusaki,２丁目,２チョウメ,2,,,,,1,1,0,0,0,0,1,1,1947-04-17,,0,,
442011,0280003,2,大分県,オオイタケン,Oita,,,,大分市,オオイタシ,Oita-shi,,,,東鶴崎,ヒガシツルサキ,Higashitsurusaki,３丁目,３チョウメ,3,,,,,1,1,0,0,0,0,1,1,1947-04-17,,0,,
442011,0281001,2,大分県,オオイタケン,Oita,,,,大分市,オオイタシ,Oita-shi,,,,東浜,ヒガシハマ,Higashihama,１丁目,１チョウメ,1,,,,,1,1,0,0,0,0,1,1,1947-04-17,,0,,
442011,0281002,2,大分県,オオイタケン,Oita,,,,大分市,オオイタシ,Oita-shi,,,,東浜,ヒガシハマ,Higashihama,２丁目,２チョウメ,2,,,,,1,1,0,0,0,0,1,1,1947-04-17,,0,,
442011,0282001,2,大分県,オオイタケン,Oita,,,,大分市,オオイタシ,Oita-shi,,,,ひばりケ丘,ヒバリガオカ,Hibarigaoka,１丁目,１チョウメ,1,,,,,1,1,0,0,0,0,1,1,1947-04-17,,0,,
442011,0282002,2,大分県,オオイタケン,Oita,,,,大分市,オオイタシ,Oita-shi,,,,ひばりケ丘,ヒバリガオカ,Hibarigaoka,２丁目,２チョウメ,2,,,,,1,1,0,0,0,0,1,1,1947-04-17,,0,,
442011,0282003,2,大分県,オオイタケン,Oita,,,,大分市,オオイタシ,Oita-shi,,,,ひばりケ丘,ヒバリガオカ,Hibarigaoka,３丁目,３チョウメ,3,,,,,1,1,0,0,0,0,1,1,1947-04-17,,0,,
442011,0282004,2,大分県,オオイタケン,Oita,,,,大分市,オオイタシ,Oita-shi,,,,ひばりケ丘,ヒバリガオカ,Hibarigaoka,４丁目,４チョウメ,4,,,,,1,1,0,0,0,0,1,1,1947-04-17,,0,,
442011,0282005,2,大分県,オオイタケン,Oita,,,,大分市,オオイタシ,Oita-shi,,,,ひばりケ丘,ヒバリガオカ,Hibarigaoka,５丁目,５チョウメ,5,,,,,1,1,0,0,0,0,1,1,1947-04-17,,0,,
442011,0283000,1,大分県,オオイタケン,Oita,,,,大分市,オオイタシ,Oita-shi,,,,日吉町,ヒヨシマチ,Hiyoshimachi,,,,,,,,1,1,0,0,0,0,1,1,1947-04-17,,0,8700918,
442011,0284000,1,大分県,オオイタケン,Oita,,,,大分市,オオイタシ,Oita-shi,,,,藤の台,フジノダイ,Fujinodai,,,,,,,,0,0,0,0,0,0,1,1,1947-04-17,,0,8700957,
442011,0284000,1,大分県,オオイタケン,Oita,,,,大分市,オオイタシ,Oita-shi,,,,藤の台,フジノダイ,Fujinodai,,,,,,,,1,1,0,0,0,0,1,1,1947-04-17,2025-05-09,0,8700957,
442011,0285001,2,大分県,オオイタケン,Oita,,,,大分市,オオイタシ,Oita-shi,,,,富士見が丘西,フジミガオカニシ,Fujimigaoka Nishi,１丁目,１チョウメ,1,,,,,1,1,0,0,0,0,1,1,1947-04-17,,0,,
442011,0285002,2,大分県,オオイタケン,Oita,,,,大分市,オオイタシ,Oita-shi,,,,富士見が丘西,フジミガオカニシ,Fujimigaoka Nishi,２丁目,２チョウメ,2,,,,,1,1,0,0,0,0,1,1,1947-04-17,,0,,
442011,0285003,2,大分県,オオイタケン,Oita,,,,大分市,オオイタシ,Oita-shi,,,,富士見が丘西,フジミガオカニシ,Fujimigaoka Nishi,３丁目,３チョウメ,3,,,,,1,1,0,0,0,0,1,1,1947-04-17,,0,,
442011,0285004,2,大分県,オオイタケン,Oita,,,,大分市,オオイタシ,Oita-shi,,,,富士見が丘西,フジミガオカニシ,Fujimigaoka Nishi,４丁目,４チョウメ,4,,,,,1,1,0,0,0,0,1,1,1947-04-17,,0,,
442011,0286001,2,大分県,オオイタケン,Oita,,,,大分市,オオイタシ,Oita-shi,,,,富士見が丘東,フジミガオカヒガシ,Fujimigaoka Higashi,１丁目,１チョウメ,1,,,,,1,1,0,0,0,0,1,1,1947-04-17,,0,,
442011,0286002,2,大分県,オオイタケン,Oita,,,,大分市,オオイタシ,Oita-shi,,,,富士見が丘東,フジミガオカヒガシ,Fujimigaoka Higashi,２丁目,２チョウメ,2,,,,,1,1,0,0,0,0,1,1,1947-04-17,,0,,
442011,0286003,2,大分県,オオイタケン,Oita,,,,大分市,オオイタシ,Oita-shi,,,,富士見が丘東,フジミガオカヒガシ,Fujimigaoka Higashi,３丁目,３チョウメ,3,,,,,1,1,0,0,0,0,1,1,1947-04-17,,0,,
442011,0286004,2,大分県,オオイタケン,Oita,,,,大分市,オオイタシ,Oita-shi,,,,富士見が丘東,フジミガオカヒガシ,Fujimigaoka Higashi,４丁目,４チョウメ,4,,,,,1,1,0,0,0,0,1,1,1947-04-17,,0,,
442011,0286005,2,大分県,オオイタケン,Oita,,,,大分市,オオイタシ,Oita-shi,,,,富士見が丘東,フジミガオカヒガシ,Fujimigaoka Higashi,５丁目,５チョウメ,5,,,,,1,1,0,0,0,0,1,1,1947-04-17,,0,,
442011,0287001,2,大分県,オオイタケン,Oita,,,,大分市,オオイタシ,Oita-shi,,,,府内町,フナイマチ,Funaimachi,１丁目,１チョウメ,1,,,,,1,1,0,0,0,0,1,1,1947-04-17,,0,,
442011,0287002,2,大分県,オオイタケン,Oita,,,,大分市,オオイタシ,Oita-shi,,,,府内町,フナイマチ,Funaimachi,２丁目,２チョウメ,2,,,,,1,1,0,0,0,0,1,1,1947-04-17,,0,,
442011,0287003,2,大分県,オオイタケン,Oita,,,,大分市,オオイタシ,Oita-shi,,,,府内町,フナイマチ,Funaimachi,３丁目,３チョウメ,3,,,,,1,1,0,0,0,0,1,1,1947-04-17,,0,,
442011,0288001,2,大分県,オオイタケン,Oita,,,,大分市,オオイタシ,Oita-shi,,,,弁天,ベンテン,Benten,１丁目,１チョウメ,1,,,,,1,1,0,0,0,0,1,1,1947-04-17,,0,,
442011,0288002,2,大分県,オオイタケン,Oita,,,,大分市,オオイタシ,Oita-shi,,,,弁天,ベンテン,Benten,２丁目,２チョウメ,2,,,,,1,1,0,0,0,0,1,1,1947-04-17,,0,,
442011,0288003,2,大分県,オオイタケン,Oita,,,,大分市,オオイタシ,Oita-shi,,,,弁天,ベンテン,Benten,３丁目,３チョウメ,3,,,,,1,1,0,0,0,0,1,1,1947-04-17,,0,,
442011,0288004,2,大分県,オオイタケン,Oita,,,,大分市,オオイタシ,Oita-shi,,,,弁天,ベンテン,Benten,４丁目,４チョウメ,4,,,,,1,1,0,0,0,0,1,1,1947-04-17,,0,,
442011,0289000,1,大分県,オオイタケン,Oita,,,,大分市,オオイタシ,Oita-shi,,,,芳河原台,ホウガワラダイ,Hogawaradai,,,,,,,,1,1,0,0,0,0,1,1,1947-04-17,,0,8700948,
442011,0290001,2,大分県,オオイタケン,Oita,,,,大分市,オオイタシ,Oita-shi,,,,法勝台,ホウショウダイ,Hoshodai,１丁目,１チョウメ,1,,,,,1,1,0,0,0,0,1,1,1947-04-17,,0,,
442011,0290002,2,大分県,オオイタケン,Oita,,,,大分市,オオイタシ,Oita-shi,,,,法勝台,ホウショウダイ,Hoshodai,２丁目,２チョウメ,2,,,,,1,1,0,0,0,0,1,1,1947-04-17,,0,,
442011,0290003,2,大分県,オオイタケン,Oita,,,,大分市,オオイタシ,Oita-shi,,,,法勝台,ホウショウダイ,Hoshodai,３丁目,３チョウメ,3,,,,,1,1,0,0,0,0,1,1,1947-04-17,,0,,
442011,0291001,2,大分県,オオイタケン,Oita,,,,大分市,オオイタシ,Oita-shi,,,,舞鶴町,マイヅルマチ,Maizurumachi,１丁目,１チョウメ,1,,,,,1,1,0,0,0,0,1,1,1947-04-17,,0,,
442011,0291002,2,大分県,オオイタケン,Oita,,,,大分市,オオイタシ,Oita-shi,,,,舞鶴町,マイヅルマチ,Maizurumachi,２丁目,２チョウメ,2,,,,,1,1,0,0,0,0,1,1,1947-04-17,,0,,
442011,0291003,2,大分県,オオイタケン,Oita,,,,大分市,オオイタシ,Oita-shi,,,,舞鶴町,マイヅルマチ,Maizurumachi,３丁目,３チョウメ,3,,,,,1,1,0,0,0,0,1,1,1947-04-17,,0,,
442011,0292001,2,大分県,オオイタケン,Oita,,,,大分市,オオイタシ,Oita-shi,,,,牧,マキ,Maki,１丁目,１チョウメ,1,,,,,1,1,0,0,0,0,1,1,1947-04-17,,0,8700924,
442011,0292002,2,大分県,オオイタケン,Oita,,,,大分市,オオイタシ,Oita-shi,,,,牧,マキ,Maki,２丁目,２チョウメ,2,,,,,1,1,0,0,0,0,1,1,1947-04-17,,0,8700924,
442011,0292003,2,大分県,オオイタケン,Oita,,,,大分市,オオイタシ,Oita-shi,,,,牧,マキ,Maki,３丁目,３チョウメ,3,,,,,1,1,0,0,0,0,1,1,1947-04-17,,0,8700924,
442011,0293000,1,大分県,オオイタケン,Oita,,,,大分市,オオイタシ,Oita-shi,,,,牧上町,マキカミマチ,Makikamimachi,,,,,,,,1,1,0,0,0,0,1,1,1947-04-17,,0,8700925,
442011,0294000,1,大分県,オオイタケン,Oita,,,,大分市,オオイタシ,Oita-shi,,,,牧緑町,マキミドリマチ,,,,,,,,,1,1,0,0,0,0,1,1,1947-04-17,,0,,
442011,0295001,2,大分県,オオイタケン,Oita,,,,大分市,オオイタシ,Oita-shi,,,,松原町,マツバラマチ,Matsubaramachi,１丁目,１チョウメ,1,,,,,1,1,0,0,0,0,1,1,1947-04-17,,0,,
442011,0295002,2,大分県,オオイタケン,Oita,,,,大分市,オオイタシ,Oita-shi,,,,松原町,マツバラマチ,Matsubaramachi,２丁目,２チョウメ,2,,,,,1,1,0,0,0,0,1,1,1947-04-17,,0,,
442011,0295003,2,大分県,オオイタケン,Oita,,,,大分市,オオイタシ,Oita-shi,,,,松原町,マツバラマチ,Matsubaramachi,３丁目,３チョウメ,3,,,,,1,1,0,0,0,0,1,1,1947-04-17,,0,,
442011,0296001,2,大分県,オオイタケン,Oita,,,,大分市,オオイタシ,Oita-shi,,,,政所,マドコロ,Madokoro,１丁目,１チョウメ,1,,,,,1,1,0,0,0,0,1,1,1947-04-17,,0,,
442011,0296002,2,大分県,オオイタケン,Oita,,,,大分市,オオイタシ,Oita-shi,,,,政所,マドコロ,Madokoro,２丁目,２チョウメ,2,,,,,1,1,0,0,0,0,1,1,1947-04-17,,0,,
442011,0297001,2,大分県,オオイタケン,Oita,,,,大分市,オオイタシ,Oita-shi,,,,三佐,ミサ,Misa,１丁目,１チョウメ,1,,,,,1,1,0,0,0,0,1,1,1947-04-17,,0,,
442011,0297002,2,大分県,オオイタケン,Oita,,,,大分市,オオイタシ,Oita-shi,,,,三佐,ミサ,Misa,２丁目,２チョウメ,2,,,,,1,1,0,0,0,0,1,1,1947-04-17,,0,,
442011,0297003,2,大分県,オオイタケン,Oita,,,,大分市,オオイタシ,Oita-shi,,,,三佐,ミサ,Misa,３丁目,３チョウメ,3,,,,,1,1,0,0,0,0,1,1,1947-04-17,,0,,
442011,0297004,2,大分県,オオイタケン,Oita,,,,大分市,オオイタシ,Oita-shi,,,,三佐,ミサ,Misa,４丁目,４チョウメ,4,,,,,1,1,0,0,0,0,1,1,1947-04-17,,0,,
442011,0297005,2,大分県,オオイタケン,Oita,,,,大分市,オオイタシ,Oita-shi,,,,三佐,ミサ,Misa,５丁目,５チョウメ,5,,,,,1,1,0,0,0,0,1,1,1947-04-17,,0,,
442011,0297006,2,大分県,オオイタケン,Oita,,,,大分市,オオイタシ,Oita-shi,,,,三佐,ミサ,Misa,６丁目,６チョウメ,6,,,,,1,1,0,0,0,0,1,1,1947-04-17,,0,,
442011,0298001,2,大分県,オオイタケン,Oita,,,,大分市,オオイタシ,Oita-shi,,,,三川上,ミツガワカミ,Mitsugawa Kami,１丁目,１チョウメ,1,,,,,1,1,0,0,0,0,1,1,1947-04-17,,0,,
442011,0298002,2,大分県,オオイタケン,Oita,,,,大分市,オオイタシ,Oita-shi,,,,三川上,ミツガワカミ,Mitsugawa Kami,２丁目,２チョウメ,2,,,,,1,1,0,0,0,0,1,1,1947-04-17,,0,,
442011,0298003,2,大分県,オオイタケン,Oita,,,,大分市,オオイタシ,Oita-shi,,,,三川上,ミツガワカミ,Mitsugawa Kami,３丁目,３チョウメ,3,,,,,1,1,0,0,0,0,1,1,1947-04-17,,0,,
442011,0298004,2,大分県,オオイタケン,Oita,,,,大分市,オオイタシ,Oita-shi,,,,三川上,ミツガワカミ,Mitsugawa Kami,４丁目,４チョウメ,4,,,,,1,1,0,0,0,0,1,1,1947-04-17,,0,,
442011,0299001,2,大分県,オオイタケン,Oita,,,,大分市,オオイタシ,Oita-shi,,,,三川下,ミツガワシモ,Mitsugawa Shimo,１丁目,１チョウメ,1,,,,,1,1,0,0,0,0,1,1,1947-04-17,,0,,
442011,0299002,2,大分県,オオイタケン,Oita,,,,大分市,オオイタシ,Oita-shi,,,,三川下,ミツガワシモ,Mitsugawa Shimo,２丁目,２チョウメ,2,,,,,1,1,0,0,0,0,1,1,1947-04-17,,0,,
442011,0299003,2,大分県,オオイタケン,Oita,,,,大分市,オオイタシ,Oita-shi,,,,三川下,ミツガワシモ,Mitsugawa Shimo,３丁目,３チョウメ,3,,,,,1,1,0,0,0,0,1,1,1947-04-17,,0,,
442011,0300001,2,大分県,オオイタケン,Oita,,,,大分市,オオイタシ,Oita-shi,,,,三川新町,ミツガワシンマチ,Mitsugawa Shimmachi,１丁目,１チョウメ,1,,,,,1,1,0,0,0,0,1,1,1947-04-17,,0,,
442011,0300002,2,大分県,オオイタケン,Oita,,,,大分市,オオイタシ,Oita-shi,,,,三川新町,ミツガワシンマチ,Mitsugawa Shimmachi,２丁目,２チョウメ,2,,,,,1,1,0,0,0,0,1,1,1947-04-17,,0,,
442011,0301001,2,大分県,オオイタケン,Oita,,,,大分市,オオイタシ,Oita-shi,,,,緑が丘,ミドリガオカ,Midorigaoka,１丁目,１チョウメ,1,,,,,1,1,0,0,0,0,1,1,1947-04-17,,0,,
442011,0301002,2,大分県,オオイタケン,Oita,,,,大分市,オオイタシ,Oita-shi,,,,緑が丘,ミドリガオカ,Midorigaoka,２丁目,２チョウメ,2,,,,,1,1,0,0,0,0,1,1,1947-04-17,,0,,
442011,0301003,2,大分県,オオイタケン,Oita,,,,大分市,オオイタシ,Oita-shi,,,,緑が丘,ミドリガオカ,Midorigaoka,３丁目,３チョウメ,3,,,,,1,1,0,0,0,0,1,1,1947-04-17,,0,,
442011,0301004,2,大分県,オオイタケン,Oita,,,,大分市,オオイタシ,Oita-shi,,,,緑が丘,ミドリガオカ,Midorigaoka,４丁目,４チョウメ,4,,,,,1,1,0,0,0,0,1,1,1947-04-17,,0,,
442011,0301005,2,大分県,オオイタケン,Oita,,,,大分市,オオイタシ,Oita-shi,,,,緑が丘,ミドリガオカ,Midorigaoka,５丁目,５チョウメ,5,,,,,1,1,0,0,0,0,1,1,1947-04-17,,0,,
442011,0302000,1,大分県,オオイタケン,Oita,,,,大分市,オオイタシ,Oita-shi,,,,南春日町,ミナミカスガマチ,Minamikasugamachi,,,,,,,,1,1,0,0,0,0,1,1,1947-04-17,,0,8700815,
442011,0303000,1,大分県,オオイタケン,Oita,,,,大分市,オオイタシ,Oita-shi,,,,南津留,ミナミヅル,Minamizuru,,,,,,,,1,1,0,0,0,0,1,1,1947-04-17,,0,8700937,
442011,0304001,2,大分県,オオイタケン,Oita,,,,大分市,オオイタシ,Oita-shi,,,,南鶴崎,ミナミツルサキ,Minamitsurusaki,１丁目,１チョウメ,1,,,,,1,1,0,0,0,0,1,1,1947-04-17,,0,,
442011,0304002,2,大分県,オオイタケン,Oita,,,,大分市,オオイタシ,Oita-shi,,,,南鶴崎,ミナミツルサキ,Minamitsurusaki,２丁目,２チョウメ,2,,,,,1,1,0,0,0,0,1,1,1947-04-17,,0,,
442011,0304003,2,大分県,オオイタケン,Oita,,,,大分市,オオイタシ,Oita-shi,,,,南鶴崎,ミナミツルサキ,Minamitsurusaki,３丁目,３チョウメ,3,,,,,1,1,0,0,0,0,1,1,1947-04-17,,0,,
442011,0305000,1,大分県,オオイタケン,Oita,,,,大分市,オオイタシ,Oita-shi,,,,宮河内ハイランド,ミヤカワチハイランド,Miyakawauchi Hairando,,,,,,,,0,0,0,0,0,0,0,0,1947-04-17,,0,8700275,
442011,0306001,2,大分県,オオイタケン,Oita,,,,大分市,オオイタシ,Oita-shi,,,,都町,ミヤコマチ,Miyakomachi,１丁目,１チョウメ,1,,,,,1,1,0,0,0,0,1,1,1947-04-17,,0,,
442011,0306002,2,大分県,オオイタケン,Oita,,,,大分市,オオイタシ,Oita-shi,,,,都町,ミヤコマチ,Miyakomachi,２丁目,２チョウメ,2,,,,,1,1,0,0,0,0,1,1,1947-04-17,,0,,
442011,0306003,2,大分県,オオイタケン,Oita,,,,大分市,オオイタシ,Oita-shi,,,,都町,ミヤコマチ,Miyakomachi,３丁目,３チョウメ,3,,,,,1,1,0,0,0,0,1,1,1947-04-17,,0,,
442011,0306004,2,大分県,オオイタケン,Oita,,,,大分市,オオイタシ,Oita-shi,,,,都町,ミヤコマチ,Miyakomachi,４丁目,４チョウメ,4,,,,,1,1,0,0,0,0,1,1,1947-04-17,,0,,
442011,0307001,2,大分県,オオイタケン,Oita,,,,大分市,オオイタシ,Oita-shi,,,,向原沖,ムカイバルオキ,Mukaibaru Oki,１丁目,１チョウメ,1,,,,,1,1,0,0,0,0,1,1,1947-04-17,,0,,
442011,0307002,2,大分県,オオイタケン,Oita,,,,大分市,オオイタシ,Oita-shi,,,,向原沖,ムカイバルオキ,Mukaibaru Oki,２丁目,２チョウメ,2,,,,,1,1,0,0,0,0,1,1,1947-04-17,,0,,
442011,0307003,2,大分県,オオイタケン,Oita,,,,大分市,オオイタシ,Oita-shi,,,,向原沖,ムカイバルオキ,Mukaibaru Oki,３丁目,３チョウメ,3,,,,,1,1,0,0,0,0,1,1,1947-04-17,,0,,
442011,0308001,2,大分県,オオイタケン,Oita,,,,大分市,オオイタシ,Oita-shi,,,,向原西,ムカイバルニシ,Mukaibaru Nishi,１丁目,１チョウメ,1,,,,,1,1,0,0,0,0,1,1,1947-04-17,,0,,
442011,0308002,2,大分県,オオイタケン,Oita,,,,大分市,オオイタシ,Oita-shi,,,,向原西,ムカイバルニシ,Mukaibaru Nishi,２丁目,２チョウメ,2,,,,,1,1,0,0,0,0,1,1,1947-04-17,,0,,
442011,0309001,2,大分県,オオイタケン,Oita,,,,大分市,オオイタシ,Oita-shi,,,,向原東,ムカイバルヒガシ,Mukaibaru Higashi,１丁目,１チョウメ,1,,,,,1,1,0,0,0,0,1,1,1947-04-17,,0,,
442011,0309002,2,大分県,オオイタケン,Oita,,,,大分市,オオイタシ,Oita-shi,,,,向原東,ムカイバルヒガシ,Mukaibaru Higashi,２丁目,２チョウメ,2,,,,,1,1,0,0,0,0,1,1,1947-04-17,,0,,
442011,0310000,1,大分県,オオイタケン,Oita,,,,大分市,オオイタシ,Oita-shi,,,,元町,モトマチ,Motomachi,,,,,,,,1,1,0,0,0,0,1,1,1947-04-17,,0,8700843,
442011,0311001,2,大分県,オオイタケン,Oita,,,,大分市,オオイタシ,Oita-shi,,,,山津町,ヤマヅマチ,Yamazumachi,１丁目,１チョウメ,1,,,,,1,1,0,0,0,0,1,1,1947-04-17,,0,,
442011,0311002,2,大分県,オオイタケン,Oita,,,,大分市,オオイタシ,Oita-shi,,,,山津町,ヤマヅマチ,Yamazumachi,２丁目,２チョウメ,2,,,,,1,1,0,0,0,0,1,1,1947-04-17,,0,,
442011,0312001,2,大分県,オオイタケン,Oita,,,,大分市,オオイタシ,Oita-shi,,,,豊町,ユタカマチ,Yutakamachi,１丁目,１チョウメ,1,,,,,1,1,0,0,0,0,1,1,1947-04-17,,0,,
442011,0312002,2,大分県,オオイタケン,Oita,,,,大分市,オオイタシ,Oita-shi,,,,豊町,ユタカマチ,Yutakamachi,２丁目,２チョウメ,2,,,,,1,1,0,0,0,0,1,1,1947-04-17,,0,,
442011,0313001,2,大分県,オオイタケン,Oita,,,,大分市,オオイタシ,Oita-shi,,,,横田,ヨコタ,Yokota,１丁目,１チョウメ,1,,,,,1,1,0,0,0,0,1,1,1947-04-17,,0,,
442011,0313002,2,大分県,オオイタケン,Oita,,,,大分市,オオイタシ,Oita-shi,,,,横田,ヨコタ,Yokota,２丁目,２チョウメ,2,,,,,1,1,0,0,0,0,1,1,1947-04-17,,0,,
442011,0314001,2,大分県,オオイタケン,Oita,,,,大分市,オオイタシ,Oita-shi,,,,横塚,ヨコヅカ,Yokozuka,１丁目,１チョウメ,1,,,,,1,1,0,0,0,0,1,1,1947-04-17,,0,,
442011,0314002,2,大分県,オオイタケン,Oita,,,,大分市,オオイタシ,Oita-shi,,,,横塚,ヨコヅカ,Yokozuka,２丁目,２チョウメ,2,,,,,1,1,0,0,0,0,1,1,1947-04-17,,0,,
442011,0315000,1,大分県,オオイタケン,Oita,,,,大分市,オオイタシ,Oita-shi,,,,六坊北町,ロクボウキタマチ,Rokubokitamachi,,,,,,,,1,1,0,0,0,0,1,1,1947-04-17,,0,8700841,
442011,0316000,1,大分県,オオイタケン,Oita,,,,大分市,オオイタシ,Oita-shi,,,,六坊南町,ロクボウミナミマチ,Rokubominamimachi,,,,,,,,1,1,0,0,0,0,1,1,1947-04-17,,0,8700842,
442011,0317001,2,大分県,オオイタケン,Oita,,,,大分市,オオイタシ,Oita-shi,,,,賀来西,カクニシ,Kakunishi,１丁目,１チョウメ,1,,,,,1,1,0,0,0,0,1,1,1947-04-17,,0,,
442011,0317002,2,大分県,オオイタケン,Oita,,,,大分市,オオイタシ,Oita-shi,,,,賀来西,カクニシ,Kakunishi,２丁目,２チョウメ,2,,,,,1,1,0,0,0,0,1,1,1947-04-17,,0,,
442011,0318000,1,大分県,オオイタケン,Oita,,,,大分市,オオイタシ,Oita-shi,,,,大字賀来,オオアザカク,Kaku,,,,,,,,0,0,0,0,0,0,1,1,1947-04-17,,0,8700877,
442011,0319000,1,大分県,オオイタケン,Oita,,,,大分市,オオイタシ,Oita-shi,,,,大字東院,オオアザトイ,Toi,,,,,,,,0,0,0,0,0,0,1,1,1947-04-17,,0,8700861,
442011,0320000,1,大分県,オオイタケン,Oita,,,,大分市,オオイタシ,Oita-shi,,,,大字宮苑,オオアザミヤゾノ,Miyazono,,,,,,,,0,0,0,0,0,0,1,1,1947-04-17,,0,8700878,
442011,0321001,2,大分県,オオイタケン,Oita,,,,大分市,オオイタシ,Oita-shi,,,,京が丘南,キョウガオカミナミ,Kyogaokaminami,１丁目,１チョウメ,1,,,,,1,1,0,0,0,0,1,1,1947-04-17,,0,,
442011,0321002,2,大分県,オオイタケン,Oita,,,,大分市,オオイタシ,Oita-shi,,,,京が丘南,キョウガオカミナミ,Kyogaokaminami,２丁目,２チョウメ,2,,,,,1,1,0,0,0,0,1,1,1947-04-17,,0,,
442011,0321003,2,大分県,オオイタケン,Oita,,,,大分市,オオイタシ,Oita-shi,,,,京が丘南,キョウガオカミナミ,Kyogaokaminami,３丁目,３チョウメ,3,,,,,1,1,0,0,0,0,1,1,1947-04-17,,0,,
442011,0322000,1,大分県,オオイタケン,Oita,,,,大分市,オオイタシ,Oita-shi,,,,大字小野鶴,オオアザオノヅル,Onozuru,,,,,,,,0,0,0,0,0,0,1,1,1947-04-17,,0,8701153,
442011,0323001,2,大分県,オオイタケン,Oita,,,,大分市,オオイタシ,Oita-shi,,,,松が丘,マツガオカ,Matsugaoka,１丁目,１チョウメ,1,,,,,1,1,0,0,0,0,1,1,1947-04-17,,0,,
442011,0323002,2,大分県,オオイタケン,Oita,,,,大分市,オオイタシ,Oita-shi,,,,松が丘,マツガオカ,Matsugaoka,２丁目,２チョウメ,2,,,,,1,1,0,0,0,0,1,1,1947-04-17,,0,,
442011,0323003,2,大分県,オオイタケン,Oita,,,,大分市,オオイタシ,Oita-shi,,,,松が丘,マツガオカ,Matsugaoka,３丁目,３チョウメ,3,,,,,1,1,0,0,0,0,1,1,1947-04-17,,0,,
442011,0323004,2,大分県,オオイタケン,Oita,,,,大分市,オオイタシ,Oita-shi,,,,松が丘,マツガオカ,Matsugaoka,４丁目,４チョウメ,4,,,,,1,1,0,0,0,0,1,1,1947-04-17,,0,,
442011,0324000,1,大分県,オオイタケン,Oita,,,,大分市,オオイタシ,Oita-shi,,,,大字上宗方,オオアザカミムナカタ,Kamimunakata,,,,,,,,0,0,0,0,0,0,1,1,1947-04-17,,0,8701152,
442011,0324000,1,大分県,オオイタケン,Oita,,,,大分市,オオイタシ,Oita-shi,,,,大字上宗方,オオアザカミムナカタ,Kamimunakata,,,,,,,,1,1,0,0,0,0,1,1,1947-04-17,2025-05-09,0,8701152,
442011,0325000,1,大分県,オオイタケン,Oita,,,,大分市,オオイタシ,Oita-shi,,,,大字佐賀関,オオアザサガノセキ,Saganoseki,,,,,,,,0,0,0,0,0,0,1,1,1947-04-17,,0,8792201,
442011,0326000,1,大分県,オオイタケン,Oita,,,,大分市,オオイタシ,Oita-shi,,,,大字白木,オオアザシラキ,Shiraki,,,,,,,,0,0,0,0,0,0,1,1,1947-04-17,,0,8792202,
442011,0327000,1,大分県,オオイタケン,Oita,,,,大分市,オオイタシ,Oita-shi,,,,大字松岡,オオアザマツオカ,Matsuoka,,,,,,,,0,0,0,0,0,0,1,1,1947-04-17,,0,8700125,
442011,0328000,1,大分県,オオイタケン,Oita,,,,大分市,オオイタシ,Oita-shi,,,,大字下判田,オオアザシモハンダ,Shimohanda,,,,,,,,0,0,0,0,0,0,1,1,1947-04-17,,0,8701112,
442011,0329000,1,大分県,オオイタケン,Oita,,,,大分市,オオイタシ,Oita-shi,,,,下郡山の手,シモゴウリヤマノテ,Shimogori Yamanote,,,,,,,,1,1,0,0,0,0,1,1,1947-04-17,,0,8700961,
442011,0330000,1,大分県,オオイタケン,Oita,,,,大分市,オオイタシ,Oita-shi,,,,大字下郡,オオアザシモゴオリ,Shimogori,,,,,,,,0,0,0,0,0,0,1,1,1947-04-17,,0,8700951,
442011,0330000,1,大分県,オオイタケン,Oita,,,,大分市,オオイタシ,Oita-shi,,,,大字下郡,オオアザシモゴオリ,Shimogori,,,,,,,,1,1,0,0,0,0,1,1,1947-04-17,2025-05-09,0,8700951,
442011,0331000,1,大分県,オオイタケン,Oita,,,,大分市,オオイタシ,Oita-shi,,,,寒田わかば台,ソウダワカバダイ,Sodawakabadai,,,,,,,,1,1,0,0,0,0,1,1,1947-04-17,,0,8701127,
442011,0332001,2,大分県,オオイタケン,Oita,,,,大分市,オオイタシ,Oita-shi,,,,判田台東,ハンダダイヒガシ,Handadai Higashi,１丁目,１チョウメ,1,,,,,1,1,0,0,0,0,1,1,1947-04-17,,0,,
442011,0332002,2,大分県,オオイタケン,Oita,,,,大分市,オオイタシ,Oita-shi,,,,判田台東,ハンダダイヒガシ,Handadai Higashi,２丁目,２チョウメ,2,,,,,1,1,0,0,0,0,1,1,1947-04-17,,0,,
442011,0333001,2,大分県,オオイタケン,Oita,,,,大分市,オオイタシ,Oita-shi,,,,判田台南,ハンダダイミナミ,Handadai Minami,１丁目,１チョウメ,1,,,,,1,1,0,0,0,0,1,1,1947-04-17,,0,,
442011,0333002,2,大分県,オオイタケン,Oita,,,,大分市,オオイタシ,Oita-shi,,,,判田台南,ハンダダイミナミ,Handadai Minami,２丁目,２チョウメ,2,,,,,1,1,0,0,0,0,1,1,1947-04-17,,0,,
442011,0333003,2,大分県,オオイタケン,Oita,,,,大分市,オオイタシ,Oita-shi,,,,判田台南,ハンダダイミナミ,Handadai Minami,３丁目,３チョウメ,3,,,,,1,1,0,0,0,0,1,1,1947-04-17,,0,,
442011,0333004,2,大分県,オオイタケン,Oita,,,,大分市,オオイタシ,Oita-shi,,,,判田台南,ハンダダイミナミ,Handadai Minami,４丁目,４チョウメ,4,,,,,1,1,0,0,0,0,1,1,1947-04-17,,0,,
442011,0334001,2,大分県,オオイタケン,Oita,,,,大分市,オオイタシ,Oita-shi,,,,判田台北,ハンダダイキタ,Handadai Kita,１丁目,１チョウメ,1,,,,,1,1,0,0,0,0,1,1,1947-04-17,,0,,
442011,0334002,2,大分県,オオイタケン,Oita,,,,大分市,オオイタシ,Oita-shi,,,,判田台北,ハンダダイキタ,Handadai Kita,２丁目,２チョウメ,2,,,,,1,1,0,0,0,0,1,1,1947-04-17,,0,,
442011,0334003,2,大分県,オオイタケン,Oita,,,,大分市,オオイタシ,Oita-shi,,,,判田台北,ハンダダイキタ,Handadai Kita,３丁目,３チョウメ,3,,,,,1,1,0,0,0,0,1,1,1947-04-17,,0,,
442011,0334004,2,大分県,オオイタケン,Oita,,,,大分市,オオイタシ,Oita-shi,,,,判田台北,ハンダダイキタ,Handadai Kita,４丁目,４チョウメ,4,,,,,1,1,0,0,0,0,1,1,1947-04-17,,0,,
442011,0335001,2,大分県,オオイタケン,Oita,,,,大分市,オオイタシ,Oita-shi,,,,東原,ヒガシバル,Higashibaru,１丁目,１チョウメ,1,,,,,1,1,0,0,0,0,1,1,1947-04-17,,0,,
442011,0335002,2,大分県,オオイタケン,Oita,,,,大分市,オオイタシ,Oita-shi,,,,東原,ヒガシバル,Higashibaru,２丁目,２チョウメ,2,,,,,1,1,0,0,0,0,1,1,1947-04-17,,0,,
442011,0335003,2,大分県,オオイタケン,Oita,,,,大分市,オオイタシ,Oita-shi,,,,東原,ヒガシバル,Higashibaru,３丁目,３チョウメ,3,,,,,1,1,0,0,0,0,1,1,1947-04-17,,0,,
442011,0336001,2,大分県,オオイタケン,Oita,,,,大分市,オオイタシ,Oita-shi,,,,田尻南,タジリミナミ,Tajiriminami,１丁目,１チョウメ,1,,,,,1,1,0,0,0,0,1,1,1947-04-17,,0,,
442011,0336002,2,大分県,オオイタケン,Oita,,,,大分市,オオイタシ,Oita-shi,,,,田尻南,タジリミナミ,Tajiriminami,２丁目,２チョウメ,2,,,,,1,1,0,0,0,0,1,1,1947-04-17,,0,,
442011,0337001,2,大分県,オオイタケン,Oita,,,,大分市,オオイタシ,Oita-shi,,,,横尾東町,ヨコオヒガシマチ,Yokohigashimachi,１丁目,１チョウメ,1,,,,,1,1,0,0,0,0,1,1,1947-04-17,,0,,
442011,0337002,2,大分県,オオイタケン,Oita,,,,大分市,オオイタシ,Oita-shi,,,,横尾東町,ヨコオヒガシマチ,Yokohigashimachi,２丁目,２チョウメ,2,,,,,1,1,0,0,0,0,1,1,1947-04-17,,0,,
442011,0337003,2,大分県,オオイタケン,Oita,,,,大分市,オオイタシ,Oita-shi,,,,横尾東町,ヨコオヒガシマチ,Yokohigashimachi,３丁目,３チョウメ,3,,,,,1,1,0,0,0,0,1,1,1947-04-17,,0,,
442011,0337004,2,大分県,オオイタケン,Oita,,,,大分市,オオイタシ,Oita-shi,,,,横尾東町,ヨコオヒガシマチ,Yokohigashimachi,４丁目,４チョウメ,4,,,,,1,1,0,0,0,0,1,1,1947-04-17,,0,,
442011,0338001,2,大分県,オオイタケン,Oita,,,,大分市,オオイタシ,Oita-shi,,,,椿が丘,ツバキガオカ,Tsubakigaoka,１丁目,１チョウメ,1,,,,,1,1,0,0,0,0,1,1,1947-04-17,,0,,
442011,0338002,2,大分県,オオイタケン,Oita,,,,大分市,オオイタシ,Oita-shi,,,,椿が丘,ツバキガオカ,Tsubakigaoka,２丁目,２チョウメ,2,,,,,1,1,0,0,0,0,1,1,1947-04-17,,0,,
442011,0339001,2,大分県,オオイタケン,Oita,,,,大分市,オオイタシ,Oita-shi,,,,雄城台中央,オギノダイチュウオウ,Oginodaichuo,１丁目,１チョウメ,1,,,,,1,1,0,0,0,0,1,1,1947-04-17,,0,,
442011,0339002,2,大分県,オオイタケン,Oita,,,,大分市,オオイタシ,Oita-shi,,,,雄城台中央,オギノダイチュウオウ,Oginodaichuo,２丁目,２チョウメ,2,,,,,1,1,0,0,0,0,1,1,1947-04-17,,0,,
442011,0340001,2,大分県,オオイタケン,Oita,,,,大分市,オオイタシ,Oita-shi,,,,上宗方南,カミムナカタミナミ,Kamimunakataminami,１丁目,１チョウメ,1,,,,,1,1,0,0,0,0,1,1,1947-04-17,,0,,
442011,0340002,2,大分県,オオイタケン,Oita,,,,大分市,オオイタシ,Oita-shi,,,,上宗方南,カミムナカタミナミ,Kamimunakataminami,２丁目,２チョウメ,2,,,,,1,1,0,0,0,0,1,1,1947-04-17,,0,,
442011,0340003,2,大分県,オオイタケン,Oita,,,,大分市,オオイタシ,Oita-shi,,,,上宗方南,カミムナカタミナミ,Kamimunakataminami,３丁目,３チョウメ,3,,,,,1,1,0,0,0,0,1,1,1947-04-17,,0,,
442011,0341000,1,大分県,オオイタケン,Oita,,,,大分市,オオイタシ,Oita-shi,,,,雄城台,オギノダイ,Oginodai,,,,,,,,1,1,0,0,0,0,1,1,1947-04-17,,0,8701165,
442011,0342000,1,大分県,オオイタケン,Oita,,,,大分市,オオイタシ,Oita-shi,,,,田尻東,タジリヒガシ,Tajirihigashi,,,,,,,,1,1,0,0,0,0,1,1,1947-04-17,,0,8701149,
442011,0343000,1,大分県,オオイタケン,Oita,,,,大分市,オオイタシ,Oita-shi,,,,田尻西,タジリニシ,Tajirinishi,,,,,,,,1,1,0,0,0,0,1,1,1947-04-17,,0,8701144,
442011,0344000,1,大分県,オオイタケン,Oita,,,,大分市,オオイタシ,Oita-shi,,,,田尻中央,タジリチュウオウ,Tajirichuo,,,,,,,,1,1,0,0,0,0,1,1,1947-04-17,,0,8701130,
442011,0345000,1,大分県,オオイタケン,Oita,,,,大分市,オオイタシ,Oita-shi,,,,田尻北,タジリキタ,Tajirikita,,,,,,,,1,1,0,0,0,0,1,1,1947-04-17,,0,8701140,
442011,0346000,1,大分県,オオイタケン,Oita,,,,大分市,オオイタシ,Oita-shi,,,,竹の上,タケノウエ,Takenoe,,,,,,,,1,1,0,0,0,0,1,1,1947-04-17,,0,8700882,
442011,0347001,2,大分県,オオイタケン,Oita,,,,大分市,オオイタシ,Oita-shi,,,,永興,リョウゴ,Ryogo,１丁目,１チョウメ,1,,,,,1,1,0,0,0,0,1,1,1947-04-17,,0,,
442011,0347002,2,大分県,オオイタケン,Oita,,,,大分市,オオイタシ,Oita-shi,,,,永興,リョウゴ,Ryogo,２丁目,２チョウメ,2,,,,,1,1,0,0,0,0,1,1,1947-04-17,,0,,
442011,0347003,2,大分県,オオイタケン,Oita,,,,大分市,オオイタシ,Oita-shi,,,,永興,リョウゴ,Ryogo,３丁目,３チョウメ,3,,,,,1,1,0,0,0,0,1,1,1947-04-17,,0,,
442011,0348001,2,大分県,オオイタケン,Oita,,,,大分市,オオイタシ,Oita-shi,,,,三ケ田町,ミケタマチ,Miketamachi,１丁目,１チョウメ,1,,,,,1,1,0,0,0,0,1,1,1947-04-17,,0,,
442011,0348002,2,大分県,オオイタケン,Oita,,,,大分市,オオイタシ,Oita-shi,,,,三ケ田町,ミケタマチ,Miketamachi,２丁目,２チョウメ,2,,,,,1,1,0,0,0,0,1,1,1947-04-17,,0,,
442011,0348003,2,大分県,オオイタケン,Oita,,,,大分市,オオイタシ,Oita-shi,,,,三ケ田町,ミケタマチ,Miketamachi,３丁目,３チョウメ,3,,,,,1,1,0,0,0,0,1,1,1947-04-17,,0,,
442011,0349000,1,大分県,オオイタケン,Oita,,,,大分市,オオイタシ,Oita-shi,,,,旭町,アサヒマチ,Asahimachi,,,,,,,,1,1,0,0,0,0,1,1,1947-04-17,,0,8700884,
442011,0350000,1,大分県,オオイタケン,Oita,,,,大分市,オオイタシ,Oita-shi,,,,中の瀬町,ナカノセマチ,Nakanosemachi,,,,,,,,1,1,0,0,0,0,1,1,1947-04-17,,0,8700859,
442011,0351001,2,大分県,オオイタケン,Oita,,,,大分市,オオイタシ,Oita-shi,,,,明磧町,アケガワラマチ,Akegawaramachi,１丁目,１チョウメ,1,,,,,1,1,0,0,0,0,1,1,1947-04-17,,0,,
442011,0351002,2,大分県,オオイタケン,Oita,,,,大分市,オオイタシ,Oita-shi,,,,明磧町,アケガワラマチ,Akegawaramachi,２丁目,２チョウメ,2,,,,,1,1,0,0,0,0,1,1,1947-04-17,,0,,
442011,0352001,2,大分県,オオイタケン,Oita,,,,大分市,オオイタシ,Oita-shi,,,,田中町,タナカマチ,Tanakamachi,１丁目,１チョウメ,1,,,,,1,1,0,0,0,0,1,1,1947-04-17,,0,,
442011,0352002,2,大分県,オオイタケン,Oita,,,,大分市,オオイタシ,Oita-shi,,,,田中町,タナカマチ,Tanakamachi,２丁目,２チョウメ,2,,,,,1,1,0,0,0,0,1,1,1947-04-17,,0,,
442011,0352003,2,大分県,オオイタケン,Oita,,,,大分市,オオイタシ,Oita-shi,,,,田中町,タナカマチ,Tanakamachi,３丁目,３チョウメ,3,,,,,1,1,0,0,0,0,1,1,1947-04-17,,0,,
442011,0353001,2,大分県,オオイタケン,Oita,,,,大分市,オオイタシ,Oita-shi,,,,二又町,フタマタマチ,Futamatamachi,１丁目,１チョウメ,1,,,,,1,1,0,0,0,0,1,1,1947-04-17,,0,,
442011,0353002,2,大分県,オオイタケン,Oita,,,,大分市,オオイタシ,Oita-shi,,,,二又町,フタマタマチ,Futamatamachi,２丁目,２チョウメ,2,,,,,1,1,0,0,0,0,1,1,1947-04-17,,0,,
442011,0353003,2,大分県,オオイタケン,Oita,,,,大分市,オオイタシ,Oita-shi,,,,二又町,フタマタマチ,Futamatamachi,３丁目,３チョウメ,3,,,,,1,1,0,0,0,0,1,1,1947-04-17,,0,,
442011,0354001,2,大分県,オオイタケン,Oita,,,,大分市,オオイタシ,Oita-shi,,,,豊饒,ブニョウ,Bunyo,１丁目,１チョウメ,1,,,,,1,1,0,0,0,0,1,1,1947-04-17,,0,,
442011,0354002,2,大分県,オオイタケン,Oita,,,,大分市,オオイタシ,Oita-shi,,,,豊饒,ブニョウ,Bunyo,２丁目,２チョウメ,2,,,,,1,1,0,0,0,0,1,1,1947-04-17,,0,,
442011,0354003,2,大分県,オオイタケン,Oita,,,,大分市,オオイタシ,Oita-shi,,,,豊饒,ブニョウ,Bunyo,３丁目,３チョウメ,3,,,,,1,1,0,0,0,0,1,1,1947-04-17,,0,,
442011,0455001,2,大分県,オオイタケン,Oita,,,,大分市,オオイタシ,Oita-shi,,,,畑中,ハタケナカ,Hatakenaka,１丁目,１チョウメ,1,,,,,1,1,0,0,0,0,1,1,1947-04-17,,0,,
442011,0455002,2,大分県,オオイタケン,Oita,,,,大分市,オオイタシ,Oita-shi,,,,畑中,ハタケナカ,Hatakenaka,２丁目,２チョウメ,2,,,,,1,1,0,0,0,0,1,1,1947-04-17,,0,,
442011,0455003,2,大分県,オオイタケン,Oita,,,,大分市,オオイタシ,Oita-shi,,,,畑中,ハタケナカ,Hatakenaka,３丁目,３チョウメ,3,,,,,1,1,0,0,0,0,1,1,1947-04-17,,0,,
442011,0455004,2,大分県,オオイタケン,Oita,,,,大分市,オオイタシ,Oita-shi,,,,畑中,ハタケナカ,Hatakenaka,４丁目,４チョウメ,4,,,,,1,1,0,0,0,0,1,1,1947-04-17,,0,,
442011,0455005,2,大分県,オオイタケン,Oita,,,,大分市,オオイタシ,Oita-shi,,,,畑中,ハタケナカ,Hatakenaka,５丁目,５チョウメ,5,,,,,1,1,0,0,0,0,1,1,1947-04-17,,0,,
442011,0456001,2,大分県,オオイタケン,Oita,,,,大分市,オオイタシ,Oita-shi,,,,森町西,モリマチニシ,Morimachinishi,１丁目,１チョウメ,1,,,,,1,1,0,0,0,0,1,1,1947-04-17,,0,,
442011,0456002,2,大分県,オオイタケン,Oita,,,,大分市,オオイタシ,Oita-shi,,,,森町西,モリマチニシ,Morimachinishi,２丁目,２チョウメ,2,,,,,1,1,0,0,0,0,1,1,1947-04-17,,0,,
442011,0456003,2,大分県,オオイタケン,Oita,,,,大分市,オオイタシ,Oita-shi,,,,森町西,モリマチニシ,Morimachinishi,３丁目,３チョウメ,3,,,,,1,1,0,0,0,0,1,1,1947-04-17,,0,,
442011,0456004,2,大分県,オオイタケン,Oita,,,,大分市,オオイタシ,Oita-shi,,,,森町西,モリマチニシ,Morimachinishi,４丁目,４チョウメ,4,,,,,1,1,0,0,0,0,1,1,1947-04-17,,0,,
442011,0456005,2,大分県,オオイタケン,Oita,,,,大分市,オオイタシ,Oita-shi,,,,森町西,モリマチニシ,Morimachinishi,５丁目,５チョウメ,5,,,,,1,1,0,0,0,0,1,1,1947-04-17,,0,,
442011,0457001,2,大分県,オオイタケン,Oita,,,,大分市,オオイタシ,Oita-shi,,,,宮崎台,ミヤザキダイ,Miyazakidai,一丁目,１チョウメ,1,,,,,0,0,1,0,0,0,0,0,1947-04-17,,0,,
442011,0457002,2,大分県,オオイタケン,Oita,,,,大分市,オオイタシ,Oita-shi,,,,宮崎台,ミヤザキダイ,Miyazakidai,二丁目,２チョウメ,2,,,,,0,0,1,0,0,0,0,0,1947-04-17,,0,,
442011,0457003,2,大分県,オオイタケン,Oita,,,,大分市,オオイタシ,Oita-shi,,,,宮崎台,ミヤザキダイ,Miyazakidai,三丁目,３チョウメ,3,,,,,0,0,1,0,0,0,0,0,1947-04-17,,0,,
442011,0458000,1,大分県,オオイタケン,Oita,,,,大分市,オオイタシ,Oita-shi,,,,大字関,オオアザセキ,,,,,,,,,0,0,0,0,0,0,1,1,1947-04-17,,0,,
442011,0459000,1,大分県,オオイタケン,Oita,,,,大分市,オオイタシ,Oita-shi,,,,大字高松,オオアザタカマツ,Takamatsu,,,,,,,,0,0,0,0,0,0,1,1,1947-04-17,,0,8700917,
442011,0460000,1,大分県,オオイタケン,Oita,,,,大分市,オオイタシ,Oita-shi,,,,大字今津留,オオアザイマヅル,Imazuru,,,,,,,,0,0,0,0,0,0,1,1,1947-04-17,,0,8700938,
442011,0461000,1,大分県,オオイタケン,Oita,,,,大分市,オオイタシ,Oita-shi,,,,大字三川,オオアザミツガワ,,,,,,,,,0,0,0,0,0,0,1,1,1947-04-17,,0,,
442011,0462000,1,大分県,オオイタケン,Oita,,,,大分市,オオイタシ,Oita-shi,,,,大字上野,オオアザウエノ,,,,,,,,,0,0,0,0,0,0,1,1,1947-04-17,,0,,
442011,0463000,1,大分県,オオイタケン,Oita,,,,大分市,オオイタシ,Oita-shi,,,,大字津留,オオアザツル,Tsuru,,,,,,,,0,0,0,0,0,0,1,1,1947-04-17,,0,8700930,
442011,0464000,1,大分県,オオイタケン,Oita,,,,大分市,オオイタシ,Oita-shi,,,,大字萩原,オオアザハギワラ,Hagiwara,,,,,,,,0,0,0,0,0,0,1,1,1947-04-17,,0,8700921,
442011,0465000,1,大分県,オオイタケン,Oita,,,,大分市,オオイタシ,Oita-shi,,,,弁天町,ベンテンマチ,,,,,,,,,0,0,0,0,0,0,1,1,1947-04-17,2025-05-09,0,,
442011,0465000,1,大分県,オオイタケン,Oita,,,,大分市,オオイタシ,Oita-shi,,,,弁天町,ベンテンマチ,,,,,,,,,1,1,0,0,0,0,1,1,1947-04-17,,0,,
442011,0466001,2,大分県,オオイタケン,Oita,,,,大分市,オオイタシ,Oita-shi,,,,羽屋,ハヤ,Haya,１丁目,１チョウメ,1,,,,,0,0,0,0,0,0,1,1,1947-04-17,2025-05-09,0,,
442011,0466001,2,大分県,オオイタケン,Oita,,,,大分市,オオイタシ,Oita-shi,,,,羽屋,ハヤ,Haya,１丁目,１チョウメ,1,,,,,1,1,0,0,0,0,1,1,1947-04-17,,0,,
442011,0466002,2,大分県,オオイタケン,Oita,,,,大分市,オオイタシ,Oita-shi,,,,羽屋,ハヤ,Haya,２丁目,２チョウメ,2,,,,,0,0,0,0,0,0,1,1,1947-04-17,2025-05-09,0,,
442011,0466002,2,大分県,オオイタケン,Oita,,,,大分市,オオイタシ,Oita-shi,,,,羽屋,ハヤ,Haya,２丁目,２チョウメ,2,,,,,1,1,0,0,0,0,1,1,1947-04-17,,0,,
442011,0466003,2,大分県,オオイタケン,Oita,,,,大分市,オオイタシ,Oita-shi,,,,羽屋,ハヤ,Haya,３丁目,３チョウメ,3,,,,,0,0,0,0,0,0,1,1,1947-04-17,2025-05-09,0,,
442011,0466003,2,大分県,オオイタケン,Oita,,,,大分市,オオイタシ,Oita-shi,,,,羽屋,ハヤ,Haya,３丁目,３チョウメ,3,,,,,1,1,0,0,0,0,1,1,1947-04-17,,0,,
442011,0466004,2,大分県,オオイタケン,Oita,,,,大分市,オオイタシ,Oita-shi,,,,羽屋,ハヤ,Haya,４丁目,４チョウメ,4,,,,,0,0,0,0,0,0,1,1,1947-04-17,2025-05-09,0,,
442011,0466004,2,大分県,オオイタケン,Oita,,,,大分市,オオイタシ,Oita-shi,,,,羽屋,ハヤ,Haya,４丁目,４チョウメ,4,,,,,1,1,0,0,0,0,1,1,1947-04-17,,0,,
442011,0467001,2,大分県,オオイタケン,Oita,,,,大分市,オオイタシ,Oita-shi,,,,羽屋新町,ハヤシンマチ,Hayashimmachi,１丁目,１チョウメ,1,,,,,0,0,0,0,0,0,1,1,1947-04-17,2025-05-09,0,,
442011,0467001,2,大分県,オオイタケン,Oita,,,,大分市,オオイタシ,Oita-shi,,,,羽屋新町,ハヤシンマチ,Hayashimmachi,１丁目,１チョウメ,1,,,,,1,1,0,0,0,0,1,1,1947-04-17,,0,,
442011,0467002,2,大分県,オオイタケン,Oita,,,,大分市,オオイタシ,Oita-shi,,,,羽屋新町,ハヤシンマチ,Hayashimmachi,２丁目,２チョウメ,2,,,,,0,0,0,0,0,0,1,1,1947-04-17,2025-05-09,0,,
442011,0467002,2,大分県,オオイタケン,Oita,,,,大分市,オオイタシ,Oita-shi,,,,羽屋新町,ハヤシンマチ,Hayashimmachi,２丁目,２チョウメ,2,,,,,1,1,0,0,0,0,1,1,1947-04-17,,0,,
442011,0467003,2,大分県,オオイタケン,Oita,,,,大分市,オオイタシ,Oita-shi,,,,羽屋新町,ハヤシンマチ,Hayashimmachi,３丁目,３チョウメ,3,,,,,0,0,0,0,0,0,1,1,1947-04-17,2025-05-09,0,,
442011,0467003,2,大分県,オオイタケン,Oita,,,,大分市,オオイタシ,Oita-shi,,,,羽屋新町,ハヤシンマチ,Hayashimmachi,３丁目,３チョウメ,3,,,,,1,1,0,0,0,0,1,1,1947-04-17,,0,,
442011,0468001,2,大分県,オオイタケン,Oita,,,,大分市,オオイタシ,Oita-shi,,,,荏隈町,エノクママチ,Enokumamachi,１丁目,１チョウメ,1,,,,,0,0,0,0,0,0,1,1,1947-04-17,2025-05-09,0,,
442011,0468001,2,大分県,オオイタケン,Oita,,,,大分市,オオイタシ,Oita-shi,,,,荏隈町,エノクママチ,Enokumamachi,１丁目,１チョウメ,1,,,,,1,1,0,0,0,0,1,1,1947-04-17,,0,,
442011,0468002,2,大分県,オオイタケン,Oita,,,,大分市,オオイタシ,Oita-shi,,,,荏隈町,エノクママチ,Enokumamachi,２丁目,２チョウメ,2,,,,,0,0,0,0,0,0,1,1,1947-04-17,2025-05-09,0,,
442011,0468002,2,大分県,オオイタケン,Oita,,,,大分市,オオイタシ,Oita-shi,,,,荏隈町,エノクママチ,Enokumamachi,２丁目,２チョウメ,2,,,,,1,1,0,0,0,0,1,1,1947-04-17,,0,,
442011,0469001,2,大分県,オオイタケン,Oita,,,,大分市,オオイタシ,Oita-shi,,,,花園,ハナゾノ,Hanazono,１丁目,１チョウメ,1,,,,,0,0,0,0,0,0,1,1,1947-04-17,2025-05-09,0,,
442011,0469001,2,大分県,オオイタケン,Oita,,,,大分市,オオイタシ,Oita-shi,,,,花園,ハナゾノ,Hanazono,１丁目,１チョウメ,1,,,,,1,1,0,0,0,0,1,1,1947-04-17,,0,,
442011,0469002,2,大分県,オオイタケン,Oita,,,,大分市,オオイタシ,Oita-shi,,,,花園,ハナゾノ,Hanazono,２丁目,２チョウメ,2,,,,,0,0,0,0,0,0,1,1,1947-04-17,2025-05-09,0,,
442011,0469002,2,大分県,オオイタケン,Oita,,,,大分市,オオイタシ,Oita-shi,,,,花園,ハナゾノ,Hanazono,２丁目,２チョウメ,2,,,,,1,1,0,0,0,0,1,1,1947-04-17,,0,,
442011,0469003,2,大分県,オオイタケン,Oita,,,,大分市,オオイタシ,Oita-shi,,,,花園,ハナゾノ,Hanazono,３丁目,３チョウメ,3,,,,,0,0,0,0,0,0,1,1,1947-04-17,2025-05-09,0,,
442011,0469003,2,大分県,オオイタケン,Oita,,,,大分市,オオイタシ,Oita-shi,,,,花園,ハナゾノ,Hanazono,３丁目,３チョウメ,3,,,,,1,1,0,0,0,0,1,1,1947-04-17,,0,,
442011,0470001,2,大分県,オオイタケン,Oita,,,,大分市,オオイタシ,Oita-shi,,,,賀来新川,カクシンカワ,Kakushinkawa,１丁目,１チョウメ,1,,,,,0,0,0,0,0,0,1,1,1947-04-17,2025-05-09,0,,
442011,0470001,2,大分県,オオイタケン,Oita,,,,大分市,オオイタシ,Oita-shi,,,,賀来新川,カクシンカワ,Kakushinkawa,１丁目,１チョウメ,1,,,,,1,1,0,0,0,0,1,1,1947-04-17,,0,,
442011,0470002,2,大分県,オオイタケン,Oita,,,,大分市,オオイタシ,Oita-shi,,,,賀来新川,カクシンカワ,Kakushinkawa,２丁目,２チョウメ,2,,,,,0,0,0,0,0,0,1,1,1947-04-17,2025-05-09,0,,
442011,0470002,2,大分県,オオイタケン,Oita,,,,大分市,オオイタシ,Oita-shi,,,,賀来新川,カクシンカワ,Kakushinkawa,２丁目,２チョウメ,2,,,,,1,1,0,0,0,0,1,1,1947-04-17,,0,,
442011,0471001,2,大分県,オオイタケン,Oita,,,,大分市,オオイタシ,Oita-shi,,,,古国府,フルゴウ,Furugo,１丁目,１チョウメ,1,,,,,0,0,0,0,0,0,1,1,1947-04-17,2025-05-09,0,,
442011,0471001,2,大分県,オオイタケン,Oita,,,,大分市,オオイタシ,Oita-shi,,,,古国府,フルゴウ,Furugo,１丁目,１チョウメ,1,,,,,1,1,0,0,0,0,1,1,1947-04-17,,0,,
442011,0471002,2,大分県,オオイタケン,Oita,,,,大分市,オオイタシ,Oita-shi,,,,古国府,フルゴウ,Furugo,２丁目,２チョウメ,2,,,,,0,0,0,0,0,0,1,1,1947-04-17,2025-05-09,0,,
442011,0471002,2,大分県,オオイタケン,Oita,,,,大分市,オオイタシ,Oita-shi,,,,古国府,フルゴウ,Furugo,２丁目,２チョウメ,2,,,,,1,1,0,0,0,0,1,1,1947-04-17,,0,,
442011,0471003,2,大分県,オオイタケン,Oita,,,,大分市,オオイタシ,Oita-shi,,,,古国府,フルゴウ,Furugo,３丁目,３チョウメ,3,,,,,0,0,0,0,0,0,1,1,1947-04-17,2025-05-09,0,,
442011,0471003,2,大分県,オオイタケン,Oita,,,,大分市,オオイタシ,Oita-shi,,,,古国府,フルゴウ,Furugo,３丁目,３チョウメ,3,,,,,1,1,0,0,0,0,1,1,1947-04-17,,0,,
442011,0471004,2,大分県,オオイタケン,Oita,,,,大分市,オオイタシ,Oita-shi,,,,古国府,フルゴウ,Furugo,４丁目,４チョウメ,4,,,,,0,0,0,0,0,0,1,1,1947-04-17,2025-05-09,0,,
442011,0471004,2,大分県,オオイタケン,Oita,,,,大分市,オオイタシ,Oita-shi,,,,古国府,フルゴウ,Furugo,４丁目,４チョウメ,4,,,,,1,1,0,0,0,0,1,1,1947-04-17,,0,,
442011,0471005,2,大分県,オオイタケン,Oita,,,,大分市,オオイタシ,Oita-shi,,,,古国府,フルゴウ,Furugo,５丁目,５チョウメ,5,,,,,0,0,0,0,0,0,1,1,1947-04-17,2025-05-09,0,,
442011,0471005,2,大分県,オオイタケン,Oita,,,,大分市,オオイタシ,Oita-shi,,,,古国府,フルゴウ,Furugo,５丁目,５チョウメ,5,,,,,1,1,0,0,0,0,1,1,1947-04-17,,0,,
442011,0471006,2,大分県,オオイタケン,Oita,,,,大分市,オオイタシ,Oita-shi,,,,古国府,フルゴウ,Furugo,６丁目,６チョウメ,6,,,,,0,0,0,0,0,0,1,1,1947-04-17,2025-05-09,0,,
442011,0471006,2,大分県,オオイタケン,Oita,,,,大分市,オオイタシ,Oita-shi,,,,古国府,フルゴウ,Furugo,６丁目,６チョウメ,6,,,,,1,1,0,0,0,0,1,1,1947-04-17,,0,,
442011,0472001,2,大分県,オオイタケン,Oita,,,,大分市,オオイタシ,Oita-shi,,,,広瀬町,ヒロセマチ,Hirosemachi,１丁目,１チョウメ,1,,,,,0,0,0,0,0,0,1,1,1947-04-17,2025-05-09,0,,
442011,0472001,2,大分県,オオイタケン,Oita,,,,大分市,オオイタシ,Oita-shi,,,,広瀬町,ヒロセマチ,Hirosemachi,１丁目,１チョウメ,1,,,,,1,1,0,0,0,0,1,1,1947-04-17,,0,,
442011,0472002,2,大分県,オオイタケン,Oita,,,,大分市,オオイタシ,Oita-shi,,,,広瀬町,ヒロセマチ,Hirosemachi,２丁目,２チョウメ,2,,,,,0,0,0,0,0,0,1,1,1947-04-17,2025-05-09,0,,
442011,0472002,2,大分県,オオイタケン,Oita,,,,大分市,オオイタシ,Oita-shi,,,,広瀬町,ヒロセマチ,Hirosemachi,２丁目,２チョウメ,2,,,,,1,1,0,0,0,0,1,1,1947-04-17,,0,,
442011,0473001,2,大分県,オオイタケン,Oita,,,,大分市,オオイタシ,Oita-shi,,,,上田町,ウエダマチ,Uedamachi,１丁目,１チョウメ,1,,,,,0,0,0,0,0,0,1,1,1947-04-17,2025-05-09,0,,
442011,0473001,2,大分県,オオイタケン,Oita,,,,大分市,オオイタシ,Oita-shi,,,,上田町,ウエダマチ,Uedamachi,１丁目,１チョウメ,1,,,,,1,1,0,0,0,0,1,1,1947-04-17,,0,,
442011,0473002,2,大分県,オオイタケン,Oita,,,,大分市,オオイタシ,Oita-shi,,,,上田町,ウエダマチ,Uedamachi,２丁目,２チョウメ,2,,,,,0,0,0,0,0,0,1,1,1947-04-17,2025-05-09,0,,
442011,0473002,2,大分県,オオイタケン,Oita,,,,大分市,オオイタシ,Oita-shi,,,,上田町,ウエダマチ,Uedamachi,２丁目,２チョウメ,2,,,,,1,1,0,0,0,0,1,1,1947-04-17,,0,,
442011,0473003,2,大分県,オオイタケン,Oita,,,,大分市,オオイタシ,Oita-shi,,,,上田町,ウエダマチ,Uedamachi,３丁目,３チョウメ,3,,,,,0,0,0,0,0,0,1,1,1947-04-17,2025-05-09,0,,
442011,0473003,2,大分県,オオイタケン,Oita,,,,大分市,オオイタシ,Oita-shi,,,,上田町,ウエダマチ,Uedamachi,３丁目,３チョウメ,3,,,,,1,1,0,0,0,0,1,1,1947-04-17,,0,,
442011,0474001,2,大分県,オオイタケン,Oita,,,,大分市,オオイタシ,Oita-shi,,,,南太平寺,ミナミタイヘイジ,Minamitaiheiji,１丁目,１チョウメ,1,,,,,0,0,0,0,0,0,1,1,1947-04-17,2025-05-09,0,,
442011,0474001,2,大分県,オオイタケン,Oita,,,,大分市,オオイタシ,Oita-shi,,,,南太平寺,ミナミタイヘイジ,Minamitaiheiji,１丁目,１チョウメ,1,,,,,1,1,0,0,0,0,1,1,1947-04-17,,0,,
442011,0474002,2,大分県,オオイタケン,Oita,,,,大分市,オオイタシ,Oita-shi,,,,南太平寺,ミナミタイヘイジ,Minamitaiheiji,２丁目,２チョウメ,2,,,,,0,0,0,0,0,0,1,1,1947-04-17,2025-05-09,0,,
442011,0474002,2,大分県,オオイタケン,Oita,,,,大分市,オオイタシ,Oita-shi,,,,南太平寺,ミナミタイヘイジ,Minamitaiheiji,２丁目,２チョウメ,2,,,,,1,1,0,0,0,0,1,1,1947-04-17,,0,,
442011,0474003,2,大分県,オオイタケン,Oita,,,,大分市,オオイタシ,Oita-shi,,,,南太平寺,ミナミタイヘイジ,Minamitaiheiji,３丁目,３チョウメ,3,,,,,0,0,0,0,0,0,1,1,1947-04-17,2025-05-09,0,,
442011,0474003,2,大分県,オオイタケン,Oita,,,,大分市,オオイタシ,Oita-shi,,,,南太平寺,ミナミタイヘイジ,Minamitaiheiji,３丁目,３チョウメ,3,,,,,1,1,0,0,0,0,1,1,1947-04-17,,0,,
442011,0474004,2,大分県,オオイタケン,Oita,,,,大分市,オオイタシ,Oita-shi,,,,南太平寺,ミナミタイヘイジ,Minamitaiheiji,４丁目,４チョウメ,4,,,,,0,0,0,0,0,0,1,1,1947-04-17,2025-05-09,0,,
442011,0474004,2,大分県,オオイタケン,Oita,,,,大分市,オオイタシ,Oita-shi,,,,南太平寺,ミナミタイヘイジ,Minamitaiheiji,４丁目,４チョウメ,4,,,,,1,1,0,0,0,0,1,1,1947-04-17,,0,,
442011,0475001,2,大分県,オオイタケン,Oita,,,,大分市,オオイタシ,Oita-shi,,,,尼が瀬,アマガセ,Amagase,１丁目,１チョウメ,1,,,,,0,0,0,0,0,0,1,1,1947-04-17,2025-05-09,0,,
442011,0475001,2,大分県,オオイタケン,Oita,,,,大分市,オオイタシ,Oita-shi,,,,尼が瀬,アマガセ,Amagase,１丁目,１チョウメ,1,,,,,1,1,0,0,0,0,1,1,1947-04-17,,0,,
442011,0475002,2,大分県,オオイタケン,Oita,,,,大分市,オオイタシ,Oita-shi,,,,尼が瀬,アマガセ,Amagase,２丁目,２チョウメ,2,,,,,0,0,0,0,0,0,1,1,1947-04-17,2025-05-09,0,,
442011,0475002,2,大分県,オオイタケン,Oita,,,,大分市,オオイタシ,Oita-shi,,,,尼が瀬,アマガセ,Amagase,２丁目,２チョウメ,2,,,,,1,1,0,0,0,0,1,1,1947-04-17,,0,,
442011,0475003,2,大分県,オオイタケン,Oita,,,,大分市,オオイタシ,Oita-shi,,,,尼が瀬,アマガセ,Amagase,３丁目,３チョウメ,3,,,,,0,0,0,0,0,0,1,1,1947-04-17,2025-05-09,0,,
442011,0475003,2,大分県,オオイタケン,Oita,,,,大分市,オオイタシ,Oita-shi,,,,尼が瀬,アマガセ,Amagase,３丁目,３チョウメ,3,,,,,1,1,0,0,0,0,1,1,1947-04-17,,0,,
442011,0476001,2,大分県,オオイタケン,Oita,,,,大分市,オオイタシ,Oita-shi,,,,木上台,キノウエダイ,Kinoedai,１丁目,１チョウメ,1,,,,,0,0,0,0,0,0,1,1,1947-04-17,2025-05-09,0,,
442011,0476001,2,大分県,オオイタケン,Oita,,,,大分市,オオイタシ,Oita-shi,,,,木上台,キノウエダイ,Kinoedai,１丁目,１チョウメ,1,,,,,1,1,0,0,0,0,1,1,1947-04-17,,0,,
442011,0476002,2,大分県,オオイタケン,Oita,,,,大分市,オオイタシ,Oita-shi,,,,木上台,キノウエダイ,Kinoedai,２丁目,２チョウメ,2,,,,,0,0,0,0,0,0,1,1,1947-04-17,2025-05-09,0,,
442011,0476002,2,大分県,オオイタケン,Oita,,,,大分市,オオイタシ,Oita-shi,,,,木上台,キノウエダイ,Kinoedai,２丁目,２チョウメ,2,,,,,1,1,0,0,0,0,1,1,1947-04-17,,0,,
442011,0478000,1,大分県,オオイタケン,Oita,,,,大分市,オオイタシ,Oita-shi,,,,大字原,オオアザハル,,,,,,,,,0,0,0,0,0,0,1,0,1947-04-17,,1,,
442011,0479001,2,大分県,オオイタケン,Oita,,,,大分市,オオイタシ,Oita-shi,,,,新川西,シンカワニシ,,１丁目,１チョウメ,1,,,,,0,0,0,0,0,0,1,1,2021-12-08,2025-05-09,0,,
442011,0479001,2,大分県,オオイタケン,Oita,,,,大分市,オオイタシ,Oita-shi,,,,新川西,シンカワニシ,,１丁目,１チョウメ,1,,,,,1,1,0,0,0,0,1,1,2021-12-07,,0,,
442011,0479002,2,大分県,オオイタケン,Oita,,,,大分市,オオイタシ,Oita-shi,,,,新川西,シンカワニシ,,２丁目,２チョウメ,2,,,,,0,0,0,0,0,0,1,1,2021-12-08,2025-05-09,0,,
442011,0479002,2,大分県,オオイタケン,Oita,,,,大分市,オオイタシ,Oita-shi,,,,新川西,シンカワニシ,,２丁目,２チョウメ,2,,,,,1,1,0,0,0,0,1,1,2021-12-07,,0,,
442011,0480001,2,大分県,オオイタケン,Oita,,,,大分市,オオイタシ,Oita-shi,,,,ふじが丘東,フジガオカヒガシ,,１丁目,１チョウメ,1,,,,,0,0,0,0,0,0,1,1,2021-12-08,2025-05-09,0,,
442011,0480001,2,大分県,オオイタケン,Oita,,,,大分市,オオイタシ,Oita-shi,,,,ふじが丘東,フジガオカヒガシ,,１丁目,１チョウメ,1,,,,,1,1,0,0,0,0,1,1,2021-12-07,,0,,
442011,0480002,2,大分県,オオイタケン,Oita,,,,大分市,オオイタシ,Oita-shi,,,,ふじが丘東,フジガオカヒガシ,,２丁目,２チョウメ,2,,,,,0,0,0,0,0,0,1,1,2021-12-08,2025-05-09,0,,
442011,0480002,2,大分県,オオイタケン,Oita,,,,大分市,オオイタシ,Oita-shi,,,,ふじが丘東,フジガオカヒガシ,,２丁目,２チョウメ,2,,,,,1,1,0,0,0,0,1,1,2021-12-07,,0,,
442011,0480003,2,大分県,オオイタケン,Oita,,,,大分市,オオイタシ,Oita-shi,,,,ふじが丘東,フジガオカヒガシ,,３丁目,３チョウメ,3,,,,,0,0,0,0,0,0,1,1,2021-12-08,2025-05-09,0,,
442011,0480003,2,大分県,オオイタケン,Oita,,,,大分市,オオイタシ,Oita-shi,,,,ふじが丘東,フジガオカヒガシ,,３丁目,３チョウメ,3,,,,,1,1,0,0,0,0,1,1,2021-12-07,,0,,
442011,0481001,2,大分県,オオイタケン,Oita,,,,大分市,オオイタシ,Oita-shi,,,,城南北,ジョウナンキタ,,１丁目,１チョウメ,1,,,,,0,0,0,0,0,0,1,1,2021-12-08,2025-05-09,0,,
442011,0481001,2,大分県,オオイタケン,Oita,,,,大分市,オオイタシ,Oita-shi,,,,城南北,ジョウナンキタ,,１丁目,１チョウメ,1,,,,,1,1,0,0,0,0,1,1,2021-12-07,,0,,
442011,0481002,2,大分県,オオイタケン,Oita,,,,大分市,オオイタシ,Oita-shi,,,,城南北,ジョウナンキタ,,２丁目,２チョウメ,2,,,,,0,0,0,0,0,0,1,1,2021-12-08,2025-05-09,0,,
442011,0481002,2,大分県,オオイタケン,Oita,,,,大分市,オオイタシ,Oita-shi,,,,城南北,ジョウナンキタ,,２丁目,２チョウメ,2,,,,,1,1,0,0,0,0,1,1,2021-12-07,,0,,
442011,0482001,2,大分県,オオイタケン,Oita,,,,大分市,オオイタシ,Oita-shi,,,,城南東,ジョウナンヒガシ,,１丁目,１チョウメ,1,,,,,0,0,0,0,0,0,1,1,2021-12-08,2025-05-09,0,,
442011,0482001,2,大分県,オオイタケン,Oita,,,,大分市,オオイタシ,Oita-shi,,,,城南東,ジョウナンヒガシ,,１丁目,１チョウメ,1,,,,,1,1,0,0,0,0,1,1,2021-12-07,,0,,
442011,0482002,2,大分県,オオイタケン,Oita,,,,大分市,オオイタシ,Oita-shi,,,,城南東,ジョウナンヒガシ,,２丁目,２チョウメ,2,,,,,0,0,0,0,0,0,1,1,2021-12-08,2025-05-09,0,,
442011,0482002,2,大分県,オオイタケン,Oita,,,,大分市,オオイタシ,Oita-shi,,,,城南東,ジョウナンヒガシ,,２丁目,２チョウメ,2,,,,,1,1,0,0,0,0,1,1,2021-12-07,,0,,
442011,0483001,2,大分県,オオイタケン,Oita,,,,大分市,オオイタシ,Oita-shi,,,,ふじが丘北,フジガオカキタ,,１丁目,１チョウメ,1,,,,,0,0,0,0,0,0,1,1,2021-12-08,2025-05-09,0,,
442011,0483001,2,大分県,オオイタケン,Oita,,,,大分市,オオイタシ,Oita-shi,,,,ふじが丘北,フジガオカキタ,,１丁目,１チョウメ,1,,,,,1,1,0,0,0,0,1,1,2021-12-07,,0,,
442011,0483002,2,大分県,オオイタケン,Oita,,,,大分市,オオイタシ,Oita-shi,,,,ふじが丘北,フジガオカキタ,,２丁目,２チョウメ,2,,,,,0,0,0,0,0,0,1,1,2021-12-08,2025-05-09,0,,
442011,0483002,2,大分県,オオイタケン,Oita,,,,大分市,オオイタシ,Oita-shi,,,,ふじが丘北,フジガオカキタ,,２丁目,２チョウメ,2,,,,,1,1,0,0,0,0,1,1,2021-12-07,,0,,
442011,0484001,2,大分県,オオイタケン,Oita,,,,大分市,オオイタシ,Oita-shi,,,,ふじが丘西,フジガオカニシ,,１丁目,１チョウメ,1,,,,,0,0,0,0,0,0,1,1,2021-12-08,2025-05-09,0,,
442011,0484001,2,大分県,オオイタケン,Oita,,,,大分市,オオイタシ,Oita-shi,,,,ふじが丘西,フジガオカニシ,,１丁目,１チョウメ,1,,,,,1,1,0,0,0,0,1,1,2021-12-07,,0,,
442011,0484002,2,大分県,オオイタケン,Oita,,,,大分市,オオイタシ,Oita-shi,,,,ふじが丘西,フジガオカニシ,,２丁目,２チョウメ,2,,,,,0,0,0,0,0,0,1,1,2021-12-08,2025-05-09,0,,
442011,0484002,2,大分県,オオイタケン,Oita,,,,大分市,オオイタシ,Oita-shi,,,,ふじが丘西,フジガオカニシ,,２丁目,２チョウメ,2,,,,,1,1,0,0,0,0,1,1,2021-12-07,,0,,
442011,0484003,2,大分県,オオイタケン,Oita,,,,大分市,オオイタシ,Oita-shi,,,,ふじが丘西,フジガオカニシ,,３丁目,３チョウメ,3,,,,,0,0,0,0,0,0,1,1,2021-12-08,2025-05-09,0,,
442011,0484003,2,大分県,オオイタケン,Oita,,,,大分市,オオイタシ,Oita-shi,,,,ふじが丘西,フジガオカニシ,,３丁目,３チョウメ,3,,,,,1,1,0,0,0,0,1,1,2021-12-07,,0,,
442011,0485001,2,大分県,オオイタケン,Oita,,,,大分市,オオイタシ,Oita-shi,,,,梅が丘,ウメガオカ,,１丁目,１チョウメ,1,,,,,0,0,0,0,0,0,1,1,2022-10-26,2025-05-09,0,,
442011,0485001,2,大分県,オオイタケン,Oita,,,,大分市,オオイタシ,Oita-shi,,,,梅が丘,ウメガオカ,,１丁目,１チョウメ,1,,,,,1,1,0,0,0,0,1,1,2022-10-25,,0,,
442011,0485002,2,大分県,オオイタケン,Oita,,,,大分市,オオイタシ,Oita-shi,,,,梅が丘,ウメガオカ,,２丁目,２チョウメ,2,,,,,0,0,0,0,0,0,1,1,2022-10-26,2025-05-09,0,,
442011,0485002,2,大分県,オオイタケン,Oita,,,,大分市,オオイタシ,Oita-shi,,,,梅が丘,ウメガオカ,,２丁目,２チョウメ,2,,,,,1,1,0,0,0,0,1,1,2022-10-25,,0,,
442011,0485003,2,大分県,オオイタケン,Oita,,,,大分市,オオイタシ,Oita-shi,,,,梅が丘,ウメガオカ,,３丁目,３チョウメ,3,,,,,0,0,0,0,0,0,1,1,2022-10-26,2025-05-09,0,,
442011,0485003,2,大分県,オオイタケン,Oita,,,,大分市,オオイタシ,Oita-shi,,,,梅が丘,ウメガオカ,,３丁目,３チョウメ,3,,,,,1,1,0,0,0,0,1,1,2022-10-25,,0,,
442011,0486001,2,大分県,オオイタケン,Oita,,,,大分市,オオイタシ,Oita-shi,,,,城南西,ジョウナンニシ,,１丁目,１チョウメ,1,,,,,0,0,0,0,0,0,1,1,2021-12-08,2025-05-09,0,,
442011,0486001,2,大分県,オオイタケン,Oita,,,,大分市,オオイタシ,Oita-shi,,,,城南西,ジョウナンニシ,,１丁目,１チョウメ,1,,,,,1,1,0,0,0,0,1,1,2021-12-07,,0,,
442011,0486002,2,大分県,オオイタケン,Oita,,,,大分市,オオイタシ,Oita-shi,,,,城南西,ジョウナンニシ,,２丁目,２チョウメ,2,,,,,0,0,0,0,0,0,1,1,2021-12-08,2025-05-09,0,,
442011,0486002,2,大分県,オオイタケン,Oita,,,,大分市,オオイタシ,Oita-shi,,,,城南西,ジョウナンニシ,,２丁目,２チョウメ,2,,,,,1,1,0,0,0,0,1,1,2021-12-07,,0,,
442011,0487001,2,大分県,オオイタケン,Oita,,,,大分市,オオイタシ,Oita-shi,,,,ふじが丘南,フジガオカミナミ,,１丁目,１チョウメ,1,,,,,0,0,0,0,0,0,1,1,2021-12-08,2025-05-09,0,,
442011,0487001,2,大分県,オオイタケン,Oita,,,,大分市,オオイタシ,Oita-shi,,,,ふじが丘南,フジガオカミナミ,,１丁目,１チョウメ,1,,,,,1,1,0,0,0,0,1,1,2021-12-07,,0,,
442011,0487002,2,大分県,オオイタケン,Oita,,,,大分市,オオイタシ,Oita-shi,,,,ふじが丘南,フジガオカミナミ,,２丁目,２チョウメ,2,,,,,0,0,0,0,0,0,1,1,2021-12-08,2025-05-09,0,,
442011,0487002,2,大分県,オオイタケン,Oita,,,,大分市,オオイタシ,Oita-shi,,,,ふじが丘南,フジガオカミナミ,,２丁目,２チョウメ,2,,,,,1,1,0,0,0,0,1,1,2021-12-07,,0,,
442011,0487003,2,大分県,オオイタケン,Oita,,,,大分市,オオイタシ,Oita-shi,,,,ふじが丘南,フジガオカミナミ,,３丁目,３チョウメ,3,,,,,0,0,0,0,0,0,1,1,2021-12-08,2025-05-09,0,,
442011,0487003,2,大分県,オオイタケン,Oita,,,,大分市,オオイタシ,Oita-shi,,,,ふじが丘南,フジガオカミナミ,,３丁目,３チョウメ,3,,,,,1,1,0,0,0,0,1,1,2021-12-07,,0,,
442011,0488001,2,大分県,オオイタケン,Oita,,,,大分市,オオイタシ,Oita-shi,,,,ふじが丘山手,フジガオカヤマテ,,１丁目,１チョウメ,1,,,,,0,0,0,0,0,0,1,1,2021-12-08,2025-05-09,0,,
442011,0488001,2,大分県,オオイタケン,Oita,,,,大分市,オオイタシ,Oita-shi,,,,ふじが丘山手,フジガオカヤマテ,,１丁目,１チョウメ,1,,,,,1,1,0,0,0,0,1,1,2021-12-07,,0,,
442011,0488002,2,大分県,オオイタケン,Oita,,,,大分市,オオイタシ,Oita-shi,,,,ふじが丘山手,フジガオカヤマテ,,２丁目,２チョウメ,2,,,,,0,0,0,0,0,0,1,1,2021-12-08,2025-05-09,0,,
442011,0488002,2,大分県,オオイタケン,Oita,,,,大分市,オオイタシ,Oita-shi,,,,ふじが丘山手,フジガオカヤマテ,,２丁目,２チョウメ,2,,,,,1,1,0,0,0,0,1,1,2021-12-07,,0,,
442011,0488003,2,大分県,オオイタケン,Oita,,,,大分市,オオイタシ,Oita-shi,,,,ふじが丘山手,フジガオカヤマテ,,３丁目,３チョウメ,3,,,,,0,0,0,0,0,0,1,1,2021-12-08,2025-05-09,0,,
442011,0488003,2,大分県,オオイタケン,Oita,,,,大分市,オオイタシ,Oita-shi,,,,ふじが丘山手,フジガオカヤマテ,,３丁目,３チョウメ,3,,,,,1,1,0,0,0,0,1,1,2021-12-07,,0,,
442011,0489000,1,大分県,オオイタケン,Oita,,,,大分市,オオイタシ,Oita-shi,,,,国分台,コクブダイ,,,,,,,,,0,0,0,0,0,0,1,1,2022-10-26,2025-05-09,0,,
442011,0489000,1,大分県,オオイタケン,Oita,,,,大分市,オオイタシ,Oita-shi,,,,国分台,コクブダイ,,,,,,,,,1,1,0,0,0,0,1,1,2022-10-25,,0,,
442011,0490001,2,大分県,オオイタケン,Oita,,,,大分市,オオイタシ,Oita-shi,,,,城南南,ジョウナンミナミ,,１丁目,１チョウメ,1,,,,,0,0,0,0,0,0,1,1,2021-12-08,2025-05-09,0,,
442011,0490001,2,大分県,オオイタケン,Oita,,,,大分市,オオイタシ,Oita-shi,,,,城南南,ジョウナンミナミ,,１丁目,１チョウメ,1,,,,,1,1,0,0,0,0,1,1,2021-12-07,,0,,
442011,0490002,2,大分県,オオイタケン,Oita,,,,大分市,オオイタシ,Oita-shi,,,,城南南,ジョウナンミナミ,,２丁目,２チョウメ,2,,,,,0,0,0,0,0,0,1,1,2021-12-08,2025-05-09,0,,
442011,0490002,2,大分県,オオイタケン,Oita,,,,大分市,オオイタシ,Oita-shi,,,,城南南,ジョウナンミナミ,,２丁目,２チョウメ,2,,,,,1,1,0,0,0,0,1,1,2021-12-07,,0,,
442011,0491004,2,大分県,オオイタケン,Oita,,,,大分市,オオイタシ,Oita-shi,,,,京が丘南,キヨウガオカミナミ,,４丁目,４チョウメ,4,,,,,0,0,0,0,0,0,1,1,2022-10-26,2025-05-09,0,,
442011,0491004,2,大分県,オオイタケン,Oita,,,,大分市,オオイタシ,Oita-shi,,,,京が丘南,キヨウガオカミナミ,,４丁目,４チョウメ,4,,,,,1,1,0,0,0,0,1,1,2022-10-25,,0,,
442011,0494000,1,大分県,オオイタケン,Oita,,,,大分市,オオイタシ,Oita-shi,,,,大字豊饒,オオアザブニヨウ,,,,,,,,,0,0,0,0,0,0,1,1,1970-01-01,,0,,
442011,0499000,1,大分県,オオイタケン,Oita,,,,大分市,オオイタシ,Oita-shi,,,,大字新貝,オオアザシンガイ,,,,,,,,,0,0,0,0,0,0,1,0,1947-04-17,,1,,
442011,0500000,1,大分県,オオイタケン,Oita,,,,大分市,オオイタシ,Oita-shi,,,,新町,シンマチ,,,,,,,,,1,1,0,0,0,0,1,0,1947-04-17,,1,,
442011,0501000,1,大分県,オオイタケン,Oita,,,,大分市,オオイタシ,Oita-shi,,,,王子山の手町,オウジヤマノテマチ,,,,,,,,,1,1,0,0,0,0,1,0,1947-04-17,,1,,
442011,0502001,2,大分県,オオイタケン,Oita,,,,大分市,オオイタシ,Oita-shi,,,,新明治,シンメイジ,,１丁目,１チョウメ,1,,,,,1,1,0,0,0,0,1,0,1947-04-17,,1,,
442011,0502002,2,大分県,オオイタケン,Oita,,,,大分市,オオイタシ,Oita-shi,,,,新明治,シンメイジ,,２丁目,２チョウメ,2,,,,,1,1,0,0,0,0,1,0,1947-04-17,,1,,
442011,0502003,2,大分県,オオイタケン,Oita,,,,大分市,オオイタシ,Oita-shi,,,,新明治,シンメイジ,,３丁目,３チョウメ,3,,,,,1,1,0,0,0,0,1,0,1947-04-17,,1,,
442011,0502004,2,大分県,オオイタケン,Oita,,,,大分市,オオイタシ,Oita-shi,,,,新明治,シンメイジ,,４丁目,４チョウメ,4,,,,,1,1,0,0,0,0,1,0,1947-04-17,,1,,
442011,0502005,2,大分県,オオイタケン,Oita,,,,大分市,オオイタシ,Oita-shi,,,,新明治,シンメイジ,,５丁目,５チョウメ,5,,,,,1,1,0,0,0,0,1,0,1947-04-17,,1,,
442011,0502006,2,大分県,オオイタケン,Oita,,,,大分市,オオイタシ,Oita-shi,,,,新明治,シンメイジ,,６丁目,６チョウメ,6,,,,,1,1,0,0,0,0,1,0,1947-04-17,,1,,
442011,0503001,2,大分県,オオイタケン,Oita,,,,大分市,オオイタシ,Oita-shi,,,,萌葱台,モエギダイ,,１丁目,１チョウメ,1,,,,,1,1,0,0,0,0,1,0,1947-04-17,,1,,
442011,0503002,2,大分県,オオイタケン,Oita,,,,大分市,オオイタシ,Oita-shi,,,,萌葱台,モエギダイ,,２丁目,２チョウメ,2,,,,,1,1,0,0,0,0,1,0,1947-04-17,,1,,
442020,0000101,3,大分県,オオイタケン,Oita,,,,別府市,ベップシ,Beppu-shi,,,,,,,,,,隠山,カクレヤマ,,,0,0,0,1,0,0,0,0,1947-04-17,,0,,
442020,0000102,3,大分県,オオイタケン,Oita,,,,別府市,ベップシ,Beppu-shi,,,,,,,,,,温水,ヌクミ,,,0,0,0,1,0,0,0,0,1947-04-17,,0,,
442020,0000103,3,大分県,オオイタケン,Oita,,,,別府市,ベップシ,Beppu-shi,,,,,,,,,,下畑,シモハタ,,,0,0,0,1,0,0,0,0,1947-04-17,,0,,
442020,0000104,3,大分県,オオイタケン,Oita,,,,別府市,ベップシ,Beppu-shi,,,,,,,,,,下舞,シモマイ,,,0,0,0,1,0,0,0,0,1947-04-17,,0,,
442020,0000105,3,大分県,オオイタケン,Oita,,,,別府市,ベップシ,Beppu-shi,,,,,,,,,,岳の脇,タケノワキ,,,0,0,0,1,0,0,0,0,1947-04-17,,0,,
442020,0000106,3,大分県,オオイタケン,Oita,,,,別府市,ベップシ,Beppu-shi,,,,,,,,,,梶原,カジワラ,,,0,0,0,1,0,0,0,0,1947-04-17,,0,,
442020,0000107,3,大分県,オオイタケン,Oita,,,,別府市,ベップシ,Beppu-shi,,,,,,,,,,丸尾,マルオ,,,0,0,0,1,0,0,0,0,1947-04-17,,0,,
442020,0000108,3,大分県,オオイタケン,Oita,,,,別府市,ベップシ,Beppu-shi,,,,,,,,,,穴守,アナモリ,,,0,0,0,1,0,0,0,0,1947-04-17,,0,,
442020,0000109,3,大分県,オオイタケン,Oita,,,,別府市,ベップシ,Beppu-shi,,,,,,,,,,古市,フルイチ,,,0,0,0,1,0,0,0,0,1947-04-17,,0,,
442020,0000110,3,大分県,オオイタケン,Oita,,,,別府市,ベップシ,Beppu-shi,,,,,,,,,,後畑,ウシロバタ,,,0,0,0,1,0,0,0,0,1947-04-17,,0,,
442020,0000111,3,大分県,オオイタケン,Oita,,,,別府市,ベップシ,Beppu-shi,,,,,,,,,,御苑,ミソノ,,,0,0,0,1,0,0,0,0,1947-04-17,,0,,
442020,0000112,3,大分県,オオイタケン,Oita,,,,別府市,ベップシ,Beppu-shi,,,,,,,,,,合の原,ゴウノハル,,,0,0,0,1,0,0,0,0,1947-04-17,,0,,
442020,0000113,3,大分県,オオイタケン,Oita,,,,別府市,ベップシ,Beppu-shi,,,,,,,,,,三名,サンミョウ,,,0,0,0,1,0,0,0,0,1947-04-17,,0,,
442020,0000114,3,大分県,オオイタケン,Oita,,,,別府市,ベップシ,Beppu-shi,,,,,,,,,,四の湯,シノユ,,,0,0,0,1,0,0,0,0,1947-04-17,,0,,
442020,0000115,3,大分県,オオイタケン,Oita,,,,別府市,ベップシ,Beppu-shi,,,,,,,,,,柴石,シバセキ,,,0,0,0,1,0,0,0,0,1947-04-17,,0,,
442020,0000116,3,大分県,オオイタケン,Oita,,,,別府市,ベップシ,Beppu-shi,,,,,,,,,,小手吹,コチブキ,,,0,0,0,1,0,0,0,0,1947-04-17,,0,,
442020,0000117,3,大分県,オオイタケン,Oita,,,,別府市,ベップシ,Beppu-shi,,,,,,,,,,小杉,オスギ,,,0,0,0,1,0,0,0,0,1947-04-17,,0,,
442020,0000118,3,大分県,オオイタケン,Oita,,,,別府市,ベップシ,Beppu-shi,,,,,,,,,,小畑,オバタケ,,,0,0,0,1,0,0,0,0,1947-04-17,,0,,
442020,0000119,3,大分県,オオイタケン,Oita,,,,別府市,ベップシ,Beppu-shi,,,,,,,,,,小平,オヒラ,,,0,0,0,1,0,0,0,0,1947-04-17,,0,,
442020,0000120,3,大分県,オオイタケン,Oita,,,,別府市,ベップシ,Beppu-shi,,,,,,,,,,照湯,テルユ,,,0,0,0,1,0,0,0,0,1947-04-17,,0,,
442020,0000121,3,大分県,オオイタケン,Oita,,,,別府市,ベップシ,Beppu-shi,,,,,,,,,,上人西町,ショウニンニシマチ,,,0,0,0,1,0,0,0,0,1947-04-17,,0,,
442020,0000122,3,大分県,オオイタケン,Oita,,,,別府市,ベップシ,Beppu-shi,,,,,,,,,,上舞,カミマイ,,,0,0,0,1,0,0,0,0,1947-04-17,,0,,
442020,0000123,3,大分県,オオイタケン,Oita,,,,別府市,ベップシ,Beppu-shi,,,,,,,,,,新屋敷,シンヤシキ,,,0,0,0,1,0,0,0,0,1947-04-17,,0,,
442020,0000124,3,大分県,オオイタケン,Oita,,,,別府市,ベップシ,Beppu-shi,,,,,,,,,,森,モリ,,,0,0,0,1,0,0,0,0,1947-04-17,,0,,
442020,0000125,3,大分県,オオイタケン,Oita,,,,別府市,ベップシ,Beppu-shi,,,,,,,,,,森山,モリヤマ,,,0,0,0,1,0,0,0,0,1947-04-17,,0,,
442020,0000126,3,大分県,オオイタケン,Oita,,,,別府市,ベップシ,Beppu-shi,,,,,,,,,,菅小野,シガオノ,,,0,0,0,1,0,0,0,0,1947-04-17,,0,,
442020,0000127,3,大分県,オオイタケン,Oita,,,,別府市,ベップシ,Beppu-shi,,,,,,,,,,勢場,セイバ,,,0,0,0,1,0,0,0,0,1947-04-17,,0,,
442020,0000128,3,大分県,オオイタケン,Oita,,,,別府市,ベップシ,Beppu-shi,,,,,,,,,,石垣原,イシガキバル,,,0,0,0,1,0,0,0,0,1947-04-17,,0,,
442020,0000129,3,大分県,オオイタケン,Oita,,,,別府市,ベップシ,Beppu-shi,,,,,,,,,,赤野,アカノ,,,0,0,0,1,0,0,0,0,1947-04-17,,0,,
442020,0000130,3,大分県,オオイタケン,Oita,,,,別府市,ベップシ,Beppu-shi,,,,,,,,,,太郎丸,タロウマル,,,0,0,0,1,0,0,0,0,1947-04-17,,0,,
442020,0000131,3,大分県,オオイタケン,Oita,,,,別府市,ベップシ,Beppu-shi,,,,,,,,,,中の迫,ナカノサコ,,,0,0,0,1,0,0,0,0,1947-04-17,,0,,
442020,0000132,3,大分県,オオイタケン,Oita,,,,別府市,ベップシ,Beppu-shi,,,,,,,,,,中須賀,ナカスガ,,,0,0,0,1,0,0,0,0,1947-04-17,,0,,
442020,0000133,3,大分県,オオイタケン,Oita,,,,別府市,ベップシ,Beppu-shi,,,,,,,,,,中津留,ナカツル,,,0,0,0,1,0,0,0,0,1947-04-17,,0,,
442020,0000134,3,大分県,オオイタケン,Oita,,,,別府市,ベップシ,Beppu-shi,,,,,,,,,,鳥居,トリイ,,,0,0,0,1,0,0,0,0,1947-04-17,,0,,
442020,0000135,3,大分県,オオイタケン,Oita,,,,別府市,ベップシ,Beppu-shi,,,,,,,,,,椿,ツバキ,,,0,0,0,1,0,0,0,0,1947-04-17,,0,,
442020,0000136,3,大分県,オオイタケン,Oita,,,,別府市,ベップシ,Beppu-shi,,,,,,,,,,鉄輪,カンナワ,,,0,0,0,1,0,0,0,0,1947-04-17,,0,,
442020,0000137,3,大分県,オオイタケン,Oita,,,,別府市,ベップシ,Beppu-shi,,,,,,,,,,鉄輪東,カンナワヒガシ,Kannawa Higashi,,0,0,0,1,0,0,0,0,1947-04-17,,0,8740042,
442020,0000138,3,大分県,オオイタケン,Oita,,,,別府市,ベップシ,Beppu-shi,,,,,,,,,,東山,ヒガシヤマ,,,0,0,0,1,0,0,0,0,1947-04-17,,0,,
442020,0000139,3,大分県,オオイタケン,Oita,,,,別府市,ベップシ,Beppu-shi,,,,,,,,,,湯の森,ユノモリ,,,0,0,0,1,0,0,0,0,1947-04-17,,0,,
442020,0000140,3,大分県,オオイタケン,Oita,,,,別府市,ベップシ,Beppu-shi,,,,,,,,,,鍋,ナベ,,,0,0,0,1,0,0,0,0,1947-04-17,,0,,
442020,0000141,3,大分県,オオイタケン,Oita,,,,別府市,ベップシ,Beppu-shi,,,,,,,,,,南立石,ミナミタテイシ,,,0,0,0,1,0,0,0,0,1947-04-17,,0,,
442020,0000142,3,大分県,オオイタケン,Oita,,,,別府市,ベップシ,Beppu-shi,,,,,,,,,,浜田,ハマダ,,,0,0,0,1,0,0,0,0,1947-04-17,,0,,
442020,0000143,3,大分県,オオイタケン,Oita,,,,別府市,ベップシ,Beppu-shi,,,,,,,,,,浜脇,ハマワキ,Hamawaki,,0,0,0,1,0,0,0,0,1947-04-17,,0,8740947,
442020,0000144,3,大分県,オオイタケン,Oita,,,,別府市,ベップシ,Beppu-shi,,,,,,,,,,北石垣,キタイシガキ,,,0,0,0,1,0,0,0,0,1947-04-17,,0,,
442020,0000145,3,大分県,オオイタケン,Oita,,,,別府市,ベップシ,Beppu-shi,,,,,,,,,,鳴川,ナルカワ,,,0,0,0,1,0,0,0,0,1947-04-17,,0,,
442020,0000146,3,大分県,オオイタケン,Oita,,,,別府市,ベップシ,Beppu-shi,,,,,,,,,,野田,ノダ,Noda,,0,0,0,1,0,0,0,0,1947-04-17,,0,8740016,
442020,0000147,3,大分県,オオイタケン,Oita,,,,別府市,ベップシ,Beppu-shi,,,,,,,,,,捏山,ネジヤマ,,,0,0,0,1,0,0,0,0,1947-04-17,,0,,
442020,0000148,3,大分県,オオイタケン,Oita,,,,別府市,ベップシ,Beppu-shi,,,,,,,,,,朸小野,オオコウノ,,,0,0,0,1,0,0,0,0,1947-04-17,,0,,
442020,0000149,3,大分県,オオイタケン,Oita,,,,別府市,ベップシ,Beppu-shi,,,,,,,,,,釿の掛,チョンノカケ,,,0,0,0,1,0,0,0,0,1947-04-17,,0,,
442020,0000150,3,大分県,オオイタケン,Oita,,,,別府市,ベップシ,Beppu-shi,,,,,,,,,,鎰掛,カイガケ,,,0,0,0,1,0,0,0,0,1947-04-17,,0,,
442020,0000151,3,大分県,オオイタケン,Oita,,,,別府市,ベップシ,Beppu-shi,,,,,,,,,,南石垣,ミナミイシガキ,,,0,0,0,1,0,0,0,1,1947-04-17,,0,,
442020,0001000,1,大分県,オオイタケン,Oita,,,,別府市,ベップシ,Beppu-shi,,,,青山町,アオヤマチョウ,Aoyamacho,,,,,,,,1,1,0,0,0,0,0,1,1947-04-17,,0,8740902,
442020,0002000,1,大分県,オオイタケン,Oita,,,,別府市,ベップシ,Beppu-shi,,,,赤松,アカマツ,Akamatsu,,,,,,,,0,0,0,0,0,0,0,0,1947-04-17,,0,8740819,
442020,0003000,1,大分県,オオイタケン,Oita,,,,別府市,ベップシ,Beppu-shi,,,,秋葉町,アキバチョウ,Akibacho,,,,,,,,1,1,0,0,0,0,0,1,1947-04-17,,0,8740937,
442020,0004000,1,大分県,オオイタケン,Oita,,,,別府市,ベップシ,Beppu-shi,,,,朝日ケ丘町,アサヒガオカチョウ,Asahigaokacho,,,,,,,,0,0,0,0,0,0,0,0,1947-04-17,,0,8740846,
442020,0005001,2,大分県,オオイタケン,Oita,,,,別府市,ベップシ,Beppu-shi,,,,朝見,アサミ,Asami,一丁目,１チョウメ,1,,,,,1,1,0,0,0,0,0,1,1947-04-17,,0,,
442020,0005002,2,大分県,オオイタケン,Oita,,,,別府市,ベップシ,Beppu-shi,,,,朝見,アサミ,Asami,二丁目,２チョウメ,2,,,,,1,1,0,0,0,0,0,1,1947-04-17,,0,,
442020,0005003,2,大分県,オオイタケン,Oita,,,,別府市,ベップシ,Beppu-shi,,,,朝見,アサミ,Asami,三丁目,３チョウメ,3,,,,,1,1,0,0,0,0,0,1,1947-04-17,,0,,
442020,0006000,1,大分県,オオイタケン,Oita,,,,別府市,ベップシ,Beppu-shi,,,,天間,アママ,Amama,,,,,,,,0,0,0,0,0,0,0,0,1947-04-17,,0,8740005,
442020,0007001,2,大分県,オオイタケン,Oita,,,,別府市,ベップシ,Beppu-shi,,,,石垣西,イシガキニシ,Ishigaki Nishi,一丁目,１チョウメ,1,,,,,1,1,0,0,0,0,0,1,1947-04-17,,0,,
442020,0007002,2,大分県,オオイタケン,Oita,,,,別府市,ベップシ,Beppu-shi,,,,石垣西,イシガキニシ,Ishigaki Nishi,二丁目,２チョウメ,2,,,,,1,1,0,0,0,0,0,1,1947-04-17,,0,,
442020,0007003,2,大分県,オオイタケン,Oita,,,,別府市,ベップシ,Beppu-shi,,,,石垣西,イシガキニシ,Ishigaki Nishi,三丁目,３チョウメ,3,,,,,1,1,0,0,0,0,0,1,1947-04-17,,0,,
442020,0007004,2,大分県,オオイタケン,Oita,,,,別府市,ベップシ,Beppu-shi,,,,石垣西,イシガキニシ,Ishigaki Nishi,四丁目,４チョウメ,4,,,,,1,1,0,0,0,0,0,1,1947-04-17,,0,,
442020,0007005,2,大分県,オオイタケン,Oita,,,,別府市,ベップシ,Beppu-shi,,,,石垣西,イシガキニシ,Ishigaki Nishi,五丁目,５チョウメ,5,,,,,1,1,0,0,0,0,0,1,1947-04-17,,0,,
442020,0007006,2,大分県,オオイタケン,Oita,,,,別府市,ベップシ,Beppu-shi,,,,石垣西,イシガキニシ,Ishigaki Nishi,六丁目,６チョウメ,6,,,,,1,1,0,0,0,0,0,1,1947-04-17,,0,,
442020,0007007,2,大分県,オオイタケン,Oita,,,,別府市,ベップシ,Beppu-shi,,,,石垣西,イシガキニシ,Ishigaki Nishi,七丁目,７チョウメ,7,,,,,1,1,0,0,0,0,0,1,1947-04-17,,0,,
442020,0007008,2,大分県,オオイタケン,Oita,,,,別府市,ベップシ,Beppu-shi,,,,石垣西,イシガキニシ,Ishigaki Nishi,八丁目,８チョウメ,8,,,,,1,1,0,0,0,0,0,1,1947-04-17,,0,,
442020,0007009,2,大分県,オオイタケン,Oita,,,,別府市,ベップシ,Beppu-shi,,,,石垣西,イシガキニシ,Ishigaki Nishi,九丁目,９チョウメ,9,,,,,1,1,0,0,0,0,0,1,1947-04-17,,0,,
442020,0007010,2,大分県,オオイタケン,Oita,,,,別府市,ベップシ,Beppu-shi,,,,石垣西,イシガキニシ,Ishigaki Nishi,十丁目,１０チョウメ,10,,,,,1,1,0,0,0,0,0,1,1947-04-17,,0,,
442020,0008001,2,大分県,オオイタケン,Oita,,,,別府市,ベップシ,Beppu-shi,,,,石垣東,イシガキヒガシ,Ishigaki Higashi,一丁目,１チョウメ,1,,,,,1,1,0,0,0,0,0,1,1947-04-17,,0,,
442020,0008002,2,大分県,オオイタケン,Oita,,,,別府市,ベップシ,Beppu-shi,,,,石垣東,イシガキヒガシ,Ishigaki Higashi,二丁目,２チョウメ,2,,,,,1,1,0,0,0,0,0,1,1947-04-17,,0,,
442020,0008003,2,大分県,オオイタケン,Oita,,,,別府市,ベップシ,Beppu-shi,,,,石垣東,イシガキヒガシ,Ishigaki Higashi,三丁目,３チョウメ,3,,,,,1,1,0,0,0,0,0,1,1947-04-17,,0,,
442020,0008004,2,大分県,オオイタケン,Oita,,,,別府市,ベップシ,Beppu-shi,,,,石垣東,イシガキヒガシ,Ishigaki Higashi,四丁目,４チョウメ,4,,,,,1,1,0,0,0,0,0,1,1947-04-17,,0,,
442020,0008005,2,大分県,オオイタケン,Oita,,,,別府市,ベップシ,Beppu-shi,,,,石垣東,イシガキヒガシ,Ishigaki Higashi,五丁目,５チョウメ,5,,,,,1,1,0,0,0,0,0,1,1947-04-17,,0,,
442020,0008006,2,大分県,オオイタケン,Oita,,,,別府市,ベップシ,Beppu-shi,,,,石垣東,イシガキヒガシ,Ishigaki Higashi,六丁目,６チョウメ,6,,,,,1,1,0,0,0,0,0,1,1947-04-17,,0,,
442020,0008007,2,大分県,オオイタケン,Oita,,,,別府市,ベップシ,Beppu-shi,,,,石垣東,イシガキヒガシ,Ishigaki Higashi,七丁目,７チョウメ,7,,,,,1,1,0,0,0,0,0,1,1947-04-17,,0,,
442020,0008008,2,大分県,オオイタケン,Oita,,,,別府市,ベップシ,Beppu-shi,,,,石垣東,イシガキヒガシ,Ishigaki Higashi,八丁目,８チョウメ,8,,,,,1,1,0,0,0,0,0,1,1947-04-17,,0,,
442020,0008009,2,大分県,オオイタケン,Oita,,,,別府市,ベップシ,Beppu-shi,,,,石垣東,イシガキヒガシ,Ishigaki Higashi,九丁目,９チョウメ,9,,,,,1,1,0,0,0,0,0,1,1947-04-17,,0,,
442020,0008010,2,大分県,オオイタケン,Oita,,,,別府市,ベップシ,Beppu-shi,,,,石垣東,イシガキヒガシ,Ishigaki Higashi,十丁目,１０チョウメ,10,,,,,1,1,0,0,0,0,0,1,1947-04-17,,0,,
442020,0009000,1,大分県,オオイタケン,Oita,,,,別府市,ベップシ,Beppu-shi,,,,井田,イダ,Ida,,,,,,,,0,0,0,0,0,0,0,0,1947-04-17,,0,8740043,
442020,0010000,1,大分県,オオイタケン,Oita,,,,別府市,ベップシ,Beppu-shi,,,,内竈,ウチカマド,Uchikamado,,,,,,,,0,0,1,0,0,0,0,1,1947-04-17,,0,8740011,
442020,0011000,1,大分県,オオイタケン,Oita,,,,別府市,ベップシ,Beppu-shi,,,,浦田,ウラタ,Urata,,,,,,,,0,0,0,0,0,0,0,0,1947-04-17,,0,8740814,
442020,0012000,1,大分県,オオイタケン,Oita,,,,別府市,ベップシ,Beppu-shi,,,,駅前町,エキマエチョウ,Ekimaecho,,,,,,,,1,1,0,0,0,0,0,1,1947-04-17,,0,8740935,
442020,0013000,1,大分県,オオイタケン,Oita,,,,別府市,ベップシ,Beppu-shi,,,,駅前本町,エキマエホンマチ,Ekimaehommachi,,,,,,,,1,1,0,0,0,0,0,1,1947-04-17,,0,8740934,
442020,0014000,1,大分県,オオイタケン,Oita,,,,別府市,ベップシ,Beppu-shi,,,,枝郷,エダゴウ,Edago,,,,,,,,0,0,0,0,0,0,0,0,1947-04-17,,0,8740805,
442020,0015000,1,大分県,オオイタケン,Oita,,,,別府市,ベップシ,Beppu-shi,,,,扇山,オウギヤマ,Ogiyama,,,,,,,,0,0,0,0,0,0,0,0,1947-04-17,,0,8740849,
442020,0016000,1,大分県,オオイタケン,Oita,,,,別府市,ベップシ,Beppu-shi,,,,大字内成,オオアザウチナリ,Uchinari,,,,,,,,0,0,0,0,0,0,0,1,1947-04-17,,0,8795551,
442020,0017000,1,大分県,オオイタケン,Oita,,,,別府市,ベップシ,Beppu-shi,,,,北鉄輪,キタカンナワ,Kitakannawa,,,,,,,,0,0,1,0,0,0,0,0,1947-04-17,,0,8740041,
442020,0018000,1,大分県,オオイタケン,Oita,,,,別府市,ベップシ,Beppu-shi,,,,大字北石垣,オオアザキタイシガキ,,,,,,,,,0,0,0,0,0,0,0,1,1947-04-17,,0,,
442020,0019000,1,大分県,オオイタケン,Oita,,,,別府市,ベップシ,Beppu-shi,,,,大字鶴見,オオアザツルミ,,,,,,,,,0,0,0,0,0,0,0,1,1947-04-17,,0,,
442020,0020000,1,大分県,オオイタケン,Oita,,,,別府市,ベップシ,Beppu-shi,,,,大字浜脇,オオアザハマワキ,Hamawaki,,,,,,,,0,0,0,0,0,0,0,1,1947-04-17,,0,8740947,
442020,0021000,1,大分県,オオイタケン,Oita,,,,別府市,ベップシ,Beppu-shi,,,,大字東山,オオアザヒガシヤマ,,,,,,,,,0,0,0,0,0,0,0,1,1947-04-17,,0,,
442020,0022000,1,大分県,オオイタケン,Oita,,,,別府市,ベップシ,Beppu-shi,,,,大字別府,オオアザベップ,,,,,,,,,0,0,0,0,0,0,0,1,1947-04-17,,0,,
442020,0023000,1,大分県,オオイタケン,Oita,,,,別府市,ベップシ,Beppu-shi,,,,大字南立石,オオアザミナミタテイシ,,,,,,,,,0,0,0,0,0,0,0,1,1947-04-17,,0,,
442020,0024000,1,大分県,オオイタケン,Oita,,,,別府市,ベップシ,Beppu-shi,,,,小倉,オグラ,Ogura,,,,,,,,0,0,0,0,0,0,0,0,1947-04-17,,0,8740842,
442020,0025000,1,大分県,オオイタケン,Oita,,,,別府市,ベップシ,Beppu-shi,,,,小坂,オサカ,Osaka,,,,,,,,0,0,0,0,0,0,0,0,1947-04-17,,0,8740001,
442020,0026000,1,大分県,オオイタケン,Oita,,,,別府市,ベップシ,Beppu-shi,,,,大所,オトコロ,Otokoro,,,,,,,,0,0,0,0,0,0,0,0,1947-04-17,,0,8740003,
442020,0027000,1,大分県,オオイタケン,Oita,,,,別府市,ベップシ,Beppu-shi,,,,乙原,オトバル,Otobaru,,,,,,,,0,0,0,0,0,0,0,0,1947-04-17,,0,8740821,
442020,0028000,1,大分県,オオイタケン,Oita,,,,別府市,ベップシ,Beppu-shi,,,,大畑,オバタケ,Obatake,,,,,,,,0,0,1,0,0,0,0,0,1947-04-17,,0,8740848,
442020,0029000,1,大分県,オオイタケン,Oita,,,,別府市,ベップシ,Beppu-shi,,,,上田の湯町,カミタノユマチ,Kamitanoyumachi,,,,,,,,1,1,0,0,0,0,0,1,1947-04-17,,0,8740908,
442020,0030000,1,大分県,オオイタケン,Oita,,,,別府市,ベップシ,Beppu-shi,,,,上野口町,カミノグチチョウ,Kaminoguchicho,,,,,,,,1,1,0,0,0,0,0,1,1947-04-17,,0,8740905,
442020,0031000,1,大分県,オオイタケン,Oita,,,,別府市,ベップシ,Beppu-shi,,,,上原町,カミハルチョウ,Kamiharucho,,,,,,,,1,1,0,0,0,0,0,1,1947-04-17,,0,8740829,
442020,0032000,1,大分県,オオイタケン,Oita,,,,別府市,ベップシ,Beppu-shi,,,,上平田町,カミヒラタマチ,Kamihiratacho,,,,,,,,0,0,0,0,0,0,0,0,1947-04-17,,0,8740036,
442020,0033000,1,大分県,オオイタケン,Oita,,,,別府市,ベップシ,Beppu-shi,,,,亀川四の湯町,カメガワシノユマチ,Kamegawa Shinoyumachi,,,,,,,,1,1,0,0,0,0,0,1,1947-04-17,,0,8740025,
442020,0034000,1,大分県,オオイタケン,Oita,,,,別府市,ベップシ,Beppu-shi,,,,亀川中央町,カメガワチュウオウマチ,Kamegawa Chuomachi,,,,,,,,1,1,0,0,0,0,0,1,1947-04-17,,0,8740021,
442020,0035000,1,大分県,オオイタケン,Oita,,,,別府市,ベップシ,Beppu-shi,,,,亀川浜田町,カメガワハマダマチ,Kamegawa Hamadamachi,,,,,,,,1,1,0,0,0,0,0,1,1947-04-17,,0,8740014,
442020,0036000,1,大分県,オオイタケン,Oita,,,,別府市,ベップシ,Beppu-shi,,,,亀川東町,カメガワヒガシマチ,Kamegawa Higashimachi,,,,,,,,1,1,0,0,0,0,0,1,1947-04-17,,0,8740022,
442020,0037000,1,大分県,オオイタケン,Oita,,,,別府市,ベップシ,Beppu-shi,,,,観海寺,カンカイジ,Kankaiji,,,,,,,,0,0,0,0,0,0,0,0,1947-04-17,,0,8740822,
442020,0038000,1,大分県,オオイタケン,Oita,,,,別府市,ベップシ,Beppu-shi,,,,城島,キジマ,Kijima,,,,,,,,0,0,0,0,0,0,0,0,1947-04-17,,0,8740802,
442020,0039000,1,大分県,オオイタケン,Oita,,,,別府市,ベップシ,Beppu-shi,,,,北中,キタヂュウ,Kitaju,,,,,,,,0,0,0,0,0,0,0,0,1947-04-17,,0,8740845,
442020,0040001,2,大分県,オオイタケン,Oita,,,,別府市,ベップシ,Beppu-shi,,,,北浜,キタハマ,Kitahama,一丁目,１チョウメ,1,,,,,1,1,0,0,0,0,0,1,1947-04-17,,0,,
442020,0040002,2,大分県,オオイタケン,Oita,,,,別府市,ベップシ,Beppu-shi,,,,北浜,キタハマ,Kitahama,二丁目,２チョウメ,2,,,,,1,1,0,0,0,0,0,1,1947-04-17,,0,,
442020,0040003,2,大分県,オオイタケン,Oita,,,,別府市,ベップシ,Beppu-shi,,,,北浜,キタハマ,Kitahama,三丁目,３チョウメ,3,,,,,1,1,0,0,0,0,0,1,1947-04-17,,0,,
442020,0041000,1,大分県,オオイタケン,Oita,,,,別府市,ベップシ,Beppu-shi,,,,北的ケ浜町,キタマトガハマチョウ,Kitamatogahamacho,,,,,,,,1,1,0,0,0,0,0,1,1947-04-17,,0,8740928,
442020,0042000,1,大分県,オオイタケン,Oita,,,,別府市,ベップシ,Beppu-shi,,,,京町,キョウマチ,Kyomachi,,,,,,,,1,1,0,0,0,0,0,1,1947-04-17,,0,8740926,
442020,0043000,1,大分県,オオイタケン,Oita,,,,別府市,ベップシ,Beppu-shi,,,,楠町,クスノキマチ,Kusunokimachi,,,,,,,,1,1,0,0,0,0,0,1,1947-04-17,,0,8740943,
442020,0044000,1,大分県,オオイタケン,Oita,,,,別府市,ベップシ,Beppu-shi,,,,国立,クニタテ,Kunitate,,,,,,,,0,0,0,0,0,0,0,0,1947-04-17,,0,8740015,
442020,0045000,1,大分県,オオイタケン,Oita,,,,別府市,ベップシ,Beppu-shi,,,,河内,コウチ,Kochi,,,,,,,,0,0,0,0,0,0,0,0,1947-04-17,,0,8740816,
442020,0046000,1,大分県,オオイタケン,Oita,,,,別府市,ベップシ,Beppu-shi,,,,古賀原,コガノハル,Koganoharu,,,,,,,,0,0,0,0,0,0,0,0,1947-04-17,,0,8795552,
442020,0047000,1,大分県,オオイタケン,Oita,,,,別府市,ベップシ,Beppu-shi,,,,幸町,サイワイマチ,Saiwaicho,,,,,,,,1,1,0,0,0,0,0,1,1947-04-17,,0,8740907,
442020,0048000,1,大分県,オオイタケン,Oita,,,,別府市,ベップシ,Beppu-shi,,,,桜ケ丘,サクラガオカ,Sakuragaoka,,,,,,,,0,0,0,0,0,0,0,0,1947-04-17,,0,8740915,
442020,0049000,1,大分県,オオイタケン,Oita,,,,別府市,ベップシ,Beppu-shi,,,,汐見町,シオミチョウ,Shiomicho,,,,,,,,1,1,0,0,0,0,0,1,1947-04-17,,0,8740918,
442020,0050000,1,大分県,オオイタケン,Oita,,,,別府市,ベップシ,Beppu-shi,,,,実相寺,ジッソウジ,Jissoji,,,,,,,,0,0,0,0,0,0,0,0,1947-04-17,,0,8740835,
442020,0051000,1,大分県,オオイタケン,Oita,,,,別府市,ベップシ,Beppu-shi,,,,上人ケ浜町,ショウニンガハマチョウ,Shoningahamacho,,,,,,,,1,1,0,0,0,0,0,1,1947-04-17,,0,8740023,
442020,0052000,1,大分県,オオイタケン,Oita,,,,別府市,ベップシ,Beppu-shi,,,,上人仲町,ショウニンナカマチ,Shoninnakamachi,,,,,,,,1,1,0,0,0,0,0,1,1947-04-17,,0,8740034,
442020,0053000,1,大分県,オオイタケン,Oita,,,,別府市,ベップシ,Beppu-shi,,,,上人西,ショウニンニシ,Shoninnishi,,,,,,,,0,0,0,0,0,0,0,0,1947-04-17,,0,8740035,
442020,0054000,1,大分県,オオイタケン,Oita,,,,別府市,ベップシ,Beppu-shi,,,,上人本町,ショウニンホンマチ,Shoninhommachi,,,,,,,,1,1,0,0,0,0,0,1,1947-04-17,,0,8740032,
442020,0055000,1,大分県,オオイタケン,Oita,,,,別府市,ベップシ,Beppu-shi,,,,上人南,ショウニンミナミ,Shonimminami,,,,,,,,0,0,0,0,0,0,0,0,1947-04-17,,0,8740033,
442020,0056000,1,大分県,オオイタケン,Oita,,,,別府市,ベップシ,Beppu-shi,,,,照波園町,ショウハエンマチ,Shohaemmachi,,,,,,,,1,1,0,0,0,0,0,1,1947-04-17,,0,8740031,
442020,0057000,1,大分県,オオイタケン,Oita,,,,別府市,ベップシ,Beppu-shi,,,,新別府,シンベップ,Shimbeppu,,,,,,,,0,0,0,0,0,0,0,0,1947-04-17,,0,8740834,
442020,0058000,1,大分県,オオイタケン,Oita,,,,別府市,ベップシ,Beppu-shi,,,,新港町,シンミナトマチ,Shimminatomachi,,,,,,,,1,1,0,0,0,0,0,1,1947-04-17,,0,8740923,
442020,0059000,1,大分県,オオイタケン,Oita,,,,別府市,ベップシ,Beppu-shi,,,,末広町,スエヒロチョウ,Suehirocho,,,,,,,,1,1,0,0,0,0,0,1,1947-04-17,,0,8740938,
442020,0060000,1,大分県,オオイタケン,Oita,,,,別府市,ベップシ,Beppu-shi,,,,スパランド豊海,スパランドトヨミ,Suparando Toyomi,,,,,,,,0,0,0,0,0,0,0,0,1947-04-17,,0,8740012,
442020,0061000,1,大分県,オオイタケン,Oita,,,,別府市,ベップシ,Beppu-shi,,,,関の江新町,セキノエシンマチ,Sekinoeshimmachi,,,,,,,,0,0,0,0,0,0,0,0,1947-04-17,,0,8740002,
442020,0062000,1,大分県,オオイタケン,Oita,,,,別府市,ベップシ,Beppu-shi,,,,荘園,ソウエン,Soen,,,,,,,,0,0,0,0,0,0,0,0,1947-04-17,,0,8740838,
442020,0063000,1,大分県,オオイタケン,Oita,,,,別府市,ベップシ,Beppu-shi,,,,荘園北町,ソウエンキタマチ,Soenkitamachi,,,,,,,,0,0,0,0,0,0,0,0,1947-04-17,,0,8740837,
442020,0064000,1,大分県,オオイタケン,Oita,,,,別府市,ベップシ,Beppu-shi,,,,大観山町,ダイカンヤママチ,Daikanyamacho,,,,,,,,0,0,0,0,0,0,0,0,1947-04-17,,0,8740037,
442020,0065000,1,大分県,オオイタケン,Oita,,,,別府市,ベップシ,Beppu-shi,,,,竹の内,タケノウチ,Takenochi,,,,,,,,0,0,0,0,0,0,0,0,1947-04-17,,0,8740841,
442020,0066000,1,大分県,オオイタケン,Oita,,,,別府市,ベップシ,Beppu-shi,,,,立田町,タッタチョウ,Tattacho,,,,,,,,1,1,0,0,0,0,0,1,1947-04-17,,0,8740939,
442020,0067000,1,大分県,オオイタケン,Oita,,,,別府市,ベップシ,Beppu-shi,,,,田の口,タノクチ,Tanokuchi,,,,,,,,0,0,0,0,0,0,0,0,1947-04-17,,0,8740815,
442020,0068000,1,大分県,オオイタケン,Oita,,,,別府市,ベップシ,Beppu-shi,,,,田の湯町,タノユマチ,Tanoyumachi,,,,,,,,1,1,0,0,0,0,0,1,1947-04-17,,0,8740909,
442020,0069000,1,大分県,オオイタケン,Oita,,,,別府市,ベップシ,Beppu-shi,,,,中央町,チュウオウマチ,Chuomachi,,,,,,,,1,1,0,0,0,0,0,1,1947-04-17,,0,8740936,
442020,0070000,1,大分県,オオイタケン,Oita,,,,別府市,ベップシ,Beppu-shi,,,,千代町,チヨマチ,Chiyomachi,,,,,,,,1,1,0,0,0,0,0,1,1947-04-17,,0,8740942,
442020,0071000,1,大分県,オオイタケン,Oita,,,,別府市,ベップシ,Beppu-shi,,,,鶴見,ツルミ,,,,,,,,,0,0,0,0,0,0,0,0,1947-04-17,,0,,
442020,0072000,1,大分県,オオイタケン,Oita,,,,別府市,ベップシ,Beppu-shi,,,,鶴見園町,ツルミエンチョウ,Tsurumiencho,,,,,,,,0,0,0,0,0,0,0,0,1947-04-17,,0,8740826,
442020,0073000,1,大分県,オオイタケン,Oita,,,,別府市,ベップシ,Beppu-shi,,,,天満町,テンマンチョウ,Temmancho,,,,,,,,1,1,0,0,0,0,0,1,1947-04-17,,0,8740906,
442020,0074000,1,大分県,オオイタケン,Oita,,,,別府市,ベップシ,Beppu-shi,,,,鳥越,トリゴエ,Torigoe,,,,,,,,0,0,0,0,0,0,0,0,1947-04-17,,0,8740817,
442020,0075000,1,大分県,オオイタケン,Oita,,,,別府市,ベップシ,Beppu-shi,,,,中島町,ナカシマチョウ,Nakashimacho,,,,,,,,1,1,0,0,0,0,0,1,1947-04-17,,0,8740901,
442020,0076000,1,大分県,オオイタケン,Oita,,,,別府市,ベップシ,Beppu-shi,,,,中須賀東町,ナカスカヒガシマチ,Nakasuka Higashimachi,,,,,,,,0,0,0,0,0,0,0,0,1947-04-17,,0,8740917,
442020,0077000,1,大分県,オオイタケン,Oita,,,,別府市,ベップシ,Beppu-shi,,,,中須賀本町,ナカスカホンマチ,Nakasuka Hommachi,,,,,,,,0,0,0,0,0,0,0,0,1947-04-17,,0,8740916,
442020,0078000,1,大分県,オオイタケン,Oita,,,,別府市,ベップシ,Beppu-shi,,,,中須賀元町,ナカスカモトマチ,Nakasuka Motomachi,,,,,,,,0,0,0,0,0,0,0,0,1947-04-17,,0,8740914,
442020,0079000,1,大分県,オオイタケン,Oita,,,,別府市,ベップシ,Beppu-shi,,,,西野口町,ニシノグチチョウ,Nishinoguchimachi,,,,,,,,1,1,0,0,0,0,0,1,1947-04-17,,0,8740931,
442020,0080000,1,大分県,オオイタケン,Oita,,,,別府市,ベップシ,Beppu-shi,,,,野口中町,ノグチナカマチ,Noguchi Nakamachi,,,,,,,,1,1,0,0,0,0,0,1,1947-04-17,,0,8740932,
442020,0081000,1,大分県,オオイタケン,Oita,,,,別府市,ベップシ,Beppu-shi,,,,野口原,ノグチハラ,Noguchihara,,,,,,,,0,0,0,0,0,0,0,0,1947-04-17,,0,8740903,
442020,0082000,1,大分県,オオイタケン,Oita,,,,別府市,ベップシ,Beppu-shi,,,,野口元町,ノグチモトマチ,Noguchi Motomachi,,,,,,,,1,1,0,0,0,0,0,1,1947-04-17,,0,8740933,
442020,0083000,1,大分県,オオイタケン,Oita,,,,別府市,ベップシ,Beppu-shi,,,,馬場,ババ,Baba,,,,,,,,0,0,0,0,0,0,0,0,1947-04-17,,0,8740847,
442020,0084000,1,大分県,オオイタケン,Oita,,,,別府市,ベップシ,Beppu-shi,,,,浜町,ハママチ,Hamamachi,,,,,,,,1,1,0,0,0,0,0,1,1947-04-17,,0,8740945,
442020,0085001,2,大分県,オオイタケン,Oita,,,,別府市,ベップシ,Beppu-shi,,,,浜脇,ハマワキ,Hamawaki,一丁目,１チョウメ,1,,,,,1,1,0,0,0,0,0,1,1947-04-17,,0,,
442020,0085002,2,大分県,オオイタケン,Oita,,,,別府市,ベップシ,Beppu-shi,,,,浜脇,ハマワキ,Hamawaki,二丁目,２チョウメ,2,,,,,1,1,0,0,0,0,0,1,1947-04-17,,0,,
442020,0085003,2,大分県,オオイタケン,Oita,,,,別府市,ベップシ,Beppu-shi,,,,浜脇,ハマワキ,Hamawaki,三丁目,３チョウメ,3,,,,,1,1,0,0,0,0,0,1,1947-04-17,,0,,
442020,0086000,1,大分県,オオイタケン,Oita,,,,別府市,ベップシ,Beppu-shi,,,,原町,ハラマチ,Haramachi,,,,,,,,1,1,0,0,0,0,0,1,1947-04-17,,0,8740820,
442020,0087000,1,大分県,オオイタケン,Oita,,,,別府市,ベップシ,Beppu-shi,,,,春木,ハルキ,Haruki,,,,,,,,0,0,0,0,0,0,0,0,1947-04-17,,0,8740913,
442020,0088000,1,大分県,オオイタケン,Oita,,,,別府市,ベップシ,Beppu-shi,,,,東荘園,ヒガシソウエン,Higashisoen,,,,,,,,0,0,0,0,0,0,0,0,1947-04-17,,0,8740836,
442020,0089000,1,大分県,オオイタケン,Oita,,,,別府市,ベップシ,Beppu-shi,,,,光町,ヒカリマチ,Hikarimachi,,,,,,,,1,1,0,0,0,0,0,1,1947-04-17,,0,8740930,
442020,0090000,1,大分県,オオイタケン,Oita,,,,別府市,ベップシ,Beppu-shi,,,,平田町,ヒラタマチ,Hiratamachi,,,,,,,,1,1,0,0,0,0,0,1,1947-04-17,,0,8740024,
442020,0091000,1,大分県,オオイタケン,Oita,,,,別府市,ベップシ,Beppu-shi,,,,富士見町,フジミチョウ,Fujimicho,,,,,,,,1,1,0,0,0,0,0,1,1947-04-17,,0,8740921,
442020,0092000,1,大分県,オオイタケン,Oita,,,,別府市,ベップシ,Beppu-shi,,,,船小路町,フナコウジマチ,Funakojimachi,,,,,,,,1,1,0,0,0,0,0,1,1947-04-17,,0,8740922,
442020,0093000,1,大分県,オオイタケン,Oita,,,,別府市,ベップシ,Beppu-shi,,,,古市町,フルイチマチ,Furuichimachi,,,,,,,,1,1,0,0,0,0,0,1,1947-04-17,,0,8740013,
442020,0094000,1,大分県,オオイタケン,Oita,,,,別府市,ベップシ,Beppu-shi,,,,風呂本,フロモト,Furomoto,,,,,,,,0,0,0,0,0,0,0,0,1947-04-17,,0,8740044,
442020,0095000,1,大分県,オオイタケン,Oita,,,,別府市,ベップシ,Beppu-shi,,,,火売,ホノメ,Honome,,,,,,,,0,0,0,0,0,0,0,0,1947-04-17,,0,8740844,
442020,0096000,1,大分県,オオイタケン,Oita,,,,別府市,ベップシ,Beppu-shi,,,,堀田,ホリタ,Horita,,,,,,,,0,0,0,0,0,0,0,0,1947-04-17,,0,8740831,
442020,0097000,1,大分県,オオイタケン,Oita,,,,別府市,ベップシ,Beppu-shi,,,,松原町,マツバラチョウ,Matsubaracho,,,,,,,,1,1,0,0,0,0,0,1,1947-04-17,,0,8740946,
442020,0098000,1,大分県,オオイタケン,Oita,,,,別府市,ベップシ,Beppu-shi,,,,緑丘町,ミドリガオカチョウ,Midorigaokacho,,,,,,,,0,0,0,0,0,0,0,0,1947-04-17,,0,8740911,
442020,0099000,1,大分県,オオイタケン,Oita,,,,別府市,ベップシ,Beppu-shi,,,,南須賀,ミナミスカ,Minamisuka,,,,,,,,0,0,0,0,0,0,0,0,1947-04-17,,0,8740912,
442020,0100000,1,大分県,オオイタケン,Oita,,,,別府市,ベップシ,Beppu-shi,,,,南荘園町,ミナミソウエンチョウ,Minamisoencho,,,,,,,,0,0,0,0,0,0,0,0,1947-04-17,,0,8740904,
442020,0101000,1,大分県,オオイタケン,Oita,,,,別府市,ベップシ,Beppu-shi,,,,南町,ミナミマチ,Minamimachi,,,,,,,,1,1,0,0,0,0,0,1,1947-04-17,,0,8740941,
442020,0102000,1,大分県,オオイタケン,Oita,,,,別府市,ベップシ,Beppu-shi,,,,南的ケ浜町,ミナミマトガハマチョウ,Minamimatogahamacho,,,,,,,,1,1,0,0,0,0,0,1,1947-04-17,,0,8740929,
442020,0103000,1,大分県,オオイタケン,Oita,,,,別府市,ベップシ,Beppu-shi,,,,御幸,ミユキ,Miyuki,,,,,,,,0,0,0,0,0,0,0,0,1947-04-17,,0,8740045,
442020,0104000,1,大分県,オオイタケン,Oita,,,,別府市,ベップシ,Beppu-shi,,,,明礬,ミョウバン,Myoban,,,,,,,,0,0,0,0,0,0,0,0,1947-04-17,,0,8740843,
442020,0105000,1,大分県,オオイタケン,Oita,,,,別府市,ベップシ,Beppu-shi,,,,餅ヶ浜町,モチガハマチョウ,Mochigahamacho,,,,,,,,1,1,0,0,0,0,0,1,1947-04-17,,0,8740924,
442020,0106000,1,大分県,オオイタケン,Oita,,,,別府市,ベップシ,Beppu-shi,,,,元町,モトマチ,Motomachi,,,,,,,,1,1,0,0,0,0,0,1,1947-04-17,,0,8740944,
442020,0107000,1,大分県,オオイタケン,Oita,,,,別府市,ベップシ,Beppu-shi,,,,柳,ヤナギ,Yanagi,,,,,,,,0,0,0,0,0,0,0,0,1947-04-17,,0,8740811,
442020,0108000,1,大分県,オオイタケン,Oita,,,,別府市,ベップシ,Beppu-shi,,,,山家,ヤマガ,Yamaga,,,,,,,,0,0,0,0,0,0,0,0,1947-04-17,,0,8740818,
442020,0109000,1,大分県,オオイタケン,Oita,,,,別府市,ベップシ,Beppu-shi,,,,山の口,ヤマノクチ,Yamanokuchi,,,,,,,,0,0,0,0,0,0,0,0,1947-04-17,,0,8740801,
442020,0110000,1,大分県,オオイタケン,Oita,,,,別府市,ベップシ,Beppu-shi,,,,山の手町,ヤマノテチョウ,Yamanotecho,,,,,,,,1,1,0,0,0,0,0,1,1947-04-17,,0,8740828,
442020,0111000,1,大分県,オオイタケン,Oita,,,,別府市,ベップシ,Beppu-shi,,,,弓ケ浜町,ユミガハマチョウ,Yumigahamacho,,,,,,,,1,1,0,0,0,0,0,1,1947-04-17,,0,8740927,
442020,0112000,1,大分県,オオイタケン,Oita,,,,別府市,ベップシ,Beppu-shi,,,,湯山,ユヤマ,Yuyama,,,,,,,,0,0,0,0,0,0,0,0,1947-04-17,,0,8740004,
442020,0113000,1,大分県,オオイタケン,Oita,,,,別府市,ベップシ,Beppu-shi,,,,両郡橋,リョウグンバシ,Ryogumbashi,,,,,,,,0,0,0,0,0,0,0,0,1947-04-17,,0,8740813,
442020,0114000,1,大分県,オオイタケン,Oita,,,,別府市,ベップシ,Beppu-shi,,,,若草町,ワカクサチョウ,Wakakusacho,,,,,,,,1,1,0,0,0,0,0,1,1947-04-17,,0,8740925,
442020,0115000,1,大分県,オオイタケン,Oita,,,,別府市,ベップシ,Beppu-shi,,,,大字亀川,オオアザカメガワ,,,,,,,,,0,0,0,0,0,0,0,1,1947-04-17,,0,,
442020,0116000,1,大分県,オオイタケン,Oita,,,,別府市,ベップシ,Beppu-shi,,,,大字鉄輪,オオアザカンナワ,,,,,,,,,0,0,0,0,0,0,0,1,1947-04-17,,0,,
442020,0117000,1,大分県,オオイタケン,Oita,,,,別府市,ベップシ,Beppu-shi,,,,大字天間,オオアザアママ,Amama,,,,,,,,0,0,0,0,0,0,0,1,1947-04-17,,0,8740005,
442020,0118000,1,大分県,オオイタケン,Oita,,,,別府市,ベップシ,Beppu-shi,,,,大字南畑,オオアザミナミハタ,,,,,,,,,0,0,0,0,0,0,0,1,1947-04-17,,0,,
442020,0119000,1,大分県,オオイタケン,Oita,,,,別府市,ベップシ,Beppu-shi,,,,大字平道,オオアザヒラミチ,,,,,,,,,0,0,0,0,0,0,0,1,1947-04-17,,0,,
442020,0120000,1,大分県,オオイタケン,Oita,,,,別府市,ベップシ,Beppu-shi,,,,大字野田,オオアザノダ,Noda,,,,,,,,0,0,0,0,0,0,0,1,1947-04-17,,0,8740016,
442020,0121000,1,大分県,オオイタケン,Oita,,,,別府市,ベップシ,Beppu-shi,,,,大字鶴見字ザッショウ原,オオアザツルミアザザツシヨウハラ,,,,,,,,,0,0,0,0,0,0,0,1,1947-04-17,,0,,
442020,0122000,1,大分県,オオイタケン,Oita,,,,別府市,ベップシ,Beppu-shi,,,,大字鶴見字明礬,オオアザツルミアザミヨウバン,,,,,,,,,0,0,0,0,0,0,0,1,1947-04-17,,0,,
442038,0000000,4,大分県,オオイタケン,Oita,,,,中津市,ナカツシ,Nakatsu-shi,,,,,,,,,,,,,,0,0,0,0,0,0,1,1,1947-04-17,,0,,
442038,0000101,3,大分県,オオイタケン,Oita,,,,中津市,ナカツシ,Nakatsu-shi,,,,,,,,,,フケ原,フケバル,,,0,0,0,1,0,0,0,0,1947-04-17,,0,,
442038,0000102,3,大分県,オオイタケン,Oita,,,,中津市,ナカツシ,Nakatsu-shi,,,,,,,,,,芦木,アシキ,,,0,0,0,1,0,0,0,0,1947-04-17,,0,,
442038,0000103,3,大分県,オオイタケン,Oita,,,,中津市,ナカツシ,Nakatsu-shi,,,,,,,,,,鮎帰,アユガエリ,,,0,0,0,1,0,0,0,0,1947-04-17,,0,,
442038,0000104,3,大分県,オオイタケン,Oita,,,,中津市,ナカツシ,Nakatsu-shi,,,,,,,,,,伊福,イフク,,,0,0,0,1,0,0,0,0,1947-04-17,,0,,
442038,0000105,3,大分県,オオイタケン,Oita,,,,中津市,ナカツシ,Nakatsu-shi,,,,,,,,,,井原,イバル,,,0,0,0,1,0,0,0,0,1947-04-17,,0,,
442038,0000106,3,大分県,オオイタケン,Oita,,,,中津市,ナカツシ,Nakatsu-shi,,,,,,,,,,井手脇,エデワキ,,,0,0,0,1,0,0,0,0,1947-04-17,,0,,
442038,0000107,3,大分県,オオイタケン,Oita,,,,中津市,ナカツシ,Nakatsu-shi,,,,,,,,,,一ッ戸,ヒトット,,,0,0,0,1,0,0,0,0,1947-04-17,,0,,
442038,0000108,3,大分県,オオイタケン,Oita,,,,中津市,ナカツシ,Nakatsu-shi,,,,,,,,,,芋竹,イモノタケ,,,0,0,0,1,0,0,0,0,1947-04-17,,0,,
442038,0000109,3,大分県,オオイタケン,Oita,,,,中津市,ナカツシ,Nakatsu-shi,,,,,,,,,,引水,ヒキミズ,,,0,0,0,1,0,0,0,0,1947-04-17,,0,,
442038,0000110,3,大分県,オオイタケン,Oita,,,,中津市,ナカツシ,Nakatsu-shi,,,,,,,,,,蔭平,カゲヒラ,,,0,0,0,1,0,0,0,0,1947-04-17,,0,,
442038,0000111,3,大分県,オオイタケン,Oita,,,,中津市,ナカツシ,Nakatsu-shi,,,,,,,,,,宇曽元,ウソモト,,,0,0,0,1,0,0,0,0,1947-04-17,,0,,
442038,0000112,3,大分県,オオイタケン,Oita,,,,中津市,ナカツシ,Nakatsu-shi,,,,,,,,,,宇部,ウベ,,,0,0,0,1,0,0,0,0,1947-04-17,,0,,
442038,0000113,3,大分県,オオイタケン,Oita,,,,中津市,ナカツシ,Nakatsu-shi,,,,,,,,,,羽高,ハダカ,,,0,0,0,1,0,0,0,0,1947-04-17,,0,,
442038,0000114,3,大分県,オオイタケン,Oita,,,,中津市,ナカツシ,Nakatsu-shi,,,,,,,,,,羽馬礼,ハバレ,,,0,0,0,1,0,0,0,0,1947-04-17,,0,,
442038,0000115,3,大分県,オオイタケン,Oita,,,,中津市,ナカツシ,Nakatsu-shi,,,,,,,,,,臼木,ウスギ,,,0,0,0,1,0,0,0,0,1947-04-17,,0,,
442038,0000116,3,大分県,オオイタケン,Oita,,,,中津市,ナカツシ,Nakatsu-shi,,,,,,,,,,浦山,ウラヤマ,,,0,0,0,1,0,0,0,0,1947-04-17,,0,,
442038,0000117,3,大分県,オオイタケン,Oita,,,,中津市,ナカツシ,Nakatsu-shi,,,,,,,,,,雲谷寺,ウンコクジ,,,0,0,0,1,0,0,0,0,1947-04-17,,0,,
442038,0000118,3,大分県,オオイタケン,Oita,,,,中津市,ナカツシ,Nakatsu-shi,,,,,,,,,,榎鶴,エノキヅル,,,0,0,0,1,0,0,0,0,1947-04-17,,0,,
442038,0000119,3,大分県,オオイタケン,Oita,,,,中津市,ナカツシ,Nakatsu-shi,,,,,,,,,,奥ノ鶴,オクノツル,,,0,0,0,1,0,0,0,0,1947-04-17,,0,,
442038,0000120,3,大分県,オオイタケン,Oita,,,,中津市,ナカツシ,Nakatsu-shi,,,,,,,,,,奥江,オクエ,,,0,0,0,1,0,0,0,0,1947-04-17,,0,,
442038,0000121,3,大分県,オオイタケン,Oita,,,,中津市,ナカツシ,Nakatsu-shi,,,,,,,,,,奥畑,オクバタ,,,0,0,0,1,0,0,0,0,1947-04-17,,0,,
442038,0000122,3,大分県,オオイタケン,Oita,,,,中津市,ナカツシ,Nakatsu-shi,,,,,,,,,,岡,オカ,,,0,0,0,1,0,0,0,0,1947-04-17,,0,,
442038,0000123,3,大分県,オオイタケン,Oita,,,,中津市,ナカツシ,Nakatsu-shi,,,,,,,,,,岡崎,オカザキ,,,0,0,0,1,0,0,0,0,1947-04-17,,0,,
442038,0000124,3,大分県,オオイタケン,Oita,,,,中津市,ナカツシ,Nakatsu-shi,,,,,,,,,,屋田川,ヤタガワ,,,0,0,0,1,0,0,0,0,1947-04-17,,0,,
442038,0000125,3,大分県,オオイタケン,Oita,,,,中津市,ナカツシ,Nakatsu-shi,,,,,,,,,,下越,シモゴエ,,,0,0,0,1,0,0,0,0,1947-04-17,,0,,
442038,0000126,3,大分県,オオイタケン,Oita,,,,中津市,ナカツシ,Nakatsu-shi,,,,,,,,,,下宮ノ馬場,シモミヤノババ,,,0,0,0,1,0,0,0,0,1947-04-17,,0,,
442038,0000127,3,大分県,オオイタケン,Oita,,,,中津市,ナカツシ,Nakatsu-shi,,,,,,,,,,下戸原,シモトバル,,,0,0,0,1,0,0,0,0,1947-04-17,,0,,
442038,0000128,3,大分県,オオイタケン,Oita,,,,中津市,ナカツシ,Nakatsu-shi,,,,,,,,,,下佐知,シモサチ,,,0,0,0,1,0,0,0,0,1947-04-17,,0,,
442038,0000129,3,大分県,オオイタケン,Oita,,,,中津市,ナカツシ,Nakatsu-shi,,,,,,,,,,下小袋,シモオブクロ,,,0,0,0,1,0,0,0,0,1947-04-17,,0,,
442038,0000130,3,大分県,オオイタケン,Oita,,,,中津市,ナカツシ,Nakatsu-shi,,,,,,,,,,下曽木,シモソギ,,,0,0,0,1,0,0,0,0,1947-04-17,,0,,
442038,0000131,3,大分県,オオイタケン,Oita,,,,中津市,ナカツシ,Nakatsu-shi,,,,,,,,,,下長谷,シモナガタニ,,,0,0,0,1,0,0,0,0,1947-04-17,,0,,
442038,0000132,3,大分県,オオイタケン,Oita,,,,中津市,ナカツシ,Nakatsu-shi,,,,,,,,,,下筈,シモハズ,,,0,0,0,1,0,0,0,0,1947-04-17,,0,,
442038,0000133,3,大分県,オオイタケン,Oita,,,,中津市,ナカツシ,Nakatsu-shi,,,,,,,,,,下百谷,シモモモタニ,,,0,0,0,1,0,0,0,0,1947-04-17,,0,,
442038,0000134,3,大分県,オオイタケン,Oita,,,,中津市,ナカツシ,Nakatsu-shi,,,,,,,,,,仮宮,カリミヤ,,,0,0,0,1,0,0,0,0,1947-04-17,,0,,
442038,0000135,3,大分県,オオイタケン,Oita,,,,中津市,ナカツシ,Nakatsu-shi,,,,,,,,,,加勢,カセイ,,,0,0,0,1,0,0,0,0,1947-04-17,,0,,
442038,0000136,3,大分県,オオイタケン,Oita,,,,中津市,ナカツシ,Nakatsu-shi,,,,,,,,,,家籠,エゴモリ,,,0,0,0,1,0,0,0,0,1947-04-17,,0,,
442038,0000137,3,大分県,オオイタケン,Oita,,,,中津市,ナカツシ,Nakatsu-shi,,,,,,,,,,灰床,ハイトコ,,,0,0,0,1,0,0,0,0,1947-04-17,,0,,
442038,0000138,3,大分県,オオイタケン,Oita,,,,中津市,ナカツシ,Nakatsu-shi,,,,,,,,,,灰土,ハイツチ,,,0,0,0,1,0,0,0,0,1947-04-17,,0,,
442038,0000139,3,大分県,オオイタケン,Oita,,,,中津市,ナカツシ,Nakatsu-shi,,,,,,,,,,貝塚,カイヅカ,,,0,0,0,1,0,0,0,0,1947-04-17,,0,,
442038,0000140,3,大分県,オオイタケン,Oita,,,,中津市,ナカツシ,Nakatsu-shi,,,,,,,,,,貝返,カイガエシ,,,0,0,0,1,0,0,0,0,1947-04-17,,0,,
442038,0000141,3,大分県,オオイタケン,Oita,,,,中津市,ナカツシ,Nakatsu-shi,,,,,,,,,,柿坂,カキザカ,,,0,0,0,1,0,0,0,0,1947-04-17,,0,,
442038,0000142,3,大分県,オオイタケン,Oita,,,,中津市,ナカツシ,Nakatsu-shi,,,,,,,,,,柿瀬,カキゼ,,,0,0,0,1,0,0,0,0,1947-04-17,,0,,
442038,0000143,3,大分県,オオイタケン,Oita,,,,中津市,ナカツシ,Nakatsu-shi,,,,,,,,,,梶ヶ原,カジガハル,,,0,0,0,1,0,0,0,0,1947-04-17,,0,,
442038,0000144,3,大分県,オオイタケン,Oita,,,,中津市,ナカツシ,Nakatsu-shi,,,,,,,,,,割子谷,ワリゴダニ,,,0,0,0,1,0,0,0,0,1947-04-17,,0,,
442038,0000145,3,大分県,オオイタケン,Oita,,,,中津市,ナカツシ,Nakatsu-shi,,,,,,,,,,株ノ木,タンノキ,,,0,0,0,1,0,0,0,0,1947-04-17,,0,,
442038,0000146,3,大分県,オオイタケン,Oita,,,,中津市,ナカツシ,Nakatsu-shi,,,,,,,,,,鎌城開拓,カマギカイタク,,,0,0,0,1,0,0,0,0,1947-04-17,,0,,
442038,0000147,3,大分県,オオイタケン,Oita,,,,中津市,ナカツシ,Nakatsu-shi,,,,,,,,,,鎌野,カギノ,,,0,0,0,1,0,0,0,0,1947-04-17,,0,,
442038,0000148,3,大分県,オオイタケン,Oita,,,,中津市,ナカツシ,Nakatsu-shi,,,,,,,,,,苅屋,カリヤ,,,0,0,0,1,0,0,0,0,1947-04-17,,0,,
442038,0000149,3,大分県,オオイタケン,Oita,,,,中津市,ナカツシ,Nakatsu-shi,,,,,,,,,,岸ノ上,キシノウエ,,,0,0,0,1,0,0,0,0,1947-04-17,,0,,
442038,0000150,3,大分県,オオイタケン,Oita,,,,中津市,ナカツシ,Nakatsu-shi,,,,,,,,,,岩屋,イワヤ,,,0,0,0,1,0,0,0,0,1947-04-17,,0,,
442038,0000151,3,大分県,オオイタケン,Oita,,,,中津市,ナカツシ,Nakatsu-shi,,,,,,,,,,岩下,イワシタ,,,0,0,0,1,0,0,0,0,1947-04-17,,0,,
442038,0000152,3,大分県,オオイタケン,Oita,,,,中津市,ナカツシ,Nakatsu-shi,,,,,,,,,,岩伏,イワブシ,,,0,0,0,1,0,0,0,0,1947-04-17,,0,,
442038,0000153,3,大分県,オオイタケン,Oita,,,,中津市,ナカツシ,Nakatsu-shi,,,,,,,,,,岩渕,イワブチ,,,0,0,0,1,0,0,0,0,1947-04-17,,0,,
442038,0000154,3,大分県,オオイタケン,Oita,,,,中津市,ナカツシ,Nakatsu-shi,,,,,,,,,,吉野,ヨシノ,,,0,0,0,1,0,0,0,0,1947-04-17,,0,,
442038,0000155,3,大分県,オオイタケン,Oita,,,,中津市,ナカツシ,Nakatsu-shi,,,,,,,,,,久保,クボ,,,0,0,0,1,0,0,0,0,1947-04-17,,0,,
442038,0000156,3,大分県,オオイタケン,Oita,,,,中津市,ナカツシ,Nakatsu-shi,,,,,,,,,,宮ノ下,ミヤノシモ,,,0,0,0,1,0,0,0,0,1947-04-17,,0,,
442038,0000157,3,大分県,オオイタケン,Oita,,,,中津市,ナカツシ,Nakatsu-shi,,,,,,,,,,宮ノ上,ミヤノカミ,,,0,0,0,1,0,0,0,0,1947-04-17,,0,,
442038,0000158,3,大分県,オオイタケン,Oita,,,,中津市,ナカツシ,Nakatsu-shi,,,,,,,,,,宮ノ前,ミヤノマエ,,,0,0,0,1,0,0,0,0,1947-04-17,,0,,
442038,0000159,3,大分県,オオイタケン,Oita,,,,中津市,ナカツシ,Nakatsu-shi,,,,,,,,,,宮園,ミヤゾノ,,,0,0,0,1,0,0,0,0,1947-04-17,,0,,
442038,0000160,3,大分県,オオイタケン,Oita,,,,中津市,ナカツシ,Nakatsu-shi,,,,,,,,,,宮園掛地,ミヤゾノカケチ,,,0,0,0,1,0,0,0,0,1947-04-17,,0,,
442038,0000161,3,大分県,オオイタケン,Oita,,,,中津市,ナカツシ,Nakatsu-shi,,,,,,,,,,宮地,ミヤジ,,,0,0,0,1,0,0,0,0,1947-04-17,,0,,
442038,0000162,3,大分県,オオイタケン,Oita,,,,中津市,ナカツシ,Nakatsu-shi,,,,,,,,,,牛ノ首,ウシノクビ,,,0,0,0,1,0,0,0,0,1947-04-17,,0,,
442038,0000163,3,大分県,オオイタケン,Oita,,,,中津市,ナカツシ,Nakatsu-shi,,,,,,,,,,橋詰,ハシヅメ,,,0,0,0,1,0,0,0,0,1947-04-17,,0,,
442038,0000164,3,大分県,オオイタケン,Oita,,,,中津市,ナカツシ,Nakatsu-shi,,,,,,,,,,橋本,ハシモト,,,0,0,0,1,0,0,0,0,1947-04-17,,0,,
442038,0000165,3,大分県,オオイタケン,Oita,,,,中津市,ナカツシ,Nakatsu-shi,,,,,,,,,,金色,カナイロ,,,0,0,0,1,0,0,0,0,1947-04-17,,0,,
442038,0000166,3,大分県,オオイタケン,Oita,,,,中津市,ナカツシ,Nakatsu-shi,,,,,,,,,,轡地,クツワジ,,,0,0,0,1,0,0,0,0,1947-04-17,,0,,
442038,0000167,3,大分県,オオイタケン,Oita,,,,中津市,ナカツシ,Nakatsu-shi,,,,,,,,,,桑原,クワバラ,,,0,0,0,1,0,0,0,0,1947-04-17,,0,,
442038,0000168,3,大分県,オオイタケン,Oita,,,,中津市,ナカツシ,Nakatsu-shi,,,,,,,,,,桑鶴,クワヅル,,,0,0,0,1,0,0,0,0,1947-04-17,,0,,
442038,0000169,3,大分県,オオイタケン,Oita,,,,中津市,ナカツシ,Nakatsu-shi,,,,,,,,,,恵良,エラ,,,0,0,0,1,0,0,0,0,1947-04-17,,0,,
442038,0000170,3,大分県,オオイタケン,Oita,,,,中津市,ナカツシ,Nakatsu-shi,,,,,,,,,,景耕,ケイコウ,,,0,0,0,1,0,0,0,0,1947-04-17,,0,,
442038,0000171,3,大分県,オオイタケン,Oita,,,,中津市,ナカツシ,Nakatsu-shi,,,,,,,,,,穴田,アナダ,,,0,0,0,1,0,0,0,0,1947-04-17,,0,,
442038,0000172,3,大分県,オオイタケン,Oita,,,,中津市,ナカツシ,Nakatsu-shi,,,,,,,,,,犬王丸,イヌオウマル,,,0,0,0,1,0,0,0,0,1947-04-17,,0,,
442038,0000173,3,大分県,オオイタケン,Oita,,,,中津市,ナカツシ,Nakatsu-shi,,,,,,,,,,元組,モトグミ,,,0,0,0,1,0,0,0,0,1947-04-17,,0,,
442038,0000174,3,大分県,オオイタケン,Oita,,,,中津市,ナカツシ,Nakatsu-shi,,,,,,,,,,原,ハル,,,0,0,0,1,0,0,0,0,1947-04-17,,0,,
442038,0000175,3,大分県,オオイタケン,Oita,,,,中津市,ナカツシ,Nakatsu-shi,,,,,,,,,,原井,ハライ,,,0,0,0,1,0,0,0,0,1947-04-17,,0,,
442038,0000176,3,大分県,オオイタケン,Oita,,,,中津市,ナカツシ,Nakatsu-shi,,,,,,,,,,古城,フルジョウ,Kojo,,0,0,0,1,0,0,0,0,1947-04-17,,0,8710154,
442038,0000177,3,大分県,オオイタケン,Oita,,,,中津市,ナカツシ,Nakatsu-shi,,,,,,,,,,口ノ坪,クチノツボ,,,0,0,0,1,0,0,0,0,1947-04-17,,0,,
442038,0000178,3,大分県,オオイタケン,Oita,,,,中津市,ナカツシ,Nakatsu-shi,,,,,,,,,,口ノ林,クチノハヤシ,,,0,0,0,1,0,0,0,0,1947-04-17,,0,,
442038,0000179,3,大分県,オオイタケン,Oita,,,,中津市,ナカツシ,Nakatsu-shi,,,,,,,,,,向井,ムカイ,,,0,0,0,1,0,0,0,0,1947-04-17,,0,,
442038,0000180,3,大分県,オオイタケン,Oita,,,,中津市,ナカツシ,Nakatsu-shi,,,,,,,,,,向尾,ムフウ,,,0,0,0,1,0,0,0,0,1947-04-17,,0,,
442038,0000181,3,大分県,オオイタケン,Oita,,,,中津市,ナカツシ,Nakatsu-shi,,,,,,,,,,幸田,コウダ,,,0,0,0,1,0,0,0,0,1947-04-17,,0,,
442038,0000182,3,大分県,オオイタケン,Oita,,,,中津市,ナカツシ,Nakatsu-shi,,,,,,,,,,広口,ヒロクチ,,,0,0,0,1,0,0,0,0,1947-04-17,,0,,
442038,0000183,3,大分県,オオイタケン,Oita,,,,中津市,ナカツシ,Nakatsu-shi,,,,,,,,,,江淵,エブチ,,,0,0,0,1,0,0,0,0,1947-04-17,,0,,
442038,0000184,3,大分県,オオイタケン,Oita,,,,中津市,ナカツシ,Nakatsu-shi,,,,,,,,,,荒谷,アラタニ,,,0,0,0,1,0,0,0,0,1947-04-17,,0,,
442038,0000185,3,大分県,オオイタケン,Oita,,,,中津市,ナカツシ,Nakatsu-shi,,,,,,,,,,行広,ユキヒロ,,,0,0,0,1,0,0,0,0,1947-04-17,,0,,
442038,0000186,3,大分県,オオイタケン,Oita,,,,中津市,ナカツシ,Nakatsu-shi,,,,,,,,,,香紫庵,コウシアン,,,0,0,0,1,0,0,0,0,1947-04-17,,0,,
442038,0000187,3,大分県,オオイタケン,Oita,,,,中津市,ナカツシ,Nakatsu-shi,,,,,,,,,,高内,コウナイ,,,0,0,0,1,0,0,0,0,1947-04-17,,0,,
442038,0000188,3,大分県,オオイタケン,Oita,,,,中津市,ナカツシ,Nakatsu-shi,,,,,,,,,,合使,ゴウシ,,,0,0,0,1,0,0,0,0,1947-04-17,,0,,
442038,0000189,3,大分県,オオイタケン,Oita,,,,中津市,ナカツシ,Nakatsu-shi,,,,,,,,,,合敷,ゴウシキ,,,0,0,0,1,0,0,0,0,1947-04-17,,0,,
442038,0000190,3,大分県,オオイタケン,Oita,,,,中津市,ナカツシ,Nakatsu-shi,,,,,,,,,,轟,トドロ,,,0,0,0,1,0,0,0,0,1947-04-17,,0,,
442038,0000191,3,大分県,オオイタケン,Oita,,,,中津市,ナカツシ,Nakatsu-shi,,,,,,,,,,黒法師,クロボシ,,,0,0,0,1,0,0,0,0,1947-04-17,,0,,
442038,0000192,3,大分県,オオイタケン,Oita,,,,中津市,ナカツシ,Nakatsu-shi,,,,,,,,,,今富,イマヅミ,,,0,0,0,1,0,0,0,0,1947-04-17,,0,,
442038,0000193,3,大分県,オオイタケン,Oita,,,,中津市,ナカツシ,Nakatsu-shi,,,,,,,,,,坂内,サカウチ,,,0,0,0,1,0,0,0,0,1947-04-17,,0,,
442038,0000194,3,大分県,オオイタケン,Oita,,,,中津市,ナカツシ,Nakatsu-shi,,,,,,,,,,三ヶ村,サンガムラ,,,0,0,0,1,0,0,0,0,1947-04-17,,0,,
442038,0000195,3,大分県,オオイタケン,Oita,,,,中津市,ナカツシ,Nakatsu-shi,,,,,,,,,,三田,サンダ,,,0,0,0,1,0,0,0,0,1947-04-17,,0,,
442038,0000196,3,大分県,オオイタケン,Oita,,,,中津市,ナカツシ,Nakatsu-shi,,,,,,,,,,山ノ内,ヤマノウチ,,,0,0,0,1,0,0,0,0,1947-04-17,,0,,
442038,0000197,3,大分県,オオイタケン,Oita,,,,中津市,ナカツシ,Nakatsu-shi,,,,,,,,,,山浦西,ヤマウラニシ,,,0,0,0,1,0,0,0,0,1947-04-17,,0,,
442038,0000198,3,大分県,オオイタケン,Oita,,,,中津市,ナカツシ,Nakatsu-shi,,,,,,,,,,山浦東,ヤマウラヒガシ,,,0,0,0,1,0,0,0,0,1947-04-17,,0,,
442038,0000199,3,大分県,オオイタケン,Oita,,,,中津市,ナカツシ,Nakatsu-shi,,,,,,,,,,山田,ヤマダ,,,0,0,0,1,0,0,0,0,1947-04-17,,0,,
442038,0000200,3,大分県,オオイタケン,Oita,,,,中津市,ナカツシ,Nakatsu-shi,,,,,,,,,,市ノ尾,イチノオ,,,0,0,0,1,0,0,0,0,1947-04-17,,0,,
442038,0000201,3,大分県,オオイタケン,Oita,,,,中津市,ナカツシ,Nakatsu-shi,,,,,,,,,,市平下,イチビラシモ,,,0,0,0,1,0,0,0,0,1947-04-17,,0,,
442038,0000202,3,大分県,オオイタケン,Oita,,,,中津市,ナカツシ,Nakatsu-shi,,,,,,,,,,市平上,イチビラカミ,,,0,0,0,1,0,0,0,0,1947-04-17,,0,,
442038,0000203,3,大分県,オオイタケン,Oita,,,,中津市,ナカツシ,Nakatsu-shi,,,,,,,,,,寺小野,テラオノ,,,0,0,0,1,0,0,0,0,1947-04-17,,0,,
442038,0000204,3,大分県,オオイタケン,Oita,,,,中津市,ナカツシ,Nakatsu-shi,,,,,,,,,,寺川,テラガワ,,,0,0,0,1,0,0,0,0,1947-04-17,,0,,
442038,0000205,3,大分県,オオイタケン,Oita,,,,中津市,ナカツシ,Nakatsu-shi,,,,,,,,,,寺川内,テラカワチ,,,0,0,0,1,0,0,0,0,1947-04-17,,0,,
442038,0000206,3,大分県,オオイタケン,Oita,,,,中津市,ナカツシ,Nakatsu-shi,,,,,,,,,,寺辺,テラベタ,,,0,0,0,1,0,0,0,0,1947-04-17,,0,,
442038,0000207,3,大分県,オオイタケン,Oita,,,,中津市,ナカツシ,Nakatsu-shi,,,,,,,,,,持田,モチダ,,,0,0,0,1,0,0,0,0,1947-04-17,,0,,
442038,0000208,3,大分県,オオイタケン,Oita,,,,中津市,ナカツシ,Nakatsu-shi,,,,,,,,,,鹿熊,カグマ,,,0,0,0,1,0,0,0,0,1947-04-17,,0,,
442038,0000209,3,大分県,オオイタケン,Oita,,,,中津市,ナカツシ,Nakatsu-shi,,,,,,,,,,鹿熊開拓,カグマカイタク,,,0,0,0,1,0,0,0,0,1947-04-17,,0,,
442038,0000210,3,大分県,オオイタケン,Oita,,,,中津市,ナカツシ,Nakatsu-shi,,,,,,,,,,鹿倉,カクラ,,,0,0,0,1,0,0,0,0,1947-04-17,,0,,
442038,0000211,3,大分県,オオイタケン,Oita,,,,中津市,ナカツシ,Nakatsu-shi,,,,,,,,,,鴫良,シギラ,,,0,0,0,1,0,0,0,0,1947-04-17,,0,,
442038,0000212,3,大分県,オオイタケン,Oita,,,,中津市,ナカツシ,Nakatsu-shi,,,,,,,,,,柴間,シバマ,,,0,0,0,1,0,0,0,0,1947-04-17,,0,,
442038,0000213,3,大分県,オオイタケン,Oita,,,,中津市,ナカツシ,Nakatsu-shi,,,,,,,,,,柴田,シバタ,,,0,0,0,1,0,0,0,0,1947-04-17,,0,,
442038,0000214,3,大分県,オオイタケン,Oita,,,,中津市,ナカツシ,Nakatsu-shi,,,,,,,,,,芝原,シバラ,,,0,0,0,1,0,0,0,0,1947-04-17,,0,,
442038,0000215,3,大分県,オオイタケン,Oita,,,,中津市,ナカツシ,Nakatsu-shi,,,,,,,,,,守実,モリザネ,,,0,0,0,1,0,0,0,0,1947-04-17,,0,,
442038,0000216,3,大分県,オオイタケン,Oita,,,,中津市,ナカツシ,Nakatsu-shi,,,,,,,,,,手月,テヅキ,,,0,0,0,1,0,0,0,0,1947-04-17,,0,,
442038,0000217,3,大分県,オオイタケン,Oita,,,,中津市,ナカツシ,Nakatsu-shi,,,,,,,,,,狩宿,カリジュク,,,0,0,0,1,0,0,0,0,1947-04-17,,0,,
442038,0000218,3,大分県,オオイタケン,Oita,,,,中津市,ナカツシ,Nakatsu-shi,,,,,,,,,,秋永,アキナガ,,,0,0,0,1,0,0,0,0,1947-04-17,,0,,
442038,0000219,3,大分県,オオイタケン,Oita,,,,中津市,ナカツシ,Nakatsu-shi,,,,,,,,,,渋見,シブミ,,,0,0,0,1,0,0,0,0,1947-04-17,,0,,
442038,0000220,3,大分県,オオイタケン,Oita,,,,中津市,ナカツシ,Nakatsu-shi,,,,,,,,,,重尾,シゲオ,,,0,0,0,1,0,0,0,0,1947-04-17,,0,,
442038,0000221,3,大分県,オオイタケン,Oita,,,,中津市,ナカツシ,Nakatsu-shi,,,,,,,,,,出羽,イヅリハ,,,0,0,0,1,0,0,0,0,1947-04-17,,0,,
442038,0000222,3,大分県,オオイタケン,Oita,,,,中津市,ナカツシ,Nakatsu-shi,,,,,,,,,,出口,デグチ,,,0,0,0,1,0,0,0,0,1947-04-17,,0,,
442038,0000223,3,大分県,オオイタケン,Oita,,,,中津市,ナカツシ,Nakatsu-shi,,,,,,,,,,所小野,トコロオノ,,,0,0,0,1,0,0,0,0,1947-04-17,,0,,
442038,0000224,3,大分県,オオイタケン,Oita,,,,中津市,ナカツシ,Nakatsu-shi,,,,,,,,,,小屋ノ原,コヤノハル,,,0,0,0,1,0,0,0,0,1947-04-17,,0,,
442038,0000225,3,大分県,オオイタケン,Oita,,,,中津市,ナカツシ,Nakatsu-shi,,,,,,,,,,小屋川,コヤガワ,,,0,0,0,1,0,0,0,0,1947-04-17,,0,,
442038,0000226,3,大分県,オオイタケン,Oita,,,,中津市,ナカツシ,Nakatsu-shi,,,,,,,,,,小柿山,オガキヤマ,,,0,0,0,1,0,0,0,0,1947-04-17,,0,,
442038,0000227,3,大分県,オオイタケン,Oita,,,,中津市,ナカツシ,Nakatsu-shi,,,,,,,,,,小原井,コバライ,,,0,0,0,1,0,0,0,0,1947-04-17,,0,,
442038,0000228,3,大分県,オオイタケン,Oita,,,,中津市,ナカツシ,Nakatsu-shi,,,,,,,,,,小出,コイデ,,,0,0,0,1,0,0,0,0,1947-04-17,,0,,
442038,0000229,3,大分県,オオイタケン,Oita,,,,中津市,ナカツシ,Nakatsu-shi,,,,,,,,,,小杉,オスギ,,,0,0,0,1,0,0,0,0,1947-04-17,,0,,
442038,0000230,3,大分県,オオイタケン,Oita,,,,中津市,ナカツシ,Nakatsu-shi,,,,,,,,,,小瀬戸,コゼト,,,0,0,0,1,0,0,0,0,1947-04-17,,0,,
442038,0000231,3,大分県,オオイタケン,Oita,,,,中津市,ナカツシ,Nakatsu-shi,,,,,,,,,,小川内,オコチ,,,0,0,0,1,0,0,0,0,1947-04-17,,0,,
442038,0000232,3,大分県,オオイタケン,Oita,,,,中津市,ナカツシ,Nakatsu-shi,,,,,,,,,,小倉谷,コクラダニ,,,0,0,0,1,0,0,0,0,1947-04-17,,0,,
442038,0000233,3,大分県,オオイタケン,Oita,,,,中津市,ナカツシ,Nakatsu-shi,,,,,,,,,,小蔵目,オゾメ,,,0,0,0,1,0,0,0,0,1947-04-17,,0,,
442038,0000234,3,大分県,オオイタケン,Oita,,,,中津市,ナカツシ,Nakatsu-shi,,,,,,,,,,小竹,コタケ,,,0,0,0,1,0,0,0,0,1947-04-17,,0,,
442038,0000235,3,大分県,オオイタケン,Oita,,,,中津市,ナカツシ,Nakatsu-shi,,,,,,,,,,小竹林,コタケバヤシ,,,0,0,0,1,0,0,0,0,1947-04-17,,0,,
442038,0000236,3,大分県,オオイタケン,Oita,,,,中津市,ナカツシ,Nakatsu-shi,,,,,,,,,,小豆野,アヅキノ,,,0,0,0,1,0,0,0,0,1947-04-17,,0,,
442038,0000237,3,大分県,オオイタケン,Oita,,,,中津市,ナカツシ,Nakatsu-shi,,,,,,,,,,小林,コバヤシ,,,0,0,0,1,0,0,0,0,1947-04-17,,0,,
442038,0000238,3,大分県,オオイタケン,Oita,,,,中津市,ナカツシ,Nakatsu-shi,,,,,,,,,,小路,ショウジ,,,0,0,0,1,0,0,0,0,1947-04-17,,0,,
442038,0000239,3,大分県,オオイタケン,Oita,,,,中津市,ナカツシ,Nakatsu-shi,,,,,,,,,,庄屋村,ショウヤムラ,,,0,0,0,1,0,0,0,0,1947-04-17,,0,,
442038,0000240,3,大分県,オオイタケン,Oita,,,,中津市,ナカツシ,Nakatsu-shi,,,,,,,,,,床波,トコナミ,,,0,0,0,1,0,0,0,0,1947-04-17,,0,,
442038,0000241,3,大分県,オオイタケン,Oita,,,,中津市,ナカツシ,Nakatsu-shi,,,,,,,,,,床並,トコナミ,,,0,0,0,1,0,0,0,0,1947-04-17,,0,,
442038,0000242,3,大分県,オオイタケン,Oita,,,,中津市,ナカツシ,Nakatsu-shi,,,,,,,,,,松金,マツガネ,,,0,0,0,1,0,0,0,0,1947-04-17,,0,,
442038,0000243,3,大分県,オオイタケン,Oita,,,,中津市,ナカツシ,Nakatsu-shi,,,,,,,,,,松尾,マツオ,,,0,0,0,1,0,0,0,0,1947-04-17,,0,,
442038,0000244,3,大分県,オオイタケン,Oita,,,,中津市,ナカツシ,Nakatsu-shi,,,,,,,,,,上ノ原,ウエノハル,,,0,0,0,1,0,0,0,0,1947-04-17,,0,,
442038,0000245,3,大分県,オオイタケン,Oita,,,,中津市,ナカツシ,Nakatsu-shi,,,,,,,,,,上ノ川内,ウエノガワチ,,,0,0,0,1,0,0,0,0,1947-04-17,,0,,
442038,0000246,3,大分県,オオイタケン,Oita,,,,中津市,ナカツシ,Nakatsu-shi,,,,,,,,,,上ノ畑,ウエノハタ,,,0,0,0,1,0,0,0,0,1947-04-17,,0,,
442038,0000247,3,大分県,オオイタケン,Oita,,,,中津市,ナカツシ,Nakatsu-shi,,,,,,,,,,上宮ノ馬場,カミミヤノババ,,,0,0,0,1,0,0,0,0,1947-04-17,,0,,
442038,0000248,3,大分県,オオイタケン,Oita,,,,中津市,ナカツシ,Nakatsu-shi,,,,,,,,,,上戸原,カミトバル,,,0,0,0,1,0,0,0,0,1947-04-17,,0,,
442038,0000249,3,大分県,オオイタケン,Oita,,,,中津市,ナカツシ,Nakatsu-shi,,,,,,,,,,上佐知,ウエサチ,,,0,0,0,1,0,0,0,0,1947-04-17,,0,,
442038,0000250,3,大分県,オオイタケン,Oita,,,,中津市,ナカツシ,Nakatsu-shi,,,,,,,,,,上志川,カミシガワ,,,0,0,0,1,0,0,0,0,1947-04-17,,0,,
442038,0000251,3,大分県,オオイタケン,Oita,,,,中津市,ナカツシ,Nakatsu-shi,,,,,,,,,,上小路,カミショウジ,,,0,0,0,1,0,0,0,0,1947-04-17,,0,,
442038,0000252,3,大分県,オオイタケン,Oita,,,,中津市,ナカツシ,Nakatsu-shi,,,,,,,,,,上曽木,カミソギ,,,0,0,0,1,0,0,0,0,1947-04-17,,0,,
442038,0000253,3,大分県,オオイタケン,Oita,,,,中津市,ナカツシ,Nakatsu-shi,,,,,,,,,,上村,ウエムラ,,,0,0,0,1,0,0,0,0,1947-04-17,,0,,
442038,0000254,3,大分県,オオイタケン,Oita,,,,中津市,ナカツシ,Nakatsu-shi,,,,,,,,,,上長谷,カミナガタニ,,,0,0,0,1,0,0,0,0,1947-04-17,,0,,
442038,0000255,3,大分県,オオイタケン,Oita,,,,中津市,ナカツシ,Nakatsu-shi,,,,,,,,,,上百谷,カミモモタニ,,,0,0,0,1,0,0,0,0,1947-04-17,,0,,
442038,0000256,3,大分県,オオイタケン,Oita,,,,中津市,ナカツシ,Nakatsu-shi,,,,,,,,,,上福,カミフク,,,0,0,0,1,0,0,0,0,1947-04-17,,0,,
442038,0000257,3,大分県,オオイタケン,Oita,,,,中津市,ナカツシ,Nakatsu-shi,,,,,,,,,,上秣,カミマクサ,,,0,0,0,1,0,0,0,0,1947-04-17,,0,,
442038,0000258,3,大分県,オオイタケン,Oita,,,,中津市,ナカツシ,Nakatsu-shi,,,,,,,,,,城ノ首,ジョウノクビ,,,0,0,0,1,0,0,0,0,1947-04-17,,0,,
442038,0000259,3,大分県,オオイタケン,Oita,,,,中津市,ナカツシ,Nakatsu-shi,,,,,,,,,,新谷,シンガイ,,,0,0,0,1,0,0,0,0,1947-04-17,,0,,
442038,0000260,3,大分県,オオイタケン,Oita,,,,中津市,ナカツシ,Nakatsu-shi,,,,,,,,,,新田,シンデン,,,0,0,0,1,0,0,0,0,1947-04-17,,0,,
442038,0000261,3,大分県,オオイタケン,Oita,,,,中津市,ナカツシ,Nakatsu-shi,,,,,,,,,,新藤野,シンドノ,,,0,0,0,1,0,0,0,0,1947-04-17,,0,,
442038,0000262,3,大分県,オオイタケン,Oita,,,,中津市,ナカツシ,Nakatsu-shi,,,,,,,,,,深瀬,フカセ,,,0,0,0,1,0,0,0,0,1947-04-17,,0,,
442038,0000263,3,大分県,オオイタケン,Oita,,,,中津市,ナカツシ,Nakatsu-shi,,,,,,,,,,神原,カミノハル,,,0,0,0,1,0,0,0,0,1947-04-17,,0,,
442038,0000264,3,大分県,オオイタケン,Oita,,,,中津市,ナカツシ,Nakatsu-shi,,,,,,,,,,神谷,カミヤ,,,0,0,0,1,0,0,0,0,1947-04-17,,0,,
442038,0000265,3,大分県,オオイタケン,Oita,,,,中津市,ナカツシ,Nakatsu-shi,,,,,,,,,,仁久丸,ニクマル,,,0,0,0,1,0,0,0,0,1947-04-17,,0,,
442038,0000266,3,大分県,オオイタケン,Oita,,,,中津市,ナカツシ,Nakatsu-shi,,,,,,,,,,水取,ミズトリ,,,0,0,0,1,0,0,0,0,1947-04-17,,0,,
442038,0000267,3,大分県,オオイタケン,Oita,,,,中津市,ナカツシ,Nakatsu-shi,,,,,,,,,,水洗,ミズアライ,,,0,0,0,1,0,0,0,0,1947-04-17,,0,,
442038,0000268,3,大分県,オオイタケン,Oita,,,,中津市,ナカツシ,Nakatsu-shi,,,,,,,,,,随雲寺,ズイウンジ,,,0,0,0,1,0,0,0,0,1947-04-17,,0,,
442038,0000269,3,大分県,オオイタケン,Oita,,,,中津市,ナカツシ,Nakatsu-shi,,,,,,,,,,杉畑,スギハタ,,,0,0,0,1,0,0,0,0,1947-04-17,,0,,
442038,0000270,3,大分県,オオイタケン,Oita,,,,中津市,ナカツシ,Nakatsu-shi,,,,,,,,,,菅,スゲ,,,0,0,0,1,0,0,0,0,1947-04-17,,0,,
442038,0000271,3,大分県,オオイタケン,Oita,,,,中津市,ナカツシ,Nakatsu-shi,,,,,,,,,,成政,ナリマサ,,,0,0,0,1,0,0,0,0,1947-04-17,,0,,
442038,0000272,3,大分県,オオイタケン,Oita,,,,中津市,ナカツシ,Nakatsu-shi,,,,,,,,,,生木,ナマギ,,,0,0,0,1,0,0,0,0,1947-04-17,,0,,
442038,0000273,3,大分県,オオイタケン,Oita,,,,中津市,ナカツシ,Nakatsu-shi,,,,,,,,,,西小路,ニシショウジ,,,0,0,0,1,0,0,0,0,1947-04-17,,0,,
442038,0000274,3,大分県,オオイタケン,Oita,,,,中津市,ナカツシ,Nakatsu-shi,,,,,,,,,,青,アオ,,,0,0,0,1,0,0,0,0,1947-04-17,,0,,
442038,0000275,3,大分県,オオイタケン,Oita,,,,中津市,ナカツシ,Nakatsu-shi,,,,,,,,,,石井,イシイ,,,0,0,0,1,0,0,0,0,1947-04-17,,0,,
442038,0000276,3,大分県,オオイタケン,Oita,,,,中津市,ナカツシ,Nakatsu-shi,,,,,,,,,,石垣,イシガキ,,,0,0,0,1,0,0,0,0,1947-04-17,,0,,
442038,0000277,3,大分県,オオイタケン,Oita,,,,中津市,ナカツシ,Nakatsu-shi,,,,,,,,,,赤松,アカマツ,,,0,0,0,1,0,0,0,0,1947-04-17,,0,,
442038,0000278,3,大分県,オオイタケン,Oita,,,,中津市,ナカツシ,Nakatsu-shi,,,,,,,,,,折元,オリモト,,,0,0,0,1,0,0,0,0,1947-04-17,,0,,
442038,0000279,3,大分県,オオイタケン,Oita,,,,中津市,ナカツシ,Nakatsu-shi,,,,,,,,,,折戸,オリト,,,0,0,0,1,0,0,0,0,1947-04-17,,0,,
442038,0000280,3,大分県,オオイタケン,Oita,,,,中津市,ナカツシ,Nakatsu-shi,,,,,,,,,,川原口,カワラグチ,,,0,0,0,1,0,0,0,0,1947-04-17,,0,,
442038,0000281,3,大分県,オオイタケン,Oita,,,,中津市,ナカツシ,Nakatsu-shi,,,,,,,,,,川出原,カイデバル,,,0,0,0,1,0,0,0,0,1947-04-17,,0,,
442038,0000282,3,大分県,オオイタケン,Oita,,,,中津市,ナカツシ,Nakatsu-shi,,,,,,,,,,扇ノ草,オギノクサ,,,0,0,0,1,0,0,0,0,1947-04-17,,0,,
442038,0000283,3,大分県,オオイタケン,Oita,,,,中津市,ナカツシ,Nakatsu-shi,,,,,,,,,,泉,イズミ,,,0,0,0,1,0,0,0,0,1947-04-17,,0,,
442038,0000284,3,大分県,オオイタケン,Oita,,,,中津市,ナカツシ,Nakatsu-shi,,,,,,,,,,前鶴,マエズル,,,0,0,0,1,0,0,0,0,1947-04-17,,0,,
442038,0000285,3,大分県,オオイタケン,Oita,,,,中津市,ナカツシ,Nakatsu-shi,,,,,,,,,,倉谷,クラタニ,,,0,0,0,1,0,0,0,0,1947-04-17,,0,,
442038,0000286,3,大分県,オオイタケン,Oita,,,,中津市,ナカツシ,Nakatsu-shi,,,,,,,,,,倉迫,クラサコ,,,0,0,0,1,0,0,0,0,1947-04-17,,0,,
442038,0000287,3,大分県,オオイタケン,Oita,,,,中津市,ナカツシ,Nakatsu-shi,,,,,,,,,,相ノ原,アイノハル,,,0,0,0,1,0,0,0,0,1947-04-17,,0,,
442038,0000288,3,大分県,オオイタケン,Oita,,,,中津市,ナカツシ,Nakatsu-shi,,,,,,,,,,草本,クサモト,,,0,0,0,1,0,0,0,0,1947-04-17,,0,,
442038,0000289,3,大分県,オオイタケン,Oita,,,,中津市,ナカツシ,Nakatsu-shi,,,,,,,,,,草野河内,クサノカワウチ,,,0,0,0,1,0,0,0,0,1947-04-17,,0,,
442038,0000290,3,大分県,オオイタケン,Oita,,,,中津市,ナカツシ,Nakatsu-shi,,,,,,,,,,村ノ迫,ムラノサコ,,,0,0,0,1,0,0,0,0,1947-04-17,,0,,
442038,0000291,3,大分県,オオイタケン,Oita,,,,中津市,ナカツシ,Nakatsu-shi,,,,,,,,,,多志田,タシダ,,,0,0,0,1,0,0,0,0,1947-04-17,,0,,
442038,0000292,3,大分県,オオイタケン,Oita,,,,中津市,ナカツシ,Nakatsu-shi,,,,,,,,,,台,ダイ,,,0,0,0,1,0,0,0,0,1947-04-17,,0,,
442038,0000293,3,大分県,オオイタケン,Oita,,,,中津市,ナカツシ,Nakatsu-shi,,,,,,,,,,大曲,オオマガリ,,,0,0,0,1,0,0,0,0,1947-04-17,,0,,
442038,0000294,3,大分県,オオイタケン,Oita,,,,中津市,ナカツシ,Nakatsu-shi,,,,,,,,,,大源寺,ダイゲンジ,,,0,0,0,1,0,0,0,0,1947-04-17,,0,,
442038,0000295,3,大分県,オオイタケン,Oita,,,,中津市,ナカツシ,Nakatsu-shi,,,,,,,,,,大城,ダイシロ,,,0,0,0,1,0,0,0,0,1947-04-17,,0,,
442038,0000296,3,大分県,オオイタケン,Oita,,,,中津市,ナカツシ,Nakatsu-shi,,,,,,,,,,大勢,オオゼイ,,,0,0,0,1,0,0,0,0,1947-04-17,,0,,
442038,0000297,3,大分県,オオイタケン,Oita,,,,中津市,ナカツシ,Nakatsu-shi,,,,,,,,,,大石峠,オシガトウ,,,0,0,0,1,0,0,0,0,1947-04-17,,0,,
442038,0000298,3,大分県,オオイタケン,Oita,,,,中津市,ナカツシ,Nakatsu-shi,,,,,,,,,,大野下,オオノシモ,,,0,0,0,1,0,0,0,0,1947-04-17,,0,,
442038,0000299,3,大分県,オオイタケン,Oita,,,,中津市,ナカツシ,Nakatsu-shi,,,,,,,,,,大野上,オオノカミ,,,0,0,0,1,0,0,0,0,1947-04-17,,0,,
442038,0000300,3,大分県,オオイタケン,Oita,,,,中津市,ナカツシ,Nakatsu-shi,,,,,,,,,,茸木,ナバギ,,,0,0,0,1,0,0,0,0,1947-04-17,,0,,
442038,0000301,3,大分県,オオイタケン,Oita,,,,中津市,ナカツシ,Nakatsu-shi,,,,,,,,,,谷ノ前,タニノマエ,,,0,0,0,1,0,0,0,0,1947-04-17,,0,,
442038,0000302,3,大分県,オオイタケン,Oita,,,,中津市,ナカツシ,Nakatsu-shi,,,,,,,,,,鍛冶屋園,カジヤゾノ,,,0,0,0,1,0,0,0,0,1947-04-17,,0,,
442038,0000303,3,大分県,オオイタケン,Oita,,,,中津市,ナカツシ,Nakatsu-shi,,,,,,,,,,池ノ塚,イケノツカ,,,0,0,0,1,0,0,0,0,1947-04-17,,0,,
442038,0000304,3,大分県,オオイタケン,Oita,,,,中津市,ナカツシ,Nakatsu-shi,,,,,,,,,,池部,イケベ,,,0,0,0,1,0,0,0,0,1947-04-17,,0,,
442038,0000305,3,大分県,オオイタケン,Oita,,,,中津市,ナカツシ,Nakatsu-shi,,,,,,,,,,築城,ツイキ,,,0,0,0,1,0,0,0,0,1947-04-17,,0,,
442038,0000306,3,大分県,オオイタケン,Oita,,,,中津市,ナカツシ,Nakatsu-shi,,,,,,,,,,竹ノ元,タケノモト,,,0,0,0,1,0,0,0,0,1947-04-17,,0,,
442038,0000307,3,大分県,オオイタケン,Oita,,,,中津市,ナカツシ,Nakatsu-shi,,,,,,,,,,竹野,タケノ,,,0,0,0,1,0,0,0,0,1947-04-17,,0,,
442038,0000308,3,大分県,オオイタケン,Oita,,,,中津市,ナカツシ,Nakatsu-shi,,,,,,,,,,中ノ原,ナカノハル,,,0,0,0,1,0,0,0,0,1947-04-17,,0,,
442038,0000309,3,大分県,オオイタケン,Oita,,,,中津市,ナカツシ,Nakatsu-shi,,,,,,,,,,中ノ坪,ナカノツボ,,,0,0,0,1,0,0,0,0,1947-04-17,,0,,
442038,0000310,3,大分県,オオイタケン,Oita,,,,中津市,ナカツシ,Nakatsu-shi,,,,,,,,,,中ノ土井,ナカノドイ,,,0,0,0,1,0,0,0,0,1947-04-17,,0,,
442038,0000311,3,大分県,オオイタケン,Oita,,,,中津市,ナカツシ,Nakatsu-shi,,,,,,,,,,中ノ迫,ナカノサコ,,,0,0,0,1,0,0,0,0,1947-04-17,,0,,
442038,0000312,3,大分県,オオイタケン,Oita,,,,中津市,ナカツシ,Nakatsu-shi,,,,,,,,,,中河内,ナカゴウチ,,,0,0,0,1,0,0,0,0,1947-04-17,,0,,
442038,0000313,3,大分県,オオイタケン,Oita,,,,中津市,ナカツシ,Nakatsu-shi,,,,,,,,,,中詰,ナカヅメ,,,0,0,0,1,0,0,0,0,1947-04-17,,0,,
442038,0000314,3,大分県,オオイタケン,Oita,,,,中津市,ナカツシ,Nakatsu-shi,,,,,,,,,,中居,ナカイ,,,0,0,0,1,0,0,0,0,1947-04-17,,0,,
442038,0000315,3,大分県,オオイタケン,Oita,,,,中津市,ナカツシ,Nakatsu-shi,,,,,,,,,,中手原,ナカテバル,,,0,0,0,1,0,0,0,0,1947-04-17,,0,,
442038,0000316,3,大分県,オオイタケン,Oita,,,,中津市,ナカツシ,Nakatsu-shi,,,,,,,,,,中小路,ナカショウジ,,,0,0,0,1,0,0,0,0,1947-04-17,,0,,
442038,0000317,3,大分県,オオイタケン,Oita,,,,中津市,ナカツシ,Nakatsu-shi,,,,,,,,,,中村,ナカムラ,,,0,0,0,1,0,0,0,0,1947-04-17,,0,,
442038,0000318,3,大分県,オオイタケン,Oita,,,,中津市,ナカツシ,Nakatsu-shi,,,,,,,,,,中津,ナカツ,,,0,0,0,1,0,0,0,0,1947-04-17,,0,,
442038,0000319,3,大分県,オオイタケン,Oita,,,,中津市,ナカツシ,Nakatsu-shi,,,,,,,,,,中鶴,ナカヅル,,,0,0,0,1,0,0,0,0,1947-04-17,,0,,
442038,0000320,3,大分県,オオイタケン,Oita,,,,中津市,ナカツシ,Nakatsu-shi,,,,,,,,,,中土田,ナカツチダ,,,0,0,0,1,0,0,0,0,1947-04-17,,0,,
442038,0000321,3,大分県,オオイタケン,Oita,,,,中津市,ナカツシ,Nakatsu-shi,,,,,,,,,,中島,ナカシマ,,,0,0,0,1,0,0,0,0,1947-04-17,,0,,
442038,0000322,3,大分県,オオイタケン,Oita,,,,中津市,ナカツシ,Nakatsu-shi,,,,,,,,,,中南,チュウナン,,,0,0,0,1,0,0,0,0,1947-04-17,,0,,
442038,0000323,3,大分県,オオイタケン,Oita,,,,中津市,ナカツシ,Nakatsu-shi,,,,,,,,,,中畑,ナカバタ,,,0,0,0,1,0,0,0,0,1947-04-17,,0,,
442038,0000324,3,大分県,オオイタケン,Oita,,,,中津市,ナカツシ,Nakatsu-shi,,,,,,,,,,中百谷,ナカモモタニ,,,0,0,0,1,0,0,0,0,1947-04-17,,0,,
442038,0000325,3,大分県,オオイタケン,Oita,,,,中津市,ナカツシ,Nakatsu-shi,,,,,,,,,,中摩下,ナカマシモ,,,0,0,0,1,0,0,0,0,1947-04-17,,0,,
442038,0000326,3,大分県,オオイタケン,Oita,,,,中津市,ナカツシ,Nakatsu-shi,,,,,,,,,,中摩上,ナカマカミ,,,0,0,0,1,0,0,0,0,1947-04-17,,0,,
442038,0000327,3,大分県,オオイタケン,Oita,,,,中津市,ナカツシ,Nakatsu-shi,,,,,,,,,,中野,ナカノ,,,0,0,0,1,0,0,0,0,1947-04-17,,0,,
442038,0000328,3,大分県,オオイタケン,Oita,,,,中津市,ナカツシ,Nakatsu-shi,,,,,,,,,,朝尾野,アサオノ,,,0,0,0,1,0,0,0,0,1947-04-17,,0,,
442038,0000329,3,大分県,オオイタケン,Oita,,,,中津市,ナカツシ,Nakatsu-shi,,,,,,,,,,町,マチ,,,0,0,0,1,0,0,0,0,1947-04-17,,0,,
442038,0000330,3,大分県,オオイタケン,Oita,,,,中津市,ナカツシ,Nakatsu-shi,,,,,,,,,,町丈,マチタケ,,,0,0,0,1,0,0,0,0,1947-04-17,,0,,
442038,0000331,3,大分県,オオイタケン,Oita,,,,中津市,ナカツシ,Nakatsu-shi,,,,,,,,,,長谷,ハセ,,,0,0,0,1,0,0,0,0,1947-04-17,,0,,
442038,0000332,3,大分県,オオイタケン,Oita,,,,中津市,ナカツシ,Nakatsu-shi,,,,,,,,,,長尾野,ナガオノ,,,0,0,0,1,0,0,0,0,1947-04-17,,0,,
442038,0000333,3,大分県,オオイタケン,Oita,,,,中津市,ナカツシ,Nakatsu-shi,,,,,,,,,,長野,ナガノ,,,0,0,0,1,0,0,0,0,1947-04-17,,0,,
442038,0000334,3,大分県,オオイタケン,Oita,,,,中津市,ナカツシ,Nakatsu-shi,,,,,,,,,,鳥越,トリゴエ,,,0,0,0,1,0,0,0,0,1947-04-17,,0,,
442038,0000335,3,大分県,オオイタケン,Oita,,,,中津市,ナカツシ,Nakatsu-shi,,,,,,,,,,直入畑,ノリバタ,,,0,0,0,1,0,0,0,0,1947-04-17,,0,,
442038,0000336,3,大分県,オオイタケン,Oita,,,,中津市,ナカツシ,Nakatsu-shi,,,,,,,,,,津留,ツル,,,0,0,0,1,0,0,0,0,1947-04-17,,0,,
442038,0000337,3,大分県,オオイタケン,Oita,,,,中津市,ナカツシ,Nakatsu-shi,,,,,,,,,,辻,ツジ,,,0,0,0,1,0,0,0,0,1947-04-17,,0,,
442038,0000338,3,大分県,オオイタケン,Oita,,,,中津市,ナカツシ,Nakatsu-shi,,,,,,,,,,椿,ツバキ,,,0,0,0,1,0,0,0,0,1947-04-17,,0,,
442038,0000339,3,大分県,オオイタケン,Oita,,,,中津市,ナカツシ,Nakatsu-shi,,,,,,,,,,貞曽,サダソ,,,0,0,0,1,0,0,0,0,1947-04-17,,0,,
442038,0000340,3,大分県,オオイタケン,Oita,,,,中津市,ナカツシ,Nakatsu-shi,,,,,,,,,,堤,ツツミ,,,0,0,0,1,0,0,0,0,1947-04-17,,0,,
442038,0000341,3,大分県,オオイタケン,Oita,,,,中津市,ナカツシ,Nakatsu-shi,,,,,,,,,,提鶴,ヒサゲヅル,,,0,0,0,1,0,0,0,0,1947-04-17,,0,,
442038,0000342,3,大分県,オオイタケン,Oita,,,,中津市,ナカツシ,Nakatsu-shi,,,,,,,,,,天狗松,テングマツ,,,0,0,0,1,0,0,0,0,1947-04-17,,0,,
442038,0000343,3,大分県,オオイタケン,Oita,,,,中津市,ナカツシ,Nakatsu-shi,,,,,,,,,,田ノ口,タノクチ,,,0,0,0,1,0,0,0,0,1947-04-17,,0,,
442038,0000344,3,大分県,オオイタケン,Oita,,,,中津市,ナカツシ,Nakatsu-shi,,,,,,,,,,田ノ中,タノナカ,,,0,0,0,1,0,0,0,0,1947-04-17,,0,,
442038,0000345,3,大分県,オオイタケン,Oita,,,,中津市,ナカツシ,Nakatsu-shi,,,,,,,,,,田処,タドコロ,,,0,0,0,1,0,0,0,0,1947-04-17,,0,,
442038,0000346,3,大分県,オオイタケン,Oita,,,,中津市,ナカツシ,Nakatsu-shi,,,,,,,,,,田代,タシロ,,,0,0,0,1,0,0,0,0,1947-04-17,,0,,
442038,0000347,3,大分県,オオイタケン,Oita,,,,中津市,ナカツシ,Nakatsu-shi,,,,,,,,,,田中,タナカ,,,0,0,0,1,0,0,0,0,1947-04-17,,0,,
442038,0000348,3,大分県,オオイタケン,Oita,,,,中津市,ナカツシ,Nakatsu-shi,,,,,,,,,,田野尾,タノオ,,,0,0,0,1,0,0,0,0,1947-04-17,,0,,
442038,0000349,3,大分県,オオイタケン,Oita,,,,中津市,ナカツシ,Nakatsu-shi,,,,,,,,,,田良川,タラガワ,,,0,0,0,1,0,0,0,0,1947-04-17,,0,,
442038,0000350,3,大分県,オオイタケン,Oita,,,,中津市,ナカツシ,Nakatsu-shi,,,,,,,,,,兎洞,ウトウ,,,0,0,0,1,0,0,0,0,1947-04-17,,0,,
442038,0000351,3,大分県,オオイタケン,Oita,,,,中津市,ナカツシ,Nakatsu-shi,,,,,,,,,,登,ノボリ,,,0,0,0,1,0,0,0,0,1947-04-17,,0,,
442038,0000352,3,大分県,オオイタケン,Oita,,,,中津市,ナカツシ,Nakatsu-shi,,,,,,,,,,島,シマ,,,0,0,0,1,0,0,0,0,1947-04-17,,0,,
442038,0000353,3,大分県,オオイタケン,Oita,,,,中津市,ナカツシ,Nakatsu-shi,,,,,,,,,,島田,シマタ,Shimata,,0,0,0,1,0,0,0,0,1947-04-17,,0,8710033,
442038,0000354,3,大分県,オオイタケン,Oita,,,,中津市,ナカツシ,Nakatsu-shi,,,,,,,,,,桃の木,モモノキ,,,0,0,0,1,0,0,0,0,1947-04-17,,0,,
442038,0000355,3,大分県,オオイタケン,Oita,,,,中津市,ナカツシ,Nakatsu-shi,,,,,,,,,,藤原,フジワラ,,,0,0,0,1,0,0,0,0,1947-04-17,,0,,
442038,0000356,3,大分県,オオイタケン,Oita,,,,中津市,ナカツシ,Nakatsu-shi,,,,,,,,,,藤木,フジキ,,,0,0,0,1,0,0,0,0,1947-04-17,,0,,
442038,0000357,3,大分県,オオイタケン,Oita,,,,中津市,ナカツシ,Nakatsu-shi,,,,,,,,,,藤野木,フジノキ,,,0,0,0,1,0,0,0,0,1947-04-17,,0,,
442038,0000358,3,大分県,オオイタケン,Oita,,,,中津市,ナカツシ,Nakatsu-shi,,,,,,,,,,洞門,ドウモン,,,0,0,0,1,0,0,0,0,1947-04-17,,0,,
442038,0000359,3,大分県,オオイタケン,Oita,,,,中津市,ナカツシ,Nakatsu-shi,,,,,,,,,,道祖原,サイノハル,,,0,0,0,1,0,0,0,0,1947-04-17,,0,,
442038,0000360,3,大分県,オオイタケン,Oita,,,,中津市,ナカツシ,Nakatsu-shi,,,,,,,,,,徳組,トクグミ,,,0,0,0,1,0,0,0,0,1947-04-17,,0,,
442038,0000361,3,大分県,オオイタケン,Oita,,,,中津市,ナカツシ,Nakatsu-shi,,,,,,,,,,徳地,トクヂ,,,0,0,0,1,0,0,0,0,1947-04-17,,0,,
442038,0000362,3,大分県,オオイタケン,Oita,,,,中津市,ナカツシ,Nakatsu-shi,,,,,,,,,,栃ノ木,トチノキ,,,0,0,0,1,0,0,0,0,1947-04-17,,0,,
442038,0000363,3,大分県,オオイタケン,Oita,,,,中津市,ナカツシ,Nakatsu-shi,,,,,,,,,,内山,ウチヤマ,,,0,0,0,1,0,0,0,0,1947-04-17,,0,,
442038,0000364,3,大分県,オオイタケン,Oita,,,,中津市,ナカツシ,Nakatsu-shi,,,,,,,,,,内川野,ウチゴノ,,,0,0,0,1,0,0,0,0,1947-04-17,,0,,
442038,0000365,3,大分県,オオイタケン,Oita,,,,中津市,ナカツシ,Nakatsu-shi,,,,,,,,,,南平,ミナミベラ,,,0,0,0,1,0,0,0,0,1947-04-17,,0,,
442038,0000366,3,大分県,オオイタケン,Oita,,,,中津市,ナカツシ,Nakatsu-shi,,,,,,,,,,二瀬,フタセ,,,0,0,0,1,0,0,0,0,1947-04-17,,0,,
442038,0000367,3,大分県,オオイタケン,Oita,,,,中津市,ナカツシ,Nakatsu-shi,,,,,,,,,,二本杉,ニホンスギ,,,0,0,0,1,0,0,0,0,1947-04-17,,0,,
442038,0000368,3,大分県,オオイタケン,Oita,,,,中津市,ナカツシ,Nakatsu-shi,,,,,,,,,,馬場,ババ,,,0,0,0,1,0,0,0,0,1947-04-17,,0,,
442038,0000369,3,大分県,オオイタケン,Oita,,,,中津市,ナカツシ,Nakatsu-shi,,,,,,,,,,梅ノ木瀬,ウメノキゼ,,,0,0,0,1,0,0,0,0,1947-04-17,,0,,
442038,0000370,3,大分県,オオイタケン,Oita,,,,中津市,ナカツシ,Nakatsu-shi,,,,,,,,,,白地,ハクヂ,,,0,0,0,1,0,0,0,0,1947-04-17,,0,,
442038,0000371,3,大分県,オオイタケン,Oita,,,,中津市,ナカツシ,Nakatsu-shi,,,,,,,,,,白土,シラツチ,,,0,0,0,1,0,0,0,0,1947-04-17,,0,,
442038,0000372,3,大分県,オオイタケン,Oita,,,,中津市,ナカツシ,Nakatsu-shi,,,,,,,,,,迫,サコ,,,0,0,0,1,0,0,0,0,1947-04-17,,0,,
442038,0000373,3,大分県,オオイタケン,Oita,,,,中津市,ナカツシ,Nakatsu-shi,,,,,,,,,,畑,ハタ,,,0,0,0,1,0,0,0,0,1947-04-17,,0,,
442038,0000374,3,大分県,オオイタケン,Oita,,,,中津市,ナカツシ,Nakatsu-shi,,,,,,,,,,八鹿,ヤシカ,,,0,0,0,1,0,0,0,0,1947-04-17,,0,,
442038,0000375,3,大分県,オオイタケン,Oita,,,,中津市,ナカツシ,Nakatsu-shi,,,,,,,,,,八木蒔,ヤキマキ,,,0,0,0,1,0,0,0,0,1947-04-17,,0,,
442038,0000376,3,大分県,オオイタケン,Oita,,,,中津市,ナカツシ,Nakatsu-shi,,,,,,,,,,尾ヶ篠,オガシノ,,,0,0,0,1,0,0,0,0,1947-04-17,,0,,
442038,0000377,3,大分県,オオイタケン,Oita,,,,中津市,ナカツシ,Nakatsu-shi,,,,,,,,,,尾下,オジモ,,,0,0,0,1,0,0,0,0,1947-04-17,,0,,
442038,0000378,3,大分県,オオイタケン,Oita,,,,中津市,ナカツシ,Nakatsu-shi,,,,,,,,,,尾川内,オゴウチ,,,0,0,0,1,0,0,0,0,1947-04-17,,0,,
442038,0000379,3,大分県,オオイタケン,Oita,,,,中津市,ナカツシ,Nakatsu-shi,,,,,,,,,,桧木,ヒノキ,,,0,0,0,1,0,0,0,0,1947-04-17,,0,,
442038,0000380,3,大分県,オオイタケン,Oita,,,,中津市,ナカツシ,Nakatsu-shi,,,,,,,,,,富谷,トミヤ,,,0,0,0,1,0,0,0,0,1947-04-17,,0,,
442038,0000381,3,大分県,オオイタケン,Oita,,,,中津市,ナカツシ,Nakatsu-shi,,,,,,,,,,伏ノ下,フシノシタ,,,0,0,0,1,0,0,0,0,1947-04-17,,0,,
442038,0000382,3,大分県,オオイタケン,Oita,,,,中津市,ナカツシ,Nakatsu-shi,,,,,,,,,,福土,フクツチ,,,0,0,0,1,0,0,0,0,1947-04-17,,0,,
442038,0000383,3,大分県,オオイタケン,Oita,,,,中津市,ナカツシ,Nakatsu-shi,,,,,,,,,,福土台,フクツチダイ,,,0,0,0,1,0,0,0,0,1947-04-17,,0,,
442038,0000384,3,大分県,オオイタケン,Oita,,,,中津市,ナカツシ,Nakatsu-shi,,,,,,,,,,平原,ヒラバル,,,0,0,0,1,0,0,0,0,1947-04-17,,0,,
442038,0000385,3,大分県,オオイタケン,Oita,,,,中津市,ナカツシ,Nakatsu-shi,,,,,,,,,,平林,ヒラバヤシ,,,0,0,0,1,0,0,0,0,1947-04-17,,0,,
442038,0000386,3,大分県,オオイタケン,Oita,,,,中津市,ナカツシ,Nakatsu-shi,,,,,,,,,,辺割,ヘワリ,,,0,0,0,1,0,0,0,0,1947-04-17,,0,,
442038,0000387,3,大分県,オオイタケン,Oita,,,,中津市,ナカツシ,Nakatsu-shi,,,,,,,,,,北谷,キタダニ,,,0,0,0,1,0,0,0,0,1947-04-17,,0,,
442038,0000388,3,大分県,オオイタケン,Oita,,,,中津市,ナカツシ,Nakatsu-shi,,,,,,,,,,北平,キタベラ,,,0,0,0,1,0,0,0,0,1947-04-17,,0,,
442038,0000389,3,大分県,オオイタケン,Oita,,,,中津市,ナカツシ,Nakatsu-shi,,,,,,,,,,堀江,ホリエ,,,0,0,0,1,0,0,0,0,1947-04-17,,0,,
442038,0000390,3,大分県,オオイタケン,Oita,,,,中津市,ナカツシ,Nakatsu-shi,,,,,,,,,,柾木,マサキ,,,0,0,0,1,0,0,0,0,1947-04-17,,0,,
442038,0000391,3,大分県,オオイタケン,Oita,,,,中津市,ナカツシ,Nakatsu-shi,,,,,,,,,,名田打,ナタウチ,,,0,0,0,1,0,0,0,0,1947-04-17,,0,,
442038,0000392,3,大分県,オオイタケン,Oita,,,,中津市,ナカツシ,Nakatsu-shi,,,,,,,,,,明鹿野,ミョウガノ,,,0,0,0,1,0,0,0,0,1947-04-17,,0,,
442038,0000393,3,大分県,オオイタケン,Oita,,,,中津市,ナカツシ,Nakatsu-shi,,,,,,,,,,鳴,ナル,,,0,0,0,1,0,0,0,0,1947-04-17,,0,,
442038,0000394,3,大分県,オオイタケン,Oita,,,,中津市,ナカツシ,Nakatsu-shi,,,,,,,,,,鳴浅,ナギアサ,,,0,0,0,1,0,0,0,0,1947-04-17,,0,,
442038,0000395,3,大分県,オオイタケン,Oita,,,,中津市,ナカツシ,Nakatsu-shi,,,,,,,,,,綿丸,ワタマル,,,0,0,0,1,0,0,0,0,1947-04-17,,0,,
442038,0000396,3,大分県,オオイタケン,Oita,,,,中津市,ナカツシ,Nakatsu-shi,,,,,,,,,,毛谷村,ケヤムラ,,,0,0,0,1,0,0,0,0,1947-04-17,,0,,
442038,0000397,3,大分県,オオイタケン,Oita,,,,中津市,ナカツシ,Nakatsu-shi,,,,,,,,,,木ノ子,キノコ,,,0,0,0,1,0,0,0,0,1947-04-17,,0,,
442038,0000398,3,大分県,オオイタケン,Oita,,,,中津市,ナカツシ,Nakatsu-shi,,,,,,,,,,木崎,キザキ,,,0,0,0,1,0,0,0,0,1947-04-17,,0,,
442038,0000399,3,大分県,オオイタケン,Oita,,,,中津市,ナカツシ,Nakatsu-shi,,,,,,,,,,門前,モンゼン,,,0,0,0,1,0,0,0,0,1947-04-17,,0,,
442038,0000400,3,大分県,オオイタケン,Oita,,,,中津市,ナカツシ,Nakatsu-shi,,,,,,,,,,野地平,ノヂベラ,,,0,0,0,1,0,0,0,0,1947-04-17,,0,,
442038,0000401,3,大分県,オオイタケン,Oita,,,,中津市,ナカツシ,Nakatsu-shi,,,,,,,,,,野路,ノジ,,,0,0,0,1,0,0,0,0,1947-04-17,,0,,
442038,0000402,3,大分県,オオイタケン,Oita,,,,中津市,ナカツシ,Nakatsu-shi,,,,,,,,,,矢形処,ヤカタドコロ,,,0,0,0,1,0,0,0,0,1947-04-17,,0,,
442038,0000403,3,大分県,オオイタケン,Oita,,,,中津市,ナカツシ,Nakatsu-shi,,,,,,,,,,矢櫃,ヤビツ,,,0,0,0,1,0,0,0,0,1947-04-17,,0,,
442038,0000404,3,大分県,オオイタケン,Oita,,,,中津市,ナカツシ,Nakatsu-shi,,,,,,,,,,柚ノ木,ユノキ,,,0,0,0,1,0,0,0,0,1947-04-17,,0,,
442038,0000405,3,大分県,オオイタケン,Oita,,,,中津市,ナカツシ,Nakatsu-shi,,,,,,,,,,柚木,ユルギ,,,0,0,0,1,0,0,0,0,1947-04-17,,0,,
442038,0000406,3,大分県,オオイタケン,Oita,,,,中津市,ナカツシ,Nakatsu-shi,,,,,,,,,,要,カナメ,,,0,0,0,1,0,0,0,0,1947-04-17,,0,,
442038,0000407,3,大分県,オオイタケン,Oita,,,,中津市,ナカツシ,Nakatsu-shi,,,,,,,,,,落合,オチアイ,,,0,0,0,1,0,0,0,0,1947-04-17,,0,,
442038,0000408,3,大分県,オオイタケン,Oita,,,,中津市,ナカツシ,Nakatsu-shi,,,,,,,,,,龍,リュウ,,,0,0,0,1,0,0,0,0,1947-04-17,,0,,
442038,0000409,3,大分県,オオイタケン,Oita,,,,中津市,ナカツシ,Nakatsu-shi,,,,,,,,,,両宮,モロミヤ,,,0,0,0,1,0,0,0,0,1947-04-17,,0,,
442038,0000410,3,大分県,オオイタケン,Oita,,,,中津市,ナカツシ,Nakatsu-shi,,,,,,,,,,両午,リョウゴ,,,0,0,0,1,0,0,0,0,1947-04-17,,0,,
442038,0000411,3,大分県,オオイタケン,Oita,,,,中津市,ナカツシ,Nakatsu-shi,,,,,,,,,,浪立,ナミダテ,,,0,0,0,1,0,0,0,0,1947-04-17,,0,,
442038,0000412,3,大分県,オオイタケン,Oita,,,,中津市,ナカツシ,Nakatsu-shi,,,,,,,,,,六田,ロクタ,,,0,0,0,1,0,0,0,0,1947-04-17,,0,,
442038,0000413,3,大分県,オオイタケン,Oita,,,,中津市,ナカツシ,Nakatsu-shi,,,,,,,,,,和泉原,ワセンバル,,,0,0,0,1,0,0,0,0,1947-04-17,,0,,
442038,0000414,3,大分県,オオイタケン,Oita,,,,中津市,ナカツシ,Nakatsu-shi,,,,,,,,,,蕨野,ワラビノ,,,0,0,0,1,0,0,0,0,1947-04-17,,0,,
442038,0000415,3,大分県,オオイタケン,Oita,,,,中津市,ナカツシ,Nakatsu-shi,,,,,,,,,,杠葉,ユヅリハ,,,0,0,0,1,0,0,0,0,1947-04-17,,0,,
442038,0000416,3,大分県,オオイタケン,Oita,,,,中津市,ナカツシ,Nakatsu-shi,,,,,,,,,,枌,ヘギ,,,0,0,0,1,0,0,0,0,1947-04-17,,0,,
442038,0000417,3,大分県,オオイタケン,Oita,,,,中津市,ナカツシ,Nakatsu-shi,,,,,,,,,,檜原,ヒバル,,,0,0,0,1,0,0,0,0,1947-04-17,,0,,
442038,0000418,3,大分県,オオイタケン,Oita,,,,中津市,ナカツシ,Nakatsu-shi,,,,,,,,,,樅木,モミギ,,,0,0,0,1,0,0,0,0,1947-04-17,,0,,
442038,0000419,3,大分県,オオイタケン,Oita,,,,中津市,ナカツシ,Nakatsu-shi,,,,,,,,,,辷,スベリ,,,0,0,0,1,0,0,0,0,1947-04-17,,0,,
442038,0000480,3,大分県,オオイタケン,Oita,,,,中津市,ナカツシ,Nakatsu-shi,,,,,,,,,,東,ヒガシ,,,0,0,0,1,0,0,0,0,1947-04-17,,0,,
442038,0001000,1,大分県,オオイタケン,Oita,,,,中津市,ナカツシ,Nakatsu-shi,,,,字小祝,アザコイワイ,,,,,,,,,0,0,0,0,0,0,1,1,1947-04-17,,0,,
442038,0002001,2,大分県,オオイタケン,Oita,,,,中津市,ナカツシ,Nakatsu-shi,,,,牛神町,ウシガミマチ,Ushigamimachi,１丁目,１チョウメ,1,,,,,0,0,0,0,0,0,1,1,1947-04-17,,0,,
442038,0003001,2,大分県,オオイタケン,Oita,,,,中津市,ナカツシ,Nakatsu-shi,,,,蛭子町,エビスマチ,Ebisumachi,１丁目,１チョウメ,1,,,,,0,0,0,0,0,0,1,1,1947-04-17,,0,,
442038,0003002,2,大分県,オオイタケン,Oita,,,,中津市,ナカツシ,Nakatsu-shi,,,,蛭子町,エビスマチ,Ebisumachi,２丁目,２チョウメ,2,,,,,0,0,0,0,0,0,1,1,1947-04-17,,0,,
442038,0003003,2,大分県,オオイタケン,Oita,,,,中津市,ナカツシ,Nakatsu-shi,,,,蛭子町,エビスマチ,Ebisumachi,３丁目,３チョウメ,3,,,,,0,0,0,0,0,0,1,1,1947-04-17,,0,,
442038,0004000,1,大分県,オオイタケン,Oita,,,,中津市,ナカツシ,Nakatsu-shi,,,,大字相原,オオアザアイハラ,,,,,,,,,0,0,0,0,0,0,1,1,1947-04-17,,0,,
442038,0005000,1,大分県,オオイタケン,Oita,,,,中津市,ナカツシ,Nakatsu-shi,,,,大字伊藤田,オオアザイドウダ,Idoda,,,,,,,,0,0,0,0,0,0,1,1,1947-04-17,,0,8790111,
442038,0006000,1,大分県,オオイタケン,Oita,,,,中津市,ナカツシ,Nakatsu-shi,,,,大字今津,オオアザイマヅ,Imazu,,,,,,,,0,0,0,0,0,0,1,1,1947-04-17,,0,8790101,
442038,0007000,1,大分県,オオイタケン,Oita,,,,中津市,ナカツシ,Nakatsu-shi,,,,大字植野,オオアザウエノ,Ueno,,,,,,,,0,0,0,0,0,0,1,1,1947-04-17,,0,8790103,
442038,0008000,1,大分県,オオイタケン,Oita,,,,中津市,ナカツシ,Nakatsu-shi,,,,大字牛神,オオアザウシガミ,Ushigami,,,,,,,,0,0,0,0,0,0,1,1,1947-04-17,,0,8710015,
442038,0009000,1,大分県,オオイタケン,Oita,,,,中津市,ナカツシ,Nakatsu-shi,,,,大字合馬,オオアザオウマ,Oma,,,,,,,,0,0,0,0,0,0,1,1,1947-04-17,,0,8710005,
442038,0010000,1,大分県,オオイタケン,Oita,,,,中津市,ナカツシ,Nakatsu-shi,,,,大字大貞,オオアザオオサダ,Osada,,,,,,,,0,0,0,0,0,0,1,1,1947-04-17,,0,8710153,
442038,0010113,3,大分県,オオイタケン,Oita,,,,中津市,ナカツシ,Nakatsu-shi,,,,大字大貞,オオアザオオサダ,,,,,古城１・２,,,,0,0,0,1,0,0,1,0,1947-04-17,,1,,
442038,0010114,3,大分県,オオイタケン,Oita,,,,中津市,ナカツシ,Nakatsu-shi,,,,大字大貞,オオアザオオサダ,,,,,大悟法１・２・稲男,,,,0,0,0,1,0,0,1,0,1947-04-17,,1,,
442038,0010115,3,大分県,オオイタケン,Oita,,,,中津市,ナカツシ,Nakatsu-shi,,,,大字大貞,オオアザオオサダ,,,,,大貞・大貞公園・大貞三沢団地,,,,0,0,0,1,0,0,1,0,1947-04-17,,1,,
442038,0011000,1,大分県,オオイタケン,Oita,,,,中津市,ナカツシ,Nakatsu-shi,,,,大字大新田,オオアザオオシンデン,Oshinden,,,,,,,,0,0,0,0,0,0,1,1,1947-04-17,,0,8710001,
442038,0012000,1,大分県,オオイタケン,Oita,,,,中津市,ナカツシ,Nakatsu-shi,,,,大字大塚,オオアザオオツカ,Otsuka,,,,,,,,0,0,0,0,0,0,1,1,1947-04-17,,0,8710008,
442038,0012160,3,大分県,オオイタケン,Oita,,,,中津市,ナカツシ,Nakatsu-shi,,,,大字大塚,オオアザオオツカ,,,,,北浦町,,,,0,0,0,1,0,0,1,0,1947-04-17,,1,,
442038,0013000,1,大分県,オオイタケン,Oita,,,,中津市,ナカツシ,Nakatsu-shi,,,,大字蛎瀬,オオアザカキゼ,Kakize,,,,,,,,0,0,0,0,0,0,1,1,1947-04-17,,0,8710007,
442038,0013157,3,大分県,オオイタケン,Oita,,,,中津市,ナカツシ,Nakatsu-shi,,,,大字蛎瀬,オオアザカキゼ,,,,,蛭子町３丁目,,,,0,0,0,1,0,0,1,0,1947-04-17,,1,,
442038,0014000,1,大分県,オオイタケン,Oita,,,,中津市,ナカツシ,Nakatsu-shi,,,,大字加来,オオアザカク,Kaku,,,,,,,,0,0,0,0,0,0,1,1,1947-04-17,,0,8710152,
442038,0015000,1,大分県,オオイタケン,Oita,,,,中津市,ナカツシ,Nakatsu-shi,,,,大字金手,オオアザカナテ,Kanate,,,,,,,,0,0,0,0,0,0,1,1,1947-04-17,,0,8710013,
442038,0016000,1,大分県,オオイタケン,Oita,,,,中津市,ナカツシ,Nakatsu-shi,,,,大字上池永,オオアザカミイケナガ,Kamiikenaga,,,,,,,,0,0,0,0,0,0,1,1,1947-04-17,,0,8710161,
442038,0016155,3,大分県,オオイタケン,Oita,,,,中津市,ナカツシ,Nakatsu-shi,,,,大字上池永,オオアザカミイケナガ,,,,,八幡町１,,,,0,0,0,1,0,0,1,0,1947-04-17,,1,,
442038,0017000,1,大分県,オオイタケン,Oita,,,,中津市,ナカツシ,Nakatsu-shi,,,,大字上如水,オオアザカミジョスイ,Kamijosui,,,,,,,,0,0,0,0,0,0,1,1,1947-04-17,,0,8710004,
442038,0018000,1,大分県,オオイタケン,Oita,,,,中津市,ナカツシ,Nakatsu-shi,,,,大字上宮永,オオアザカミミヤナガ,Kamimiyanaga,,,,,,,,0,0,0,0,0,0,1,1,1947-04-17,,0,8710027,
442038,0019000,1,大分県,オオイタケン,Oita,,,,中津市,ナカツシ,Nakatsu-shi,,,,大字北原,オオアザキタバル,Kitabaru,,,,,,,,0,0,0,0,0,0,1,1,1947-04-17,,0,8790113,
442038,0020000,1,大分県,オオイタケン,Oita,,,,中津市,ナカツシ,Nakatsu-shi,,,,大字是則,オオアザコレノリ,Korenori,,,,,,,,0,0,0,0,0,0,1,1,1947-04-17,,0,8710003,
442038,0021000,1,大分県,オオイタケン,Oita,,,,中津市,ナカツシ,Nakatsu-shi,,,,大字島田,オオアザシマタ,Shimata,,,,,,,,0,0,0,0,0,0,1,1,1947-04-17,,0,8710033,
442038,0021131,3,大分県,オオイタケン,Oita,,,,中津市,ナカツシ,Nakatsu-shi,,,,大字島田,オオアザシマタ,,,,,上宮永町２丁目北・南・栄町１丁目・２丁目,,,,0,0,0,1,0,0,1,0,1947-04-17,,1,,
442038,0021132,3,大分県,オオイタケン,Oita,,,,中津市,ナカツシ,Nakatsu-shi,,,,大字島田,オオアザシマタ,,,,,天神町・新天神町,,,,0,0,0,1,0,0,1,0,1947-04-17,,1,,
442038,0021133,3,大分県,オオイタケン,Oita,,,,中津市,ナカツシ,Nakatsu-shi,,,,大字島田,オオアザシマタ,,,,,宮島町,,,,0,0,0,1,0,0,1,0,1947-04-17,,1,,
442038,0021134,3,大分県,オオイタケン,Oita,,,,中津市,ナカツシ,Nakatsu-shi,,,,大字島田,オオアザシマタ,,,,,島田仲町,,,,0,0,0,1,0,0,1,0,1947-04-17,,1,,
442038,0021135,3,大分県,オオイタケン,Oita,,,,中津市,ナカツシ,Nakatsu-shi,,,,大字島田,オオアザシマタ,,,,,島田本町,,,,0,0,0,1,0,0,1,0,1947-04-17,,1,,
442038,0021136,3,大分県,オオイタケン,Oita,,,,中津市,ナカツシ,Nakatsu-shi,,,,大字島田,オオアザシマタ,,,,,日の出町,,,,0,0,0,1,0,0,1,0,1947-04-17,,1,,
442038,0021137,3,大分県,オオイタケン,Oita,,,,中津市,ナカツシ,Nakatsu-shi,,,,大字島田,オオアザシマタ,,,,,東本町,,,,0,0,0,1,0,0,1,0,1947-04-17,,1,,
442038,0021138,3,大分県,オオイタケン,Oita,,,,中津市,ナカツシ,Nakatsu-shi,,,,大字島田,オオアザシマタ,,,,,蛭子町１丁目・２丁目・３丁目,,,,0,0,0,1,0,0,1,0,1947-04-17,,1,,
442038,0021139,3,大分県,オオイタケン,Oita,,,,中津市,ナカツシ,Nakatsu-shi,,,,大字島田,オオアザシマタ,,,,,豊田町１丁目・２丁目・３丁目・４丁目,,,,0,0,0,1,0,0,1,0,1947-04-17,,1,,
442038,0022000,1,大分県,オオイタケン,Oita,,,,中津市,ナカツシ,Nakatsu-shi,,,,大字下池永,オオアザシモイケナガ,Shimoikenaga,,,,,,,,0,0,0,0,0,0,1,1,1947-04-17,,0,8710011,
442038,0023000,1,大分県,オオイタケン,Oita,,,,中津市,ナカツシ,Nakatsu-shi,,,,大字下宮永,オオアザシモミヤナガ,Shimomiyanaga,,,,,,,,0,0,0,0,0,0,1,1,1947-04-17,,0,8710029,
442038,0024000,1,大分県,オオイタケン,Oita,,,,中津市,ナカツシ,Nakatsu-shi,,,,大字全徳,オオアザゼントク,Zentoku,,,,,,,,0,0,0,0,0,0,1,1,1947-04-17,,0,8710002,
442038,0025000,1,大分県,オオイタケン,Oita,,,,中津市,ナカツシ,Nakatsu-shi,,,,大字大悟法,オオアザダイゴボウ,Daigobo,,,,,,,,0,0,0,0,0,0,1,1,1947-04-17,,0,8710151,
442038,0025134,3,大分県,オオイタケン,Oita,,,,中津市,ナカツシ,Nakatsu-shi,,,,大字大悟法,オオアザダイゴボウ,,,,,上如水２,,,,0,0,0,1,0,0,1,0,1947-04-17,,1,,
442038,0025135,3,大分県,オオイタケン,Oita,,,,中津市,ナカツシ,Nakatsu-shi,,,,大字大悟法,オオアザダイゴボウ,,,,,八幡町１・２,,,,0,0,0,1,0,0,1,0,1947-04-17,,1,,
442038,0025136,3,大分県,オオイタケン,Oita,,,,中津市,ナカツシ,Nakatsu-shi,,,,大字大悟法,オオアザダイゴボウ,,,,,大貞・大貞公園・大悟法１・２,,,,0,0,0,1,0,0,1,0,1947-04-17,,1,,
442038,0025137,3,大分県,オオイタケン,Oita,,,,中津市,ナカツシ,Nakatsu-shi,,,,大字大悟法,オオアザダイゴボウ,,,,,榊原１・２,,,,0,0,0,1,0,0,1,0,1947-04-17,,1,,
442038,0026000,1,大分県,オオイタケン,Oita,,,,中津市,ナカツシ,Nakatsu-shi,,,,大字高瀬,オオアザタカセ,Takase,,,,,,,,0,0,0,0,0,0,1,1,1947-04-17,,0,8710026,
442038,0027000,1,大分県,オオイタケン,Oita,,,,中津市,ナカツシ,Nakatsu-shi,,,,大字田尻,オオアザタジリ,Tajiri,,,,,,,,0,0,0,0,0,0,1,1,1947-04-17,,0,8790123,
442038,0028000,1,大分県,オオイタケン,Oita,,,,中津市,ナカツシ,Nakatsu-shi,,,,大字田尻崎,オオアザタジリザキ,Tajirizaki,,,,,,,,0,0,0,0,0,0,1,1,1947-04-17,,0,8790124,
442038,0029000,1,大分県,オオイタケン,Oita,,,,中津市,ナカツシ,Nakatsu-shi,,,,大字角木,オオアザツノギ,Tsunogi,,,,,,,,0,0,0,0,0,0,1,0,1947-04-17,,0,8710091,
442038,0029151,3,大分県,オオイタケン,Oita,,,,中津市,ナカツシ,Nakatsu-shi,,,,大字角木,オオアザツノギ,,,,,下正路町,,,,0,0,0,1,0,0,1,0,1947-04-17,,1,,
442038,0029152,3,大分県,オオイタケン,Oita,,,,中津市,ナカツシ,Nakatsu-shi,,,,大字角木,オオアザツノギ,,,,,北浦町,,,,0,0,0,1,0,0,1,0,1947-04-17,,1,,
442038,0029153,3,大分県,オオイタケン,Oita,,,,中津市,ナカツシ,Nakatsu-shi,,,,大字角木,オオアザツノギ,,,,,大塚・新大塚・闇無・北新地,,,,0,0,0,1,0,0,1,0,1947-04-17,,1,,
442038,0029154,3,大分県,オオイタケン,Oita,,,,中津市,ナカツシ,Nakatsu-shi,,,,大字角木,オオアザツノギ,,,,,竜王町,,,,0,0,0,1,0,0,1,0,1947-04-17,,1,,
442038,0029155,3,大分県,オオイタケン,Oita,,,,中津市,ナカツシ,Nakatsu-shi,,,,大字角木,オオアザツノギ,,,,,角木新町,,,,0,0,0,1,0,0,1,0,1947-04-17,,1,,
442038,0029156,3,大分県,オオイタケン,Oita,,,,中津市,ナカツシ,Nakatsu-shi,,,,大字角木,オオアザツノギ,,,,,角木町,,,,0,0,0,1,0,0,1,0,1947-04-17,,1,,
442038,0030000,1,大分県,オオイタケン,Oita,,,,中津市,ナカツシ,Nakatsu-shi,,,,大字永添,オオアザナガソエ,Nagasoe,,,,,,,,0,0,0,0,0,0,1,1,1947-04-17,,0,8710162,
442038,0030179,3,大分県,オオイタケン,Oita,,,,中津市,ナカツシ,Nakatsu-shi,,,,大字永添,オオアザナガソエ,,,,,古城１・２,,,,0,0,0,1,0,0,1,0,1947-04-17,,1,,
442038,0031000,1,大分県,オオイタケン,Oita,,,,中津市,ナカツシ,Nakatsu-shi,,,,大字中殿,オオアザナカドノ,Nakadono,,,,,,,,0,0,0,0,0,0,1,1,1947-04-17,,0,8710031,
442038,0031138,3,大分県,オオイタケン,Oita,,,,中津市,ナカツシ,Nakatsu-shi,,,,大字中殿,オオアザナカドノ,,,,,蛭子町１丁目,,,,0,0,0,1,0,0,1,0,1947-04-17,,1,,
442038,0032000,1,大分県,オオイタケン,Oita,,,,中津市,ナカツシ,Nakatsu-shi,,,,大字中原,オオアザナカバル,Nakabaru,,,,,,,,0,0,0,0,0,0,1,1,1947-04-17,,0,8710157,
442038,0032124,3,大分県,オオイタケン,Oita,,,,中津市,ナカツシ,Nakatsu-shi,,,,大字中原,オオアザナカバル,,,,,上如水５,,,,0,0,0,1,0,0,1,0,1947-04-17,,1,,
442038,0032125,3,大分県,オオイタケン,Oita,,,,中津市,ナカツシ,Nakatsu-shi,,,,大字中原,オオアザナカバル,,,,,上如水１・中原・大悟法１,,,,0,0,0,1,0,0,1,0,1947-04-17,,1,,
442038,0032126,3,大分県,オオイタケン,Oita,,,,中津市,ナカツシ,Nakatsu-shi,,,,大字中原,オオアザナカバル,,,,,八幡町１・２,,,,0,0,0,1,0,0,1,0,1947-04-17,,1,,
442038,0032127,3,大分県,オオイタケン,Oita,,,,中津市,ナカツシ,Nakatsu-shi,,,,大字中原,オオアザナカバル,,,,,榊原１・２,,,,0,0,0,1,0,0,1,0,1947-04-17,,1,,
442038,0033000,1,大分県,オオイタケン,Oita,,,,中津市,ナカツシ,Nakatsu-shi,,,,大字鍋島,オオアザナベシマ,Nabeshima,,,,,,,,0,0,0,0,0,0,1,1,1947-04-17,,0,8790102,
442038,0034000,1,大分県,オオイタケン,Oita,,,,中津市,ナカツシ,Nakatsu-shi,,,,大字野依,オオアザノヨリ,Noyori,,,,,,,,0,0,0,0,0,0,1,1,1947-04-17,,0,8790104,
442038,0035000,1,大分県,オオイタケン,Oita,,,,中津市,ナカツシ,Nakatsu-shi,,,,大字東浜,オオアザヒガシハマ,Higashihama,,,,,,,,0,0,0,0,0,0,1,1,1947-04-17,,0,8710006,
442038,0036000,1,大分県,オオイタケン,Oita,,,,中津市,ナカツシ,Nakatsu-shi,,,,大字一ツ松,オオアザヒトツマツ,Hitotsumatsu,,,,,,,,0,0,0,0,0,0,1,1,1947-04-17,,0,8710014,
442038,0037000,1,大分県,オオイタケン,Oita,,,,中津市,ナカツシ,Nakatsu-shi,,,,大字福島,オオアザフクシマ,Fukushima,,,,,,,,0,0,0,0,0,0,1,1,1947-04-17,,0,8790112,
442038,0038000,1,大分県,オオイタケン,Oita,,,,中津市,ナカツシ,Nakatsu-shi,,,,大字万田,オオアザマンダ,Manda,,,,,,,,0,0,0,0,0,0,1,1,1947-04-17,,0,8710025,
442038,0039000,1,大分県,オオイタケン,Oita,,,,中津市,ナカツシ,Nakatsu-shi,,,,大字宮夫,オオアザミヤブ,Miyabu,,,,,,,,0,0,0,0,0,0,1,1,1947-04-17,,0,8710012,
442038,0040000,1,大分県,オオイタケン,Oita,,,,中津市,ナカツシ,Nakatsu-shi,,,,大字湯屋,オオアザユヤ,Yuya,,,,,,,,0,0,0,0,0,0,1,1,1947-04-17,,0,8710023,
442038,0041001,2,大分県,オオイタケン,Oita,,,,中津市,ナカツシ,Nakatsu-shi,,,,沖代町,オキダイマチ,Okidaimachi,１丁目,１チョウメ,1,,,,,1,1,0,0,0,0,1,1,1947-04-17,,0,,
442038,0041002,2,大分県,オオイタケン,Oita,,,,中津市,ナカツシ,Nakatsu-shi,,,,沖代町,オキダイマチ,Okidaimachi,２丁目,２チョウメ,2,,,,,1,1,0,0,0,0,1,1,1947-04-17,,0,,
442038,0042000,1,大分県,オオイタケン,Oita,,,,中津市,ナカツシ,Nakatsu-shi,,,,三光諌山,サンコウイサヤマ,Sanko Isayama,,,,,,,,0,0,0,0,0,0,1,1,1947-04-17,,0,8710104,
442038,0043000,1,大分県,オオイタケン,Oita,,,,中津市,ナカツシ,Nakatsu-shi,,,,三光臼木,サンコウウスギ,Sanko Usugi,,,,,,,,0,0,0,0,0,0,1,1,1947-04-17,,0,8710112,
442038,0044000,1,大分県,オオイタケン,Oita,,,,中津市,ナカツシ,Nakatsu-shi,,,,三光小袋,サンコウオブクロ,Sanko Obukuro,,,,,,,,0,0,0,0,0,0,1,1,1947-04-17,,0,8710114,
442038,0045000,1,大分県,オオイタケン,Oita,,,,中津市,ナカツシ,Nakatsu-shi,,,,三光上深水,サンコウカミフコウズ,Sanko Kamifukozu,,,,,,,,0,0,0,0,0,0,1,1,1947-04-17,,0,8790225,
442038,0046000,1,大分県,オオイタケン,Oita,,,,中津市,ナカツシ,Nakatsu-shi,,,,三光上秣,サンコウカミマクサ,Sanko Kamimakusa,,,,,,,,0,0,0,0,0,0,1,1,1947-04-17,,0,8790221,
442038,0047000,1,大分県,オオイタケン,Oita,,,,中津市,ナカツシ,Nakatsu-shi,,,,三光佐知,サンコウサチ,Sanko Sachi,,,,,,,,0,0,0,0,0,0,1,1,1947-04-17,,0,8710111,
442038,0048000,1,大分県,オオイタケン,Oita,,,,中津市,ナカツシ,Nakatsu-shi,,,,三光下深水,サンコウシモフコウズ,Sanko Shimofukozu,,,,,,,,0,0,0,0,0,0,1,1,1947-04-17,,0,8790224,
442038,0049000,1,大分県,オオイタケン,Oita,,,,中津市,ナカツシ,Nakatsu-shi,,,,三光下秣,サンコウシモマクサ,Sanko Shimomakusa,,,,,,,,0,0,0,0,0,0,1,1,1947-04-17,,0,8790223,
442038,0050000,1,大分県,オオイタケン,Oita,,,,中津市,ナカツシ,Nakatsu-shi,,,,三光田口,サンコウタグチ,Sanko Taguchi,,,,,,,,0,0,0,0,0,0,1,1,1947-04-17,,0,8710103,
442038,0051000,1,大分県,オオイタケン,Oita,,,,中津市,ナカツシ,Nakatsu-shi,,,,三光土田,サンコウツチダ,Sanko Tsuchida,,,,,,,,0,0,0,0,0,0,1,1,1947-04-17,,0,8710113,
442038,0052000,1,大分県,オオイタケン,Oita,,,,中津市,ナカツシ,Nakatsu-shi,,,,三光成恒,サンコウナリツネ,Sanko Naritsune,,,,,,,,0,0,0,0,0,0,1,1,1947-04-17,,0,8710102,
442038,0053000,1,大分県,オオイタケン,Oita,,,,中津市,ナカツシ,Nakatsu-shi,,,,三光西秣,サンコウニシマクサ,Sanko Nishimakusa,,,,,,,,0,0,0,0,0,0,1,1,1947-04-17,,0,8790222,
442038,0054000,1,大分県,オオイタケン,Oita,,,,中津市,ナカツシ,Nakatsu-shi,,,,三光原口,サンコウハラグチ,Sanko Haraguchi,,,,,,,,0,0,0,0,0,0,1,1,1947-04-17,,0,8710105,
442038,0055000,1,大分県,オオイタケン,Oita,,,,中津市,ナカツシ,Nakatsu-shi,,,,三光森山,サンコウモリヤマ,Sanko Moriyama,,,,,,,,0,0,0,0,0,0,1,1,1947-04-17,,0,8710101,
442038,0056000,1,大分県,オオイタケン,Oita,,,,中津市,ナカツシ,Nakatsu-shi,,,,島田本町,シマダホンマチ,Shimata Hommachi,,,,,,,,0,0,0,0,0,0,1,1,1947-04-17,,0,8710036,
442038,0057001,2,大分県,オオイタケン,Oita,,,,中津市,ナカツシ,Nakatsu-shi,,,,中央町,チュウオウマチ,Chuomachi,１丁目,１チョウメ,1,,,,,1,1,0,0,0,0,1,1,1947-04-17,,0,,
442038,0057002,2,大分県,オオイタケン,Oita,,,,中津市,ナカツシ,Nakatsu-shi,,,,中央町,チュウオウマチ,Chuomachi,２丁目,２チョウメ,2,,,,,1,1,0,0,0,0,1,1,1947-04-17,,0,,
442038,0058000,1,大分県,オオイタケン,Oita,,,,中津市,ナカツシ,Nakatsu-shi,,,,天神町,テンジンマチ,Tenjimmachi,,,,,,,,0,0,0,0,0,0,1,1,1947-04-17,,0,8710039,
442038,0059000,1,大分県,オオイタケン,Oita,,,,中津市,ナカツシ,Nakatsu-shi,,,,豊田町,トヨダマチ,Toyodamachi,,,,,,,,0,0,0,0,0,0,1,1,1947-04-17,,0,8710058,
442038,0060003,2,大分県,オオイタケン,Oita,,,,中津市,ナカツシ,Nakatsu-shi,,,,中殿町,ナカドノマチ,Nakadonomachi,３丁目,３チョウメ,3,,,,,0,0,0,0,0,0,1,1,1947-04-17,,0,,
442038,0060004,2,大分県,オオイタケン,Oita,,,,中津市,ナカツシ,Nakatsu-shi,,,,中殿町,ナカドノマチ,Nakadonomachi,４丁目,４チョウメ,4,,,,,0,0,0,0,0,0,1,1,1947-04-17,,0,,
442038,0061000,1,大分県,オオイタケン,Oita,,,,中津市,ナカツシ,Nakatsu-shi,,,,東本町,ヒガシホンマチ,Higashihommachi,,,,,,,,0,0,0,0,0,0,1,1,1947-04-17,,0,8710032,
442038,0062000,1,大分県,オオイタケン,Oita,,,,中津市,ナカツシ,Nakatsu-shi,,,,本耶馬渓町跡田,ホンヤバケイマチアトダ,Honyabakeimachi Atoda,,,,,,,,0,0,0,0,0,0,1,1,1947-04-17,,0,8710311,
442038,0063000,1,大分県,オオイタケン,Oita,,,,中津市,ナカツシ,Nakatsu-shi,,,,本耶馬渓町今行,ホンヤバケイマチイマユク,Honyabakeimachi Imayuku,,,,,,,,0,0,0,0,0,0,1,1,1947-04-17,,0,8710206,
442038,0064000,1,大分県,オオイタケン,Oita,,,,中津市,ナカツシ,Nakatsu-shi,,,,本耶馬渓町落合,ホンヤバケイマチオチアイ,Honyabakeimachi Ochiai,,,,,,,,0,0,0,0,0,0,1,1,1947-04-17,,0,8710313,
442038,0065000,1,大分県,オオイタケン,Oita,,,,中津市,ナカツシ,Nakatsu-shi,,,,本耶馬渓町折元,ホンヤバケイマチオリモト,Honyabakeimachi Orimoto,,,,,,,,0,0,0,0,0,0,1,1,1947-04-17,,0,8710312,
442038,0066000,1,大分県,オオイタケン,Oita,,,,中津市,ナカツシ,Nakatsu-shi,,,,本耶馬渓町冠石野,ホンヤバケイマチカブシノ,Honyabakeimachi Kabushino,,,,,,,,0,0,0,0,0,0,1,1,1947-04-17,,0,8710204,
442038,0067000,1,大分県,オオイタケン,Oita,,,,中津市,ナカツシ,Nakatsu-shi,,,,本耶馬渓町下屋形,ホンヤバケイマチシモヤカタ,Honyabakeimachi Shimoyakata,,,,,,,,0,0,0,0,0,0,1,1,1947-04-17,,0,8710205,
442038,0068000,1,大分県,オオイタケン,Oita,,,,中津市,ナカツシ,Nakatsu-shi,,,,本耶馬渓町曽木,ホンヤバケイマチソギ,Honyabakeimachi Sogi,,,,,,,,0,0,0,0,0,0,1,1,1947-04-17,,0,8710202,
442038,0069000,1,大分県,オオイタケン,Oita,,,,中津市,ナカツシ,Nakatsu-shi,,,,本耶馬渓町多志田,ホンヤバケイマチタシダ,Honyabakeimachi Tashida,,,,,,,,0,0,0,0,0,0,1,1,1947-04-17,,0,8710203,
442038,0070000,1,大分県,オオイタケン,Oita,,,,中津市,ナカツシ,Nakatsu-shi,,,,本耶馬渓町西谷,ホンヤバケイマチニシタニ,Honyabakeimachi Nishitani,,,,,,,,0,0,0,0,0,0,1,1,1947-04-17,,0,8710314,
442038,0071000,1,大分県,オオイタケン,Oita,,,,中津市,ナカツシ,Nakatsu-shi,,,,本耶馬渓町西屋形,ホンヤバケイマチニシヤカタ,Honyabakeimachi Nishiyakata,,,,,,,,0,0,0,0,0,0,1,1,1947-04-17,,0,8710208,
442038,0072000,1,大分県,オオイタケン,Oita,,,,中津市,ナカツシ,Nakatsu-shi,,,,本耶馬渓町東谷,ホンヤバケイマチヒガシタニ,Honyabakeimachi Higashitani,,,,,,,,0,0,0,0,0,0,1,1,1947-04-17,,0,8710315,
442038,0073000,1,大分県,オオイタケン,Oita,,,,中津市,ナカツシ,Nakatsu-shi,,,,本耶馬渓町東屋形,ホンヤバケイマチヒガシヤカタ,Honyabakeimachi Higashiyakata,,,,,,,,0,0,0,0,0,0,1,1,1947-04-17,,0,8710207,
442038,0074000,1,大分県,オオイタケン,Oita,,,,中津市,ナカツシ,Nakatsu-shi,,,,本耶馬渓町樋田,ホンヤバケイマチヒダ,Honyabakeimachi Hida,,,,,,,,0,0,0,0,0,0,1,1,1947-04-17,,0,8710201,
442038,0075000,1,大分県,オオイタケン,Oita,,,,中津市,ナカツシ,Nakatsu-shi,,,,丸山町,マルヤマチョウ,Maruyamacho,,,,,,,,0,0,0,0,0,0,1,1,1947-04-17,,0,8710047,
442038,0076000,1,大分県,オオイタケン,Oita,,,,中津市,ナカツシ,Nakatsu-shi,,,,宮島町,ミヤジママチ,Miyajimamachi,,,,,,,,0,0,0,0,0,0,1,1,1947-04-17,,0,8710037,
442038,0077000,1,大分県,オオイタケン,Oita,,,,中津市,ナカツシ,Nakatsu-shi,,,,耶馬溪町大字大島,ヤバケイマチオオアザオオシマ,,,,,,,,,0,0,0,0,0,0,1,1,1947-04-17,,0,,
442038,0078000,1,大分県,オオイタケン,Oita,,,,中津市,ナカツシ,Nakatsu-shi,,,,耶馬溪町大字大野,ヤバケイマチオオアザオオノ,,,,,,,,,0,0,0,0,0,0,1,1,1947-04-17,,0,,
442038,0079000,1,大分県,オオイタケン,Oita,,,,中津市,ナカツシ,Nakatsu-shi,,,,耶馬溪町大字小友田,ヤバケイマチオオアザオトモダ,,,,,,,,,0,0,0,0,0,0,1,1,1947-04-17,,0,,
442038,0080000,1,大分県,オオイタケン,Oita,,,,中津市,ナカツシ,Nakatsu-shi,,,,耶馬溪町大字柿坂,ヤバケイマチオオアザカキサカ,,,,,,,,,0,0,0,0,0,0,1,1,1947-04-17,,0,,
442038,0081000,1,大分県,オオイタケン,Oita,,,,中津市,ナカツシ,Nakatsu-shi,,,,耶馬溪町大字金吉,ヤバケイマチオオアザカナヨシ,,,,,,,,,0,0,0,0,0,0,1,1,1947-04-17,,0,,
442038,0082000,1,大分県,オオイタケン,Oita,,,,中津市,ナカツシ,Nakatsu-shi,,,,耶馬溪町大字冠石野,ヤバケイマチオオアザカブシノ,,,,,,,,,0,0,0,0,0,0,1,1,1947-04-17,,0,,
442038,0083000,1,大分県,オオイタケン,Oita,,,,中津市,ナカツシ,Nakatsu-shi,,,,耶馬溪町大字川原口,ヤバケイマチオオアザカワハラグチ,,,,,,,,,0,0,0,0,0,0,1,1,1947-04-17,,0,,
442038,0084000,1,大分県,オオイタケン,Oita,,,,中津市,ナカツシ,Nakatsu-shi,,,,耶馬溪町大字深耶馬,ヤバケイマチオオアザシンヤバ,,,,,,,,,0,0,0,0,0,0,1,1,1947-04-17,,0,,
442038,0085000,1,大分県,オオイタケン,Oita,,,,中津市,ナカツシ,Nakatsu-shi,,,,耶馬溪町大字多志田,ヤバケイマチオオアザタシダ,,,,,,,,,0,0,0,0,0,0,1,1,1947-04-17,,0,,
442038,0086000,1,大分県,オオイタケン,Oita,,,,中津市,ナカツシ,Nakatsu-shi,,,,耶馬溪町大字栃木,ヤバケイマチオオアザトチギ,,,,,,,,,0,0,0,0,0,0,1,1,1947-04-17,,0,,
442038,0087000,1,大分県,オオイタケン,Oita,,,,中津市,ナカツシ,Nakatsu-shi,,,,耶馬溪町大字戸原,ヤバケイマチオオアザトバル,,,,,,,,,0,0,0,0,0,0,1,1,1947-04-17,,0,,
442038,0088000,1,大分県,オオイタケン,Oita,,,,中津市,ナカツシ,Nakatsu-shi,,,,耶馬溪町大字中畑,ヤバケイマチオオアザナカハタ,,,,,,,,,0,0,0,0,0,0,1,1,1947-04-17,,0,,
442038,0089000,1,大分県,オオイタケン,Oita,,,,中津市,ナカツシ,Nakatsu-shi,,,,耶馬溪町大字樋山路,ヤバケイマチオオアザヒヤマジ,,,,,,,,,0,0,0,0,0,0,1,1,1947-04-17,,0,,
442038,0090000,1,大分県,オオイタケン,Oita,,,,中津市,ナカツシ,Nakatsu-shi,,,,耶馬溪町大字平田,ヤバケイマチオオアザヒラタ,,,,,,,,,0,0,0,0,0,0,1,1,1947-04-17,,0,,
442038,0091000,1,大分県,オオイタケン,Oita,,,,中津市,ナカツシ,Nakatsu-shi,,,,耶馬溪町大字福土,ヤバケイマチオオアザフクツチ,,,,,,,,,0,0,0,0,0,0,1,1,1947-04-17,,0,,
442038,0092000,1,大分県,オオイタケン,Oita,,,,中津市,ナカツシ,Nakatsu-shi,,,,耶馬溪町大字三尾母,ヤバケイマチオオアザミオモ,,,,,,,,,0,0,0,0,0,0,1,1,1947-04-17,,0,,
442038,0093000,1,大分県,オオイタケン,Oita,,,,中津市,ナカツシ,Nakatsu-shi,,,,耶馬溪町大字宮園,ヤバケイマチオオアザミヤゾノ,,,,,,,,,0,0,0,0,0,0,1,1,1947-04-17,,0,,
442038,0094000,1,大分県,オオイタケン,Oita,,,,中津市,ナカツシ,Nakatsu-shi,,,,耶馬溪町大字山移,ヤバケイマチオオアザヤマウツリ,,,,,,,,,0,0,0,0,0,0,1,1,1947-04-17,,0,,
442038,0095000,1,大分県,オオイタケン,Oita,,,,中津市,ナカツシ,Nakatsu-shi,,,,山国町宇曽,ヤマクニマチウソ,Yamakunimachi Uso,,,,,,,,0,0,0,0,0,0,1,1,1947-04-17,,0,8710715,
442038,0096000,1,大分県,オオイタケン,Oita,,,,中津市,ナカツシ,Nakatsu-shi,,,,山国町草本,ヤマクニマチクサモト,Yamakunimachi Kusamoto,,,,,,,,0,0,0,0,0,0,1,1,1947-04-17,,0,8710702,
442038,0097000,1,大分県,オオイタケン,Oita,,,,中津市,ナカツシ,Nakatsu-shi,,,,山国町小屋川,ヤマクニマチコヤガワ,Yamakunimachi Koyagawa,,,,,,,,0,0,0,0,0,0,1,1,1947-04-17,,0,8710703,
442038,0098000,1,大分県,オオイタケン,Oita,,,,中津市,ナカツシ,Nakatsu-shi,,,,山国町槻木,ヤマクニマチツキノキ,Yamakunimachi Tsukinoki,,,,,,,,0,0,0,0,0,0,1,1,1947-04-17,,0,8710701,
442038,0099000,1,大分県,オオイタケン,Oita,,,,中津市,ナカツシ,Nakatsu-shi,,,,山国町長尾野,ヤマクニマチナガオノ,Yamakunimachi Nagaono,,,,,,,,0,0,0,0,0,0,1,1,1947-04-17,,0,8710714,
442038,0100000,1,大分県,オオイタケン,Oita,,,,中津市,ナカツシ,Nakatsu-shi,,,,山国町中摩,ヤマクニマチナカマ,Yamakunimachi Nakama,,,,,,,,0,0,0,0,0,0,1,1,1947-04-17,,0,8710716,
442038,0101000,1,大分県,オオイタケン,Oita,,,,中津市,ナカツシ,Nakatsu-shi,,,,山国町平小野,ヤマクニマチヒラオノ,Yamakunimachi Hiraono,,,,,,,,0,0,0,0,0,0,1,1,1947-04-17,,0,8710711,
442038,0102000,1,大分県,オオイタケン,Oita,,,,中津市,ナカツシ,Nakatsu-shi,,,,山国町藤野木,ヤマクニマチフジノキ,Yamakunimachi Fujinoki,,,,,,,,0,0,0,0,0,0,1,1,1947-04-17,,0,8710713,
442038,0103000,1,大分県,オオイタケン,Oita,,,,中津市,ナカツシ,Nakatsu-shi,,,,山国町守実,ヤマクニマチモリザネ,Yamakunimachi Morizane,,,,,,,,0,0,0,0,0,0,1,1,1947-04-17,,0,8710712,
442038,0104000,1,大分県,オオイタケン,Oita,,,,中津市,ナカツシ,Nakatsu-shi,,,,山国町吉野,ヤマクニマチヨシノ,Yamakunimachi Yoshino,,,,,,,,0,0,0,0,0,0,1,1,1947-04-17,,0,8710704,
442038,0105000,1,大分県,オオイタケン,Oita,,,,中津市,ナカツシ,Nakatsu-shi,,,,大字赤迫,オオアザアカサコ,Akasako,,,,,,,,0,0,0,0,0,0,1,1,1947-04-17,,0,8790106,
442038,0106000,1,大分県,オオイタケン,Oita,,,,中津市,ナカツシ,Nakatsu-shi,,,,大字犬丸,オオアザイヌマル,Inumaru,,,,,,,,0,0,0,0,0,0,1,1,1947-04-17,,0,8790105,
442038,0107000,1,大分県,オオイタケン,Oita,,,,中津市,ナカツシ,Nakatsu-shi,,,,大字定留,オオアザサダノミ,Sadanomi,,,,,,,,0,0,0,0,0,0,1,1,1947-04-17,,0,8790122,
442038,0108000,1,大分県,オオイタケン,Oita,,,,中津市,ナカツシ,Nakatsu-shi,,,,大字諸田,オオアザモロタ,Morota,,,,,,,,0,0,0,0,0,0,1,1,1947-04-17,,0,8790121,
442038,0109000,1,大分県,オオイタケン,Oita,,,,中津市,ナカツシ,Nakatsu-shi,,,,小祝新町,コイワイシンマチ,Koiwaishimmachi,,,,,,,,0,0,0,0,0,0,1,1,1947-04-17,,0,8710080,
442038,0110000,1,大分県,オオイタケン,Oita,,,,中津市,ナカツシ,Nakatsu-shi,,,,大字昭和新田,オオアザショウワシンデン,Showashinden,,,,,,,,0,0,0,0,0,0,1,1,1947-04-17,,0,8790107,
442038,0112102,3,大分県,オオイタケン,Oita,,,,中津市,ナカツシ,Nakatsu-shi,,,,大字上如水,オオアザカミジョスイ,,,,,榊原２,,,,0,0,0,1,0,0,1,0,1947-04-17,,1,,
442046,0000101,3,大分県,オオイタケン,Oita,,,,日田市,ヒタシ,Hita-shi,,,,,,,,,,ふるや台,フルヤダイ,,,0,0,0,1,0,0,0,0,1947-04-17,,0,,
442046,0000102,3,大分県,オオイタケン,Oita,,,,日田市,ヒタシ,Hita-shi,,,,,,,,,,旭ケ丘,アサヒガオカ,,,0,0,0,1,0,0,0,0,1947-04-17,,0,,
442046,0000103,3,大分県,オオイタケン,Oita,,,,日田市,ヒタシ,Hita-shi,,,,,,,,,,井場迫,イバンサコ,,,0,0,0,1,0,0,0,0,1947-04-17,,0,,
442046,0000104,3,大分県,オオイタケン,Oita,,,,日田市,ヒタシ,Hita-shi,,,,,,,,,,一手野,ヒトテノ,,,0,0,0,1,0,0,0,0,1947-04-17,,0,,
442046,0000105,3,大分県,オオイタケン,Oita,,,,日田市,ヒタシ,Hita-shi,,,,,,,,,,芋作,イモツクリ,,,0,0,0,1,0,0,0,0,1947-04-17,,0,,
442046,0000106,3,大分県,オオイタケン,Oita,,,,日田市,ヒタシ,Hita-shi,,,,,,,,,,引野,ヒキノ,,,0,0,0,1,0,0,0,0,1947-04-17,,0,,
442046,0000107,3,大分県,オオイタケン,Oita,,,,日田市,ヒタシ,Hita-shi,,,,,,,,,,隠田,カクレダ,,,0,0,0,1,0,0,0,0,1947-04-17,,0,,
442046,0000108,3,大分県,オオイタケン,Oita,,,,日田市,ヒタシ,Hita-shi,,,,,,,,,,宇土,ウド,,,0,0,0,1,0,0,0,0,1947-04-17,,0,,
442046,0000109,3,大分県,オオイタケン,Oita,,,,日田市,ヒタシ,Hita-shi,,,,,,,,,,宇遊野,ウユノ,,,0,0,0,1,0,0,0,0,1947-04-17,,0,,
442046,0000110,3,大分県,オオイタケン,Oita,,,,日田市,ヒタシ,Hita-shi,,,,,,,,,,羽田町,ハタマチ,Hatamachi,,0,0,0,1,0,0,0,0,1947-04-17,,0,8771384,
442046,0000111,3,大分県,オオイタケン,Oita,,,,日田市,ヒタシ,Hita-shi,,,,,,,,,,浦,ウラ,,,0,0,0,1,0,0,0,0,1947-04-17,,0,,
442046,0000112,3,大分県,オオイタケン,Oita,,,,日田市,ヒタシ,Hita-shi,,,,,,,,,,浦の寺,ウラノテラ,,,0,0,0,1,0,0,0,0,1947-04-17,,0,,
442046,0000113,3,大分県,オオイタケン,Oita,,,,日田市,ヒタシ,Hita-shi,,,,,,,,,,永野,ナガノ,,,0,0,0,1,0,0,0,0,1947-04-17,,0,,
442046,0000114,3,大分県,オオイタケン,Oita,,,,日田市,ヒタシ,Hita-shi,,,,,,,,,,榎釣,エノキヅル,,,0,0,0,1,0,0,0,0,1947-04-17,,0,,
442046,0000115,3,大分県,オオイタケン,Oita,,,,日田市,ヒタシ,Hita-shi,,,,,,,,,,榎迫,エノキサコ,,,0,0,0,1,0,0,0,0,1947-04-17,,0,,
442046,0000116,3,大分県,オオイタケン,Oita,,,,日田市,ヒタシ,Hita-shi,,,,,,,,,,塩井,シオイ,,,0,0,0,1,0,0,0,0,1947-04-17,,0,,
442046,0000117,3,大分県,オオイタケン,Oita,,,,日田市,ヒタシ,Hita-shi,,,,,,,,,,奥畑,オクバタ,,,0,0,0,1,0,0,0,0,1947-04-17,,0,,
442046,0000118,3,大分県,オオイタケン,Oita,,,,日田市,ヒタシ,Hita-shi,,,,,,,,,,横手,ヨコテ,,,0,0,0,1,0,0,0,0,1947-04-17,,0,,
442046,0000119,3,大分県,オオイタケン,Oita,,,,日田市,ヒタシ,Hita-shi,,,,,,,,,,横畑,ヨコバタ,,,0,0,0,1,0,0,0,0,1947-04-17,,0,,
442046,0000120,3,大分県,オオイタケン,Oita,,,,日田市,ヒタシ,Hita-shi,,,,,,,,,,下の谷,シモノタニ,,,0,0,0,1,0,0,0,0,1947-04-17,,0,,
442046,0000121,3,大分県,オオイタケン,Oita,,,,日田市,ヒタシ,Hita-shi,,,,,,,,,,下ノ釣,シモノツル,,,0,0,0,1,0,0,0,0,1947-04-17,,0,,
442046,0000122,3,大分県,オオイタケン,Oita,,,,日田市,ヒタシ,Hita-shi,,,,,,,,,,下一ッ戸,シモヒトツド,,,0,0,0,1,0,0,0,0,1947-04-17,,0,,
442046,0000123,3,大分県,オオイタケン,Oita,,,,日田市,ヒタシ,Hita-shi,,,,,,,,,,下河内,シモカワウチ,,,0,0,0,1,0,0,0,0,1947-04-17,,0,,
442046,0000124,3,大分県,オオイタケン,Oita,,,,日田市,ヒタシ,Hita-shi,,,,,,,,,,下元組,シモモトグミ,,,0,0,0,1,0,0,0,0,1947-04-17,,0,,
442046,0000125,3,大分県,オオイタケン,Oita,,,,日田市,ヒタシ,Hita-shi,,,,,,,,,,下原,シモバル,,,0,0,0,1,0,0,0,0,1947-04-17,,0,,
442046,0000126,3,大分県,オオイタケン,Oita,,,,日田市,ヒタシ,Hita-shi,,,,,,,,,,下山,シモヤマ,,,0,0,0,1,0,0,0,0,1947-04-17,,0,,
442046,0000127,3,大分県,オオイタケン,Oita,,,,日田市,ヒタシ,Hita-shi,,,,,,,,,,下小竹,シモコダケ,,,0,0,0,1,0,0,0,0,1947-04-17,,0,,
442046,0000128,3,大分県,オオイタケン,Oita,,,,日田市,ヒタシ,Hita-shi,,,,,,,,,,下切,シモギリ,,,0,0,0,1,0,0,0,0,1947-04-17,,0,,
442046,0000129,3,大分県,オオイタケン,Oita,,,,日田市,ヒタシ,Hita-shi,,,,,,,,,,下川原,シモガワラ,,,0,0,0,1,0,0,0,0,1947-04-17,,0,,
442046,0000130,3,大分県,オオイタケン,Oita,,,,日田市,ヒタシ,Hita-shi,,,,,,,,,,下釣,シモヅル,,,0,0,0,1,0,0,0,0,1947-04-17,,0,,
442046,0000131,3,大分県,オオイタケン,Oita,,,,日田市,ヒタシ,Hita-shi,,,,,,,,,,下畑,シモハタ,,,0,0,0,1,0,0,0,0,1947-04-17,,0,,
442046,0000132,3,大分県,オオイタケン,Oita,,,,日田市,ヒタシ,Hita-shi,,,,,,,,,,下払,シモバライ,,,0,0,0,1,0,0,0,0,1947-04-17,,0,,
442046,0000133,3,大分県,オオイタケン,Oita,,,,日田市,ヒタシ,Hita-shi,,,,,,,,,,下林,シモバヤシ,,,0,0,0,1,0,0,0,0,1947-04-17,,0,,
442046,0000134,3,大分県,オオイタケン,Oita,,,,日田市,ヒタシ,Hita-shi,,,,,,,,,,仮迫,カリサコ,,,0,0,0,1,0,0,0,0,1947-04-17,,0,,
442046,0000135,3,大分県,オオイタケン,Oita,,,,日田市,ヒタシ,Hita-shi,,,,,,,,,,加峯,カブ,,,0,0,0,1,0,0,0,0,1947-04-17,,0,,
442046,0000136,3,大分県,オオイタケン,Oita,,,,日田市,ヒタシ,Hita-shi,,,,,,,,,,河内,カワチ,,,0,0,0,1,0,0,0,0,1947-04-17,,0,,
442046,0000137,3,大分県,オオイタケン,Oita,,,,日田市,ヒタシ,Hita-shi,,,,,,,,,,花香,ハナガ,,,0,0,0,1,0,0,0,0,1947-04-17,,0,,
442046,0000138,3,大分県,オオイタケン,Oita,,,,日田市,ヒタシ,Hita-shi,,,,,,,,,,花平,ハナビラ,,,0,0,0,1,0,0,0,0,1947-04-17,,0,,
442046,0000139,3,大分県,オオイタケン,Oita,,,,日田市,ヒタシ,Hita-shi,,,,,,,,,,柿ノ谷,カキノタニ,,,0,0,0,1,0,0,0,0,1947-04-17,,0,,
442046,0000140,3,大分県,オオイタケン,Oita,,,,日田市,ヒタシ,Hita-shi,,,,,,,,,,葛,ツヅラ,,,0,0,0,1,0,0,0,0,1947-04-17,,0,,
442046,0000141,3,大分県,オオイタケン,Oita,,,,日田市,ヒタシ,Hita-shi,,,,,,,,,,釜ヶ瀬,カマガセ,,,0,0,0,1,0,0,0,0,1947-04-17,,0,,
442046,0000142,3,大分県,オオイタケン,Oita,,,,日田市,ヒタシ,Hita-shi,,,,,,,,,,鎌手,カマデ,,,0,0,0,1,0,0,0,0,1947-04-17,,0,,
442046,0000143,3,大分県,オオイタケン,Oita,,,,日田市,ヒタシ,Hita-shi,,,,,,,,,,官谷,カンタニ,,,0,0,0,1,0,0,0,0,1947-04-17,,0,,
442046,0000144,3,大分県,オオイタケン,Oita,,,,日田市,ヒタシ,Hita-shi,,,,,,,,,,汗入場,アセイリバ,,,0,0,0,1,0,0,0,0,1947-04-17,,0,,
442046,0000145,3,大分県,オオイタケン,Oita,,,,日田市,ヒタシ,Hita-shi,,,,,,,,,,貫見,ヌクミ,,,0,0,0,1,0,0,0,0,1947-04-17,,0,,
442046,0000146,3,大分県,オオイタケン,Oita,,,,日田市,ヒタシ,Hita-shi,,,,,,,,,,間地,マヂ,,,0,0,0,1,0,0,0,0,1947-04-17,,0,,
442046,0000147,3,大分県,オオイタケン,Oita,,,,日田市,ヒタシ,Hita-shi,,,,,,,,,,丸蔵,マルゾウ,,,0,0,0,1,0,0,0,0,1947-04-17,,0,,
442046,0000148,3,大分県,オオイタケン,Oita,,,,日田市,ヒタシ,Hita-shi,,,,,,,,,,岩下,イワシタ,,,0,0,0,1,0,0,0,0,1947-04-17,,0,,
442046,0000149,3,大分県,オオイタケン,Oita,,,,日田市,ヒタシ,Hita-shi,,,,,,,,,,岩戸,イワド,,,0,0,0,1,0,0,0,0,1947-04-17,,0,,
442046,0000150,3,大分県,オオイタケン,Oita,,,,日田市,ヒタシ,Hita-shi,,,,,,,,,,岩美町,イワミマチ,Iwamimachi,,0,0,0,1,0,0,0,0,1947-04-17,,0,8771383,
442046,0000151,3,大分県,オオイタケン,Oita,,,,日田市,ヒタシ,Hita-shi,,,,,,,,,,亀川町,カメガワマチ,Kamegawamachi,,0,0,0,1,0,0,0,0,1947-04-17,,0,8770076,
442046,0000152,3,大分県,オオイタケン,Oita,,,,日田市,ヒタシ,Hita-shi,,,,,,,,,,吉ノ本,ヨシノモト,,,0,0,0,1,0,0,0,0,1947-04-17,,0,,
442046,0000153,3,大分県,オオイタケン,Oita,,,,日田市,ヒタシ,Hita-shi,,,,,,,,,,吉井,ヨシイ,,,0,0,0,1,0,0,0,0,1947-04-17,,0,,
442046,0000154,3,大分県,オオイタケン,Oita,,,,日田市,ヒタシ,Hita-shi,,,,,,,,,,吉原,ヨシワラ,,,0,0,0,1,0,0,0,0,1947-04-17,,0,,
442046,0000155,3,大分県,オオイタケン,Oita,,,,日田市,ヒタシ,Hita-shi,,,,,,,,,,吉竹,ヨシタケ,,,0,0,0,1,0,0,0,0,1947-04-17,,0,,
442046,0000156,3,大分県,オオイタケン,Oita,,,,日田市,ヒタシ,Hita-shi,,,,,,,,,,久栄谷,クエダニ,,,0,0,0,1,0,0,0,0,1947-04-17,,0,,
442046,0000157,3,大分県,オオイタケン,Oita,,,,日田市,ヒタシ,Hita-shi,,,,,,,,,,久保,クボ,,,0,0,0,1,0,0,0,0,1947-04-17,,0,,
442046,0000158,3,大分県,オオイタケン,Oita,,,,日田市,ヒタシ,Hita-shi,,,,,,,,,,久木野,ヒサギノ,,,0,0,0,1,0,0,0,0,1947-04-17,,0,,
442046,0000159,3,大分県,オオイタケン,Oita,,,,日田市,ヒタシ,Hita-shi,,,,,,,,,,宮ノ原,ミヤノハル,,,0,0,0,1,0,0,0,0,1947-04-17,,0,,
442046,0000160,3,大分県,オオイタケン,Oita,,,,日田市,ヒタシ,Hita-shi,,,,,,,,,,宮園,ミヤゾノ,,,0,0,0,1,0,0,0,0,1947-04-17,,0,,
442046,0000161,3,大分県,オオイタケン,Oita,,,,日田市,ヒタシ,Hita-shi,,,,,,,,,,宮原,ミヤバル,,,0,0,0,1,0,0,0,0,1947-04-17,,0,,
442046,0000162,3,大分県,オオイタケン,Oita,,,,日田市,ヒタシ,Hita-shi,,,,,,,,,,宮田,ミヤタ,,,0,0,0,1,0,0,0,0,1947-04-17,,0,,
442046,0000163,3,大分県,オオイタケン,Oita,,,,日田市,ヒタシ,Hita-shi,,,,,,,,,,宮尾,ミヤオ,,,0,0,0,1,0,0,0,0,1947-04-17,,0,,
442046,0000164,3,大分県,オオイタケン,Oita,,,,日田市,ヒタシ,Hita-shi,,,,,,,,,,求町,モトメマチ,Motomemachi,,0,0,0,1,0,0,0,0,1947-04-17,,0,8770021,
442046,0000165,3,大分県,オオイタケン,Oita,,,,日田市,ヒタシ,Hita-shi,,,,,,,,,,牛王,ゴオウ,,,0,0,0,1,0,0,0,0,1947-04-17,,0,,
442046,0000166,3,大分県,オオイタケン,Oita,,,,日田市,ヒタシ,Hita-shi,,,,,,,,,,京町,キョウマチ,Kyomachi,,0,0,0,1,0,0,0,0,1947-04-17,,0,8770051,
442046,0000167,3,大分県,オオイタケン,Oita,,,,日田市,ヒタシ,Hita-shi,,,,,,,,,,玉ノ木,タマノキ,,,0,0,0,1,0,0,0,0,1947-04-17,,0,,
442046,0000168,3,大分県,オオイタケン,Oita,,,,日田市,ヒタシ,Hita-shi,,,,,,,,,,玉川町,タマガワマチ,Tamagawamachi,,0,0,0,1,0,0,0,0,1947-04-17,,0,8770071,
442046,0000169,3,大分県,オオイタケン,Oita,,,,日田市,ヒタシ,Hita-shi,,,,,,,,,,桐尾,モトイリ,,,0,0,0,1,0,0,0,0,1947-04-17,,0,,
442046,0000170,3,大分県,オオイタケン,Oita,,,,日田市,ヒタシ,Hita-shi,,,,,,,,,,琴平町,コトヒラマチ,Kotohiramachi,,0,0,0,1,0,0,0,0,1947-04-17,,0,8770054,
442046,0000171,3,大分県,オオイタケン,Oita,,,,日田市,ヒタシ,Hita-shi,,,,,,,,,,近衛,コノエ,,,0,0,0,1,0,0,0,0,1947-04-17,,0,,
442046,0000172,3,大分県,オオイタケン,Oita,,,,日田市,ヒタシ,Hita-shi,,,,,,,,,,近原,チカワラ,,,0,0,0,1,0,0,0,0,1947-04-17,,0,,
442046,0000173,3,大分県,オオイタケン,Oita,,,,日田市,ヒタシ,Hita-shi,,,,,,,,,,金ヶ塔,カナガトウ,,,0,0,0,1,0,0,0,0,1947-04-17,,0,,
442046,0000174,3,大分県,オオイタケン,Oita,,,,日田市,ヒタシ,Hita-shi,,,,,,,,,,金場,カナバ,,,0,0,0,1,0,0,0,0,1947-04-17,,0,,
442046,0000175,3,大分県,オオイタケン,Oita,,,,日田市,ヒタシ,Hita-shi,,,,,,,,,,金迫,カンザコ,,,0,0,0,1,0,0,0,0,1947-04-17,,0,,
442046,0000176,3,大分県,オオイタケン,Oita,,,,日田市,ヒタシ,Hita-shi,,,,,,,,,,九膳ヶ畑,クゼガハタ,,,0,0,0,1,0,0,0,0,1947-04-17,,0,,
442046,0000177,3,大分県,オオイタケン,Oita,,,,日田市,ヒタシ,Hita-shi,,,,,,,,,,串川,クシカワ,Kushikawamachi,,0,0,0,1,0,0,0,0,1947-04-17,,0,8770063,
442046,0000178,3,大分県,オオイタケン,Oita,,,,日田市,ヒタシ,Hita-shi,,,,,,,,,,熊ノ尾,クマノオ,,,0,0,0,1,0,0,0,0,1947-04-17,,0,,
442046,0000179,3,大分県,オオイタケン,Oita,,,,日田市,ヒタシ,Hita-shi,,,,,,,,,,熊戸,クマント,,,0,0,0,1,0,0,0,0,1947-04-17,,0,,
442046,0000180,3,大分県,オオイタケン,Oita,,,,日田市,ヒタシ,Hita-shi,,,,,,,,,,栗の上,クリノウエ,,,0,0,0,1,0,0,0,0,1947-04-17,,0,,
442046,0000181,3,大分県,オオイタケン,Oita,,,,日田市,ヒタシ,Hita-shi,,,,,,,,,,栗ノ木,クリノキ,,,0,0,0,1,0,0,0,0,1947-04-17,,0,,
442046,0000182,3,大分県,オオイタケン,Oita,,,,日田市,ヒタシ,Hita-shi,,,,,,,,,,桑木,クワギ,,,0,0,0,1,0,0,0,0,1947-04-17,,0,,
442046,0000183,3,大分県,オオイタケン,Oita,,,,日田市,ヒタシ,Hita-shi,,,,,,,,,,君迫町,キミザコマチ,Kimizakomachi,,0,0,0,1,0,0,0,0,1947-04-17,,0,8770087,
442046,0000184,3,大分県,オオイタケン,Oita,,,,日田市,ヒタシ,Hita-shi,,,,,,,,,,月出山,カントウ,,,0,0,0,1,0,0,0,0,1947-04-17,,0,,
442046,0000185,3,大分県,オオイタケン,Oita,,,,日田市,ヒタシ,Hita-shi,,,,,,,,,,月出町,ツキデマチ,Tsukidemachi,,0,0,0,1,0,0,0,0,1947-04-17,,0,8771373,
442046,0000186,3,大分県,オオイタケン,Oita,,,,日田市,ヒタシ,Hita-shi,,,,,,,,,,剣ノ木,ケンノキ,,,0,0,0,1,0,0,0,0,1947-04-17,,0,,
442046,0000187,3,大分県,オオイタケン,Oita,,,,日田市,ヒタシ,Hita-shi,,,,,,,,,,見寄,ミヨリ,,,0,0,0,1,0,0,0,0,1947-04-17,,0,,
442046,0000188,3,大分県,オオイタケン,Oita,,,,日田市,ヒタシ,Hita-shi,,,,,,,,,,見取,ミドリ,,,0,0,0,1,0,0,0,0,1947-04-17,,0,,
442046,0000189,3,大分県,オオイタケン,Oita,,,,日田市,ヒタシ,Hita-shi,,,,,,,,,,見折谷,ミオリダニ,,,0,0,0,1,0,0,0,0,1947-04-17,,0,,
442046,0000190,3,大分県,オオイタケン,Oita,,,,日田市,ヒタシ,Hita-shi,,,,,,,,,,見竹,ミタケ,,,0,0,0,1,0,0,0,0,1947-04-17,,0,,
442046,0000191,3,大分県,オオイタケン,Oita,,,,日田市,ヒタシ,Hita-shi,,,,,,,,,,原,ハル,,,0,0,0,1,0,0,0,0,1947-04-17,,0,,
442046,0000192,3,大分県,オオイタケン,Oita,,,,日田市,ヒタシ,Hita-shi,,,,,,,,,,原部,ハラベ,,,0,0,0,1,0,0,0,0,1947-04-17,,0,,
442046,0000193,3,大分県,オオイタケン,Oita,,,,日田市,ヒタシ,Hita-shi,,,,,,,,,,源栄町,モトエマチ,,,0,0,0,1,0,0,0,0,1947-04-17,,0,,
442046,0000194,3,大分県,オオイタケン,Oita,,,,日田市,ヒタシ,Hita-shi,,,,,,,,,,玄ノ窪,ゲンノクボ,,,0,0,0,1,0,0,0,0,1947-04-17,,0,,
442046,0000195,3,大分県,オオイタケン,Oita,,,,日田市,ヒタシ,Hita-shi,,,,,,,,,,古園,フルゾノ,,,0,0,0,1,0,0,0,0,1947-04-17,,0,,
442046,0000196,3,大分県,オオイタケン,Oita,,,,日田市,ヒタシ,Hita-shi,,,,,,,,,,古屋敷,フルヤシキ,,,0,0,0,1,0,0,0,0,1947-04-17,,0,,
442046,0000197,3,大分県,オオイタケン,Oita,,,,日田市,ヒタシ,Hita-shi,,,,,,,,,,古賀,コガ,,,0,0,0,1,0,0,0,0,1947-04-17,,0,,
442046,0000198,3,大分県,オオイタケン,Oita,,,,日田市,ヒタシ,Hita-shi,,,,,,,,,,古金町,コガネマチ,Koganemachi,,0,0,0,1,0,0,0,0,1947-04-17,,0,8770031,
442046,0000199,3,大分県,オオイタケン,Oita,,,,日田市,ヒタシ,Hita-shi,,,,,,,,,,古田,コダ,,,0,0,0,1,0,0,0,0,1947-04-17,,0,,
442046,0000200,3,大分県,オオイタケン,Oita,,,,日田市,ヒタシ,Hita-shi,,,,,,,,,,古湯,フルユ,,,0,0,0,1,0,0,0,0,1947-04-17,,0,,
442046,0000201,3,大分県,オオイタケン,Oita,,,,日田市,ヒタシ,Hita-shi,,,,,,,,,,戸ノ上,トノウエ,,,0,0,0,1,0,0,0,0,1947-04-17,,0,,
442046,0000202,3,大分県,オオイタケン,Oita,,,,日田市,ヒタシ,Hita-shi,,,,,,,,,,五条殿,ゴジュドン,,,0,0,0,1,0,0,0,0,1947-04-17,,0,,
442046,0000203,3,大分県,オオイタケン,Oita,,,,日田市,ヒタシ,Hita-shi,,,,,,,,,,五馬下,イツマシモ,,,0,0,0,1,0,0,0,0,1947-04-17,,0,,
442046,0000204,3,大分県,オオイタケン,Oita,,,,日田市,ヒタシ,Hita-shi,,,,,,,,,,五馬上,イツマカミ,,,0,0,0,1,0,0,0,0,1947-04-17,,0,,
442046,0000205,3,大分県,オオイタケン,Oita,,,,日田市,ヒタシ,Hita-shi,,,,,,,,,,吾々路,ゴゴロウ,,,0,0,0,1,0,0,0,0,1947-04-17,,0,,
442046,0000206,3,大分県,オオイタケン,Oita,,,,日田市,ヒタシ,Hita-shi,,,,,,,,,,後迫,ウシロザコ,,,0,0,0,1,0,0,0,0,1947-04-17,,0,,
442046,0000207,3,大分県,オオイタケン,Oita,,,,日田市,ヒタシ,Hita-shi,,,,,,,,,,向川辺,ムカイカワベ,,,0,0,0,1,0,0,0,0,1947-04-17,,0,,
442046,0000208,3,大分県,オオイタケン,Oita,,,,日田市,ヒタシ,Hita-shi,,,,,,,,,,向島,ムカイジマ,,,0,0,0,1,0,0,0,0,1947-04-17,,0,,
442046,0000209,3,大分県,オオイタケン,Oita,,,,日田市,ヒタシ,Hita-shi,,,,,,,,,,幸又,コウマタ,,,0,0,0,1,0,0,0,0,1947-04-17,,0,,
442046,0000210,3,大分県,オオイタケン,Oita,,,,日田市,ヒタシ,Hita-shi,,,,,,,,,,広川,ヒロカワ,,,0,0,0,1,0,0,0,0,1947-04-17,,0,,
442046,0000211,3,大分県,オオイタケン,Oita,,,,日田市,ヒタシ,Hita-shi,,,,,,,,,,杭戸,クイド,,,0,0,0,1,0,0,0,0,1947-04-17,,0,,
442046,0000212,3,大分県,オオイタケン,Oita,,,,日田市,ヒタシ,Hita-shi,,,,,,,,,,荒山,アラヤマ,,,0,0,0,1,0,0,0,0,1947-04-17,,0,,
442046,0000213,3,大分県,オオイタケン,Oita,,,,日田市,ヒタシ,Hita-shi,,,,,,,,,,荒平,アラヒラ,,,0,0,0,1,0,0,0,0,1947-04-17,,0,,
442046,0000214,3,大分県,オオイタケン,Oita,,,,日田市,ヒタシ,Hita-shi,,,,,,,,,,高井町,タカイマチ,Takaimachi,,0,0,0,1,0,0,0,0,1947-04-17,,0,8770067,
442046,0000215,3,大分県,オオイタケン,Oita,,,,日田市,ヒタシ,Hita-shi,,,,,,,,,,高花,タカバナ,,,0,0,0,1,0,0,0,0,1947-04-17,,0,,
442046,0000216,3,大分県,オオイタケン,Oita,,,,日田市,ヒタシ,Hita-shi,,,,,,,,,,高江,タカエ,,,0,0,0,1,0,0,0,0,1947-04-17,,0,,
442046,0000217,3,大分県,オオイタケン,Oita,,,,日田市,ヒタシ,Hita-shi,,,,,,,,,,高取,タカトリ,,,0,0,0,1,0,0,0,0,1947-04-17,,0,,
442046,0000218,3,大分県,オオイタケン,Oita,,,,日田市,ヒタシ,Hita-shi,,,,,,,,,,高瀬本町,タカセホンマチ,Takasehommachi,,0,0,0,1,0,0,0,0,1947-04-17,,0,8770053,
442046,0000219,3,大分県,オオイタケン,Oita,,,,日田市,ヒタシ,Hita-shi,,,,,,,,,,高倉,タカクラ,,,0,0,0,1,0,0,0,0,1947-04-17,,0,,
442046,0000220,3,大分県,オオイタケン,Oita,,,,日田市,ヒタシ,Hita-shi,,,,,,,,,,高塚,タカツカ,,,0,0,0,1,0,0,0,0,1947-04-17,,0,,
442046,0000221,3,大分県,オオイタケン,Oita,,,,日田市,ヒタシ,Hita-shi,,,,,,,,,,高釣,コウツル,,,0,0,0,1,0,0,0,0,1947-04-17,,0,,
442046,0000222,3,大分県,オオイタケン,Oita,,,,日田市,ヒタシ,Hita-shi,,,,,,,,,,高迫,タカサゴ,,,0,0,0,1,0,0,0,0,1947-04-17,,0,,
442046,0000223,3,大分県,オオイタケン,Oita,,,,日田市,ヒタシ,Hita-shi,,,,,,,,,,高尾,タカオ,,,0,0,0,1,0,0,0,0,1947-04-17,,0,,
442046,0000224,3,大分県,オオイタケン,Oita,,,,日田市,ヒタシ,Hita-shi,,,,,,,,,,高木,タカキ,,,0,0,0,1,0,0,0,0,1947-04-17,,0,,
442046,0000225,3,大分県,オオイタケン,Oita,,,,日田市,ヒタシ,Hita-shi,,,,,,,,,,高野,タカノ,,,0,0,0,1,0,0,0,0,1947-04-17,,0,,
442046,0000226,3,大分県,オオイタケン,Oita,,,,日田市,ヒタシ,Hita-shi,,,,,,,,,,合谷,ゴウヤ,,,0,0,0,1,0,0,0,0,1947-04-17,,0,,
442046,0000227,3,大分県,オオイタケン,Oita,,,,日田市,ヒタシ,Hita-shi,,,,,,,,,,合鶴,アワセヅル,,,0,0,0,1,0,0,0,0,1947-04-17,,0,,
442046,0000228,3,大分県,オオイタケン,Oita,,,,日田市,ヒタシ,Hita-shi,,,,,,,,,,黒谷,クロダニ,,,0,0,0,1,0,0,0,0,1947-04-17,,0,,
442046,0000229,3,大分県,オオイタケン,Oita,,,,日田市,ヒタシ,Hita-shi,,,,,,,,,,今山,イマヤマ,,,0,0,0,1,0,0,0,0,1947-04-17,,0,,
442046,0000230,3,大分県,オオイタケン,Oita,,,,日田市,ヒタシ,Hita-shi,,,,,,,,,,座目木,ザメキ,,,0,0,0,1,0,0,0,0,1947-04-17,,0,,
442046,0000231,3,大分県,オオイタケン,Oita,,,,日田市,ヒタシ,Hita-shi,,,,,,,,,,才野,サイノ,,,0,0,0,1,0,0,0,0,1947-04-17,,0,,
442046,0000232,3,大分県,オオイタケン,Oita,,,,日田市,ヒタシ,Hita-shi,,,,,,,,,,財津町,ザイツマチ,Zaitsumachi,,0,0,0,1,0,0,0,0,1947-04-17,,0,8771231,
442046,0000233,3,大分県,オオイタケン,Oita,,,,日田市,ヒタシ,Hita-shi,,,,,,,,,,坂ノ下,サカノシタ,,,0,0,0,1,0,0,0,0,1947-04-17,,0,,
442046,0000234,3,大分県,オオイタケン,Oita,,,,日田市,ヒタシ,Hita-shi,,,,,,,,,,坂の下,サカノシタ,,,0,0,0,1,0,0,0,0,1947-04-17,,0,,
442046,0000235,3,大分県,オオイタケン,Oita,,,,日田市,ヒタシ,Hita-shi,,,,,,,,,,坂井町,サカイマチ,Sakaimachi,,0,0,0,1,0,0,0,0,1947-04-17,,0,8771354,
442046,0000236,3,大分県,オオイタケン,Oita,,,,日田市,ヒタシ,Hita-shi,,,,,,,,,,堺ノ谷,サカイノタニ,,,0,0,0,1,0,0,0,0,1947-04-17,,0,,
442046,0000237,3,大分県,オオイタケン,Oita,,,,日田市,ヒタシ,Hita-shi,,,,,,,,,,作草,サクソウ,,,0,0,0,1,0,0,0,0,1947-04-17,,0,,
442046,0000238,3,大分県,オオイタケン,Oita,,,,日田市,ヒタシ,Hita-shi,,,,,,,,,,桜竹,サクラダケ,,,0,0,0,1,0,0,0,0,1947-04-17,,0,,
442046,0000239,3,大分県,オオイタケン,Oita,,,,日田市,ヒタシ,Hita-shi,,,,,,,,,,笹尾,ササオ,,,0,0,0,1,0,0,0,0,1947-04-17,,0,,
442046,0000240,3,大分県,オオイタケン,Oita,,,,日田市,ヒタシ,Hita-shi,,,,,,,,,,笹野,ササノ,,,0,0,0,1,0,0,0,0,1947-04-17,,0,,
442046,0000241,3,大分県,オオイタケン,Oita,,,,日田市,ヒタシ,Hita-shi,,,,,,,,,,皿山,サラヤマ,,,0,0,0,1,0,0,0,0,1947-04-17,,0,,
442046,0000242,3,大分県,オオイタケン,Oita,,,,日田市,ヒタシ,Hita-shi,,,,,,,,,,三河町,ミカワマチ,Mikawamachi,,0,0,0,1,0,0,0,0,1947-04-17,,0,8771244,
442046,0000243,3,大分県,オオイタケン,Oita,,,,日田市,ヒタシ,Hita-shi,,,,,,,,,,三春原,ウラセバル,,,0,0,0,1,0,0,0,0,1947-04-17,,0,,
442046,0000244,3,大分県,オオイタケン,Oita,,,,日田市,ヒタシ,Hita-shi,,,,,,,,,,三池町,ミイケマチ,Miikemachi,,0,0,0,1,0,0,0,0,1947-04-17,,0,8771364,
442046,0000245,3,大分県,オオイタケン,Oita,,,,日田市,ヒタシ,Hita-shi,,,,,,,,,,三池野,ミイケノ,,,0,0,0,1,0,0,0,0,1947-04-17,,0,,
442046,0000246,3,大分県,オオイタケン,Oita,,,,日田市,ヒタシ,Hita-shi,,,,,,,,,,三反田,サンダンダ,,,0,0,0,1,0,0,0,0,1947-04-17,,0,,
442046,0000247,3,大分県,オオイタケン,Oita,,,,日田市,ヒタシ,Hita-shi,,,,,,,,,,三和団地,サンワダンチ,Miwadanchi,,0,0,0,1,0,0,0,0,1947-04-17,,0,8771233,
442046,0000248,3,大分県,オオイタケン,Oita,,,,日田市,ヒタシ,Hita-shi,,,,,,,,,,傘木,カサギ,,,0,0,0,1,0,0,0,0,1947-04-17,,0,,
442046,0000249,3,大分県,オオイタケン,Oita,,,,日田市,ヒタシ,Hita-shi,,,,,,,,,,山ノ釣,ヤマノツル,,,0,0,0,1,0,0,0,0,1947-04-17,,0,,
442046,0000250,3,大分県,オオイタケン,Oita,,,,日田市,ヒタシ,Hita-shi,,,,,,,,,,山下,ヤマシタ,,,0,0,0,1,0,0,0,0,1947-04-17,,0,,
442046,0000251,3,大分県,オオイタケン,Oita,,,,日田市,ヒタシ,Hita-shi,,,,,,,,,,山口,ヤマグチ,,,0,0,0,1,0,0,0,0,1947-04-17,,0,,
442046,0000252,3,大分県,オオイタケン,Oita,,,,日田市,ヒタシ,Hita-shi,,,,,,,,,,山際,ヤマギワ,,,0,0,0,1,0,0,0,0,1947-04-17,,0,,
442046,0000253,3,大分県,オオイタケン,Oita,,,,日田市,ヒタシ,Hita-shi,,,,,,,,,,山手,ヤマテ,,,0,0,0,1,0,0,0,0,1947-04-17,,0,,
442046,0000254,3,大分県,オオイタケン,Oita,,,,日田市,ヒタシ,Hita-shi,,,,,,,,,,山渋,ヤマシブ,,,0,0,0,1,0,0,0,0,1947-04-17,,0,,
442046,0000255,3,大分県,オオイタケン,Oita,,,,日田市,ヒタシ,Hita-shi,,,,,,,,,,山中,ヤマナカ,,,0,0,0,1,0,0,0,0,1947-04-17,,0,,
442046,0000256,3,大分県,オオイタケン,Oita,,,,日田市,ヒタシ,Hita-shi,,,,,,,,,,山田町,ヤマダマチ,Yamadamachi,,0,0,0,1,0,0,0,0,1947-04-17,,0,8770089,
442046,0000257,3,大分県,オオイタケン,Oita,,,,日田市,ヒタシ,Hita-shi,,,,,,,,,,山本,ヤマモト,,,0,0,0,1,0,0,0,0,1947-04-17,,0,,
442046,0000258,3,大分県,オオイタケン,Oita,,,,日田市,ヒタシ,Hita-shi,,,,,,,,,,市ノ瀬,イチノセ,,,0,0,0,1,0,0,0,0,1947-04-17,,0,,
442046,0000259,3,大分県,オオイタケン,Oita,,,,日田市,ヒタシ,Hita-shi,,,,,,,,,,市ノ瀬町,イチノセマチ,Ichinosemachi,,0,0,0,1,0,0,0,0,1947-04-17,,0,8771223,
442046,0000260,3,大分県,オオイタケン,Oita,,,,日田市,ヒタシ,Hita-shi,,,,,,,,,,市木,イチギ,,,0,0,0,1,0,0,0,0,1947-04-17,,0,,
442046,0000261,3,大分県,オオイタケン,Oita,,,,日田市,ヒタシ,Hita-shi,,,,,,,,,,志谷,シヤ,,,0,0,0,1,0,0,0,0,1947-04-17,,0,,
442046,0000262,3,大分県,オオイタケン,Oita,,,,日田市,ヒタシ,Hita-shi,,,,,,,,,,寺内,テラウチ,,,0,0,0,1,0,0,0,0,1947-04-17,,0,,
442046,0000263,3,大分県,オオイタケン,Oita,,,,日田市,ヒタシ,Hita-shi,,,,,,,,,,鹿倉,カクラ,,,0,0,0,1,0,0,0,0,1947-04-17,,0,,
442046,0000264,3,大分県,オオイタケン,Oita,,,,日田市,ヒタシ,Hita-shi,,,,,,,,,,漆原,ウルシワラ,,,0,0,0,1,0,0,0,0,1947-04-17,,0,,
442046,0000265,3,大分県,オオイタケン,Oita,,,,日田市,ヒタシ,Hita-shi,,,,,,,,,,柴尾,シバオ,,,0,0,0,1,0,0,0,0,1947-04-17,,0,,
442046,0000266,3,大分県,オオイタケン,Oita,,,,日田市,ヒタシ,Hita-shi,,,,,,,,,,若林,ワカバヤシ,,,0,0,0,1,0,0,0,0,1947-04-17,,0,,
442046,0000267,3,大分県,オオイタケン,Oita,,,,日田市,ヒタシ,Hita-shi,,,,,,,,,,手水野,テミズノ,,,0,0,0,1,0,0,0,0,1947-04-17,,0,,
442046,0000268,3,大分県,オオイタケン,Oita,,,,日田市,ヒタシ,Hita-shi,,,,,,,,,,秋原,アキバル,,,0,0,0,1,0,0,0,0,1947-04-17,,0,,
442046,0000269,3,大分県,オオイタケン,Oita,,,,日田市,ヒタシ,Hita-shi,,,,,,,,,,秋原町,アキバルマチ,Akibarumachi,,0,0,0,1,0,0,0,0,1947-04-17,,0,8771224,
442046,0000270,3,大分県,オオイタケン,Oita,,,,日田市,ヒタシ,Hita-shi,,,,,,,,,,秋山町,アキヤママチ,Akiyamamachi,,0,0,0,1,0,0,0,0,1947-04-17,,0,8770001,
442046,0000271,3,大分県,オオイタケン,Oita,,,,日田市,ヒタシ,Hita-shi,,,,,,,,,,舟戸,フナト,,,0,0,0,1,0,0,0,0,1947-04-17,,0,,
442046,0000272,3,大分県,オオイタケン,Oita,,,,日田市,ヒタシ,Hita-shi,,,,,,,,,,祝原,イワイバル,,,0,0,0,1,0,0,0,0,1947-04-17,,0,,
442046,0000273,3,大分県,オオイタケン,Oita,,,,日田市,ヒタシ,Hita-shi,,,,,,,,,,出羽,イズルハ,,,0,0,0,1,0,0,0,0,1947-04-17,,0,,
442046,0000274,3,大分県,オオイタケン,Oita,,,,日田市,ヒタシ,Hita-shi,,,,,,,,,,出野,イズノ,,,0,0,0,1,0,0,0,0,1947-04-17,,0,,
442046,0000275,3,大分県,オオイタケン,Oita,,,,日田市,ヒタシ,Hita-shi,,,,,,,,,,諸筋,モロスジ,,,0,0,0,1,0,0,0,0,1947-04-17,,0,,
442046,0000276,3,大分県,オオイタケン,Oita,,,,日田市,ヒタシ,Hita-shi,,,,,,,,,,諸留,モロドメ,,,0,0,0,1,0,0,0,0,1947-04-17,,0,,
442046,0000277,3,大分県,オオイタケン,Oita,,,,日田市,ヒタシ,Hita-shi,,,,,,,,,,諸留町,モロドメマチ,Morodomemachi,,0,0,0,1,0,0,0,0,1947-04-17,,0,8771371,
442046,0000278,3,大分県,オオイタケン,Oita,,,,日田市,ヒタシ,Hita-shi,,,,,,,,,,小ヶ瀬町,オガセマチ,Ogasemachi,,0,0,0,1,0,0,0,0,1947-04-17,,0,8770032,
442046,0000279,3,大分県,オオイタケン,Oita,,,,日田市,ヒタシ,Hita-shi,,,,,,,,,,小園,オゾノ,,,0,0,0,1,0,0,0,0,1947-04-17,,0,,
442046,0000280,3,大分県,オオイタケン,Oita,,,,日田市,ヒタシ,Hita-shi,,,,,,,,,,小河内町,オガワチマチ,Ogawachimachi,,0,0,0,1,0,0,0,0,1947-04-17,,0,8771222,
442046,0000281,3,大分県,オオイタケン,Oita,,,,日田市,ヒタシ,Hita-shi,,,,,,,,,,小栗林,コグリバヤシ,,,0,0,0,1,0,0,0,0,1947-04-17,,0,,
442046,0000282,3,大分県,オオイタケン,Oita,,,,日田市,ヒタシ,Hita-shi,,,,,,,,,,小五馬,コイツマ,,,0,0,0,1,0,0,0,0,1947-04-17,,0,,
442046,0000283,3,大分県,オオイタケン,Oita,,,,日田市,ヒタシ,Hita-shi,,,,,,,,,,小山町,コヤママチ,Oyamamachi,,0,0,0,1,0,0,0,0,1947-04-17,,0,8770064,
442046,0000284,3,大分県,オオイタケン,Oita,,,,日田市,ヒタシ,Hita-shi,,,,,,,,,,小鹿田,オンタ,,,0,0,0,1,0,0,0,0,1947-04-17,,0,,
442046,0000285,3,大分県,オオイタケン,Oita,,,,日田市,ヒタシ,Hita-shi,,,,,,,,,,小切畑,オギリハタ,,,0,0,0,1,0,0,0,0,1947-04-17,,0,,
442046,0000286,3,大分県,オオイタケン,Oita,,,,日田市,ヒタシ,Hita-shi,,,,,,,,,,小川原,オカワバル,,,0,0,0,1,0,0,0,0,1947-04-17,,0,,
442046,0000287,3,大分県,オオイタケン,Oita,,,,日田市,ヒタシ,Hita-shi,,,,,,,,,,小竹,オダケ,,,0,0,0,1,0,0,0,0,1947-04-17,,0,,
442046,0000288,3,大分県,オオイタケン,Oita,,,,日田市,ヒタシ,Hita-shi,,,,,,,,,,小中尾,コナコウ,,,0,0,0,1,0,0,0,0,1947-04-17,,0,,
442046,0000289,3,大分県,オオイタケン,Oita,,,,日田市,ヒタシ,Hita-shi,,,,,,,,,,小鶴,コヅル,,,0,0,0,1,0,0,0,0,1947-04-17,,0,,
442046,0000290,3,大分県,オオイタケン,Oita,,,,日田市,ヒタシ,Hita-shi,,,,,,,,,,小迫,オサコ,,,0,0,0,1,0,0,0,0,1947-04-17,,0,,
442046,0000291,3,大分県,オオイタケン,Oita,,,,日田市,ヒタシ,Hita-shi,,,,,,,,,,小迫町,オザコマチ,Ozakomachi,,0,0,0,1,0,0,0,0,1947-04-17,,0,8770088,
442046,0000292,3,大分県,オオイタケン,Oita,,,,日田市,ヒタシ,Hita-shi,,,,,,,,,,小畑,オバタ,,,0,0,0,1,0,0,0,0,1947-04-17,,0,,
442046,0000293,3,大分県,オオイタケン,Oita,,,,日田市,ヒタシ,Hita-shi,,,,,,,,,,小平,オヒラ,,,0,0,0,1,0,0,0,0,1947-04-17,,0,,
442046,0000294,3,大分県,オオイタケン,Oita,,,,日田市,ヒタシ,Hita-shi,,,,,,,,,,小平上組,オヒラカミグミ,,,0,0,0,1,0,0,0,0,1947-04-17,,0,,
442046,0000295,3,大分県,オオイタケン,Oita,,,,日田市,ヒタシ,Hita-shi,,,,,,,,,,小平田,オヒラダ,,,0,0,0,1,0,0,0,0,1947-04-17,,0,,
442046,0000296,3,大分県,オオイタケン,Oita,,,,日田市,ヒタシ,Hita-shi,,,,,,,,,,小平本村,オヒラホンムラ,,,0,0,0,1,0,0,0,0,1947-04-17,,0,,
442046,0000297,3,大分県,オオイタケン,Oita,,,,日田市,ヒタシ,Hita-shi,,,,,,,,,,小野田,オノダ,,,0,0,0,1,0,0,0,0,1947-04-17,,0,,
442046,0000298,3,大分県,オオイタケン,Oita,,,,日田市,ヒタシ,Hita-shi,,,,,,,,,,庄屋村,ショウヤムラ,,,0,0,0,1,0,0,0,0,1947-04-17,,0,,
442046,0000299,3,大分県,オオイタケン,Oita,,,,日田市,ヒタシ,Hita-shi,,,,,,,,,,松金,マツガネ,,,0,0,0,1,0,0,0,0,1947-04-17,,0,,
442046,0000300,3,大分県,オオイタケン,Oita,,,,日田市,ヒタシ,Hita-shi,,,,,,,,,,松原,マツバラ,,,0,0,0,1,0,0,0,0,1947-04-17,,0,,
442046,0000301,3,大分県,オオイタケン,Oita,,,,日田市,ヒタシ,Hita-shi,,,,,,,,,,松山,マツヤマ,,,0,0,0,1,0,0,0,0,1947-04-17,,0,,
442046,0000302,3,大分県,オオイタケン,Oita,,,,日田市,ヒタシ,Hita-shi,,,,,,,,,,松野,マツノ,,,0,0,0,1,0,0,0,0,1947-04-17,,0,,
442046,0000303,3,大分県,オオイタケン,Oita,,,,日田市,ヒタシ,Hita-shi,,,,,,,,,,松野町,マツノマチ,Matsunomachi,,0,0,0,1,0,0,0,0,1947-04-17,,0,8771374,
442046,0000304,3,大分県,オオイタケン,Oita,,,,日田市,ヒタシ,Hita-shi,,,,,,,,,,上の志谷,カミノシヤ,,,0,0,0,1,0,0,0,0,1947-04-17,,0,,
442046,0000305,3,大分県,オオイタケン,Oita,,,,日田市,ヒタシ,Hita-shi,,,,,,,,,,上ノ釣,カミノツル,,,0,0,0,1,0,0,0,0,1947-04-17,,0,,
442046,0000306,3,大分県,オオイタケン,Oita,,,,日田市,ヒタシ,Hita-shi,,,,,,,,,,上一ッ戸,カミヒトツト,,,0,0,0,1,0,0,0,0,1947-04-17,,0,,
442046,0000307,3,大分県,オオイタケン,Oita,,,,日田市,ヒタシ,Hita-shi,,,,,,,,,,上宮町,ジョウグウマチ,Jogumachi,,0,0,0,1,0,0,0,0,1947-04-17,,0,8771102,
442046,0000308,3,大分県,オオイタケン,Oita,,,,日田市,ヒタシ,Hita-shi,,,,,,,,,,上元組,カミモトグミ,,,0,0,0,1,0,0,0,0,1947-04-17,,0,,
442046,0000309,3,大分県,オオイタケン,Oita,,,,日田市,ヒタシ,Hita-shi,,,,,,,,,,上山,カミヤマ,,,0,0,0,1,0,0,0,0,1947-04-17,,0,,
442046,0000310,3,大分県,オオイタケン,Oita,,,,日田市,ヒタシ,Hita-shi,,,,,,,,,,上手町,ノボテマチ,Nobotemachi,,0,0,0,1,0,0,0,0,1947-04-17,,0,8771353,
442046,0000311,3,大分県,オオイタケン,Oita,,,,日田市,ヒタシ,Hita-shi,,,,,,,,,,上諸留町,カミモロドメマチ,Kamimorodomemachi,,0,0,0,1,0,0,0,0,1947-04-17,,0,8771372,
442046,0000312,3,大分県,オオイタケン,Oita,,,,日田市,ヒタシ,Hita-shi,,,,,,,,,,上小竹,カミコダケ,,,0,0,0,1,0,0,0,0,1947-04-17,,0,,
442046,0000313,3,大分県,オオイタケン,Oita,,,,日田市,ヒタシ,Hita-shi,,,,,,,,,,上村,カミムラ,,,0,0,0,1,0,0,0,0,1947-04-17,,0,,
442046,0000314,3,大分県,オオイタケン,Oita,,,,日田市,ヒタシ,Hita-shi,,,,,,,,,,上野,ウエノ,,,0,0,0,1,0,0,0,0,1947-04-17,,0,,
442046,0000315,3,大分県,オオイタケン,Oita,,,,日田市,ヒタシ,Hita-shi,,,,,,,,,,上野町,ウエノマチ,Uenomachi,,0,0,0,1,0,0,0,0,1947-04-17,,0,8770062,
442046,0000316,3,大分県,オオイタケン,Oita,,,,日田市,ヒタシ,Hita-shi,,,,,,,,,,城内新町,ジョウナイシンマチ,Jonaishimmachi,,0,0,0,1,0,0,0,0,1947-04-17,,0,8770002,
442046,0000317,3,大分県,オオイタケン,Oita,,,,日田市,ヒタシ,Hita-shi,,,,,,,,,,新治町,ジンジマチ,Niibarumachi,,0,0,0,1,0,0,0,0,1947-04-17,,0,8770072,
442046,0000318,3,大分県,オオイタケン,Oita,,,,日田市,ヒタシ,Hita-shi,,,,,,,,,,新城,シンジョウ,,,0,0,0,1,0,0,0,0,1947-04-17,,0,,
442046,0000319,3,大分県,オオイタケン,Oita,,,,日田市,ヒタシ,Hita-shi,,,,,,,,,,神来町,カミクマチ,Kamikumachi,,0,0,0,1,0,0,0,0,1947-04-17,,0,8770022,
442046,0000320,3,大分県,オオイタケン,Oita,,,,日田市,ヒタシ,Hita-shi,,,,,,,,,,辛味,カラミ,,,0,0,0,1,0,0,0,0,1947-04-17,,0,,
442046,0000321,3,大分県,オオイタケン,Oita,,,,日田市,ヒタシ,Hita-shi,,,,,,,,,,水目町,ミズメマチ,Mizumemachi,,0,0,0,1,0,0,0,0,1947-04-17,,0,8771365,
442046,0000322,3,大分県,オオイタケン,Oita,,,,日田市,ヒタシ,Hita-shi,,,,,,,,,,杉河内,スギカワチ,,,0,0,0,1,0,0,0,0,1947-04-17,,0,,
442046,0000323,3,大分県,オオイタケン,Oita,,,,日田市,ヒタシ,Hita-shi,,,,,,,,,,瀬古,セゴ,,,0,0,0,1,0,0,0,0,1947-04-17,,0,,
442046,0000324,3,大分県,オオイタケン,Oita,,,,日田市,ヒタシ,Hita-shi,,,,,,,,,,星払,ホシバライ,,,0,0,0,1,0,0,0,0,1947-04-17,,0,,
442046,0000325,3,大分県,オオイタケン,Oita,,,,日田市,ヒタシ,Hita-shi,,,,,,,,,,清岸寺町,セイガンジマチ,Seiganjimachi,,0,0,0,1,0,0,0,0,1947-04-17,,0,8770081,
442046,0000326,3,大分県,オオイタケン,Oita,,,,日田市,ヒタシ,Hita-shi,,,,,,,,,,清水町,シミズマチ,Shimizumachi,,0,0,0,1,0,0,0,0,1947-04-17,,0,8771232,
442046,0000327,3,大分県,オオイタケン,Oita,,,,日田市,ヒタシ,Hita-shi,,,,,,,,,,清水本,シミズモト,,,0,0,0,1,0,0,0,0,1947-04-17,,0,,
442046,0000328,3,大分県,オオイタケン,Oita,,,,日田市,ヒタシ,Hita-shi,,,,,,,,,,西,ニシ,,,0,0,0,1,0,0,0,0,1947-04-17,,0,,
442046,0000329,3,大分県,オオイタケン,Oita,,,,日田市,ヒタシ,Hita-shi,,,,,,,,,,西和,セイワ,,,0,0,0,1,0,0,0,0,1947-04-17,,0,,
442046,0000330,3,大分県,オオイタケン,Oita,,,,日田市,ヒタシ,Hita-shi,,,,,,,,,,西雉谷,ニシキジヤ,,,0,0,0,1,0,0,0,0,1947-04-17,,0,,
442046,0000331,3,大分県,オオイタケン,Oita,,,,日田市,ヒタシ,Hita-shi,,,,,,,,,,誠和町,セイワマチ,Seiwamachi,,0,0,0,1,0,0,0,0,1947-04-17,,0,8770056,
442046,0000332,3,大分県,オオイタケン,Oita,,,,日田市,ヒタシ,Hita-shi,,,,,,,,,,石松町,イシマツマチ,Ishimatsumachi,,0,0,0,1,0,0,0,0,1947-04-17,,0,8771352,
442046,0000333,3,大分県,オオイタケン,Oita,,,,日田市,ヒタシ,Hita-shi,,,,,,,,,,石場,イシバ,,,0,0,0,1,0,0,0,0,1947-04-17,,0,,
442046,0000334,3,大分県,オオイタケン,Oita,,,,日田市,ヒタシ,Hita-shi,,,,,,,,,,石畳,イシダタミ,,,0,0,0,1,0,0,0,0,1947-04-17,,0,,
442046,0000335,3,大分県,オオイタケン,Oita,,,,日田市,ヒタシ,Hita-shi,,,,,,,,,,石川内,イシゴウチ,,,0,0,0,1,0,0,0,0,1947-04-17,,0,,
442046,0000336,3,大分県,オオイタケン,Oita,,,,日田市,ヒタシ,Hita-shi,,,,,,,,,,石鍋,イシナベ,,,0,0,0,1,0,0,0,0,1947-04-17,,0,,
442046,0000337,3,大分県,オオイタケン,Oita,,,,日田市,ヒタシ,Hita-shi,,,,,,,,,,赤岩,アカイワ,,,0,0,0,1,0,0,0,0,1947-04-17,,0,,
442046,0000338,3,大分県,オオイタケン,Oita,,,,日田市,ヒタシ,Hita-shi,,,,,,,,,,赤岩湯,アカイワユ,,,0,0,0,1,0,0,0,0,1947-04-17,,0,,
442046,0000339,3,大分県,オオイタケン,Oita,,,,日田市,ヒタシ,Hita-shi,,,,,,,,,,赤石本村,アカイシホンムラ,,,0,0,0,1,0,0,0,0,1947-04-17,,0,,
442046,0000340,3,大分県,オオイタケン,Oita,,,,日田市,ヒタシ,Hita-shi,,,,,,,,,,赤米田,トボシダ,,,0,0,0,1,0,0,0,0,1947-04-17,,0,,
442046,0000341,3,大分県,オオイタケン,Oita,,,,日田市,ヒタシ,Hita-shi,,,,,,,,,,仙頭屋敷,センドウヤシキ,,,0,0,0,1,0,0,0,0,1947-04-17,,0,,
442046,0000342,3,大分県,オオイタケン,Oita,,,,日田市,ヒタシ,Hita-shi,,,,,,,,,,先釣,サキヅル,,,0,0,0,1,0,0,0,0,1947-04-17,,0,,
442046,0000343,3,大分県,オオイタケン,Oita,,,,日田市,ヒタシ,Hita-shi,,,,,,,,,,千丈,センジョウ,,,0,0,0,1,0,0,0,0,1947-04-17,,0,,
442046,0000344,3,大分県,オオイタケン,Oita,,,,日田市,ヒタシ,Hita-shi,,,,,,,,,,千倉,チクラ,,,0,0,0,1,0,0,0,0,1947-04-17,,0,,
442046,0000345,3,大分県,オオイタケン,Oita,,,,日田市,ヒタシ,Hita-shi,,,,,,,,,,千蔵木,センゾウギ,,,0,0,0,1,0,0,0,0,1947-04-17,,0,,
442046,0000346,3,大分県,オオイタケン,Oita,,,,日田市,ヒタシ,Hita-shi,,,,,,,,,,川下,カワシタ,Kawashita,,0,0,0,1,0,0,0,0,1947-04-17,,0,8770066,
442046,0000347,3,大分県,オオイタケン,Oita,,,,日田市,ヒタシ,Hita-shi,,,,,,,,,,川原,コウバル,,,0,0,0,1,0,0,0,0,1947-04-17,,0,,
442046,0000348,3,大分県,オオイタケン,Oita,,,,日田市,ヒタシ,Hita-shi,,,,,,,,,,川崎,カワサキ,,,0,0,0,1,0,0,0,0,1947-04-17,,0,,
442046,0000349,3,大分県,オオイタケン,Oita,,,,日田市,ヒタシ,Hita-shi,,,,,,,,,,川作,カワツクリ,,,0,0,0,1,0,0,0,0,1947-04-17,,0,,
442046,0000350,3,大分県,オオイタケン,Oita,,,,日田市,ヒタシ,Hita-shi,,,,,,,,,,川上,カワウエ,,,0,0,0,1,0,0,0,0,1947-04-17,,0,,
442046,0000351,3,大分県,オオイタケン,Oita,,,,日田市,ヒタシ,Hita-shi,,,,,,,,,,川辺,カワベ,,,0,0,0,1,0,0,0,0,1947-04-17,,0,,
442046,0000352,3,大分県,オオイタケン,Oita,,,,日田市,ヒタシ,Hita-shi,,,,,,,,,,銭花,ゼニバナ,,,0,0,0,1,0,0,0,0,1947-04-17,,0,,
442046,0000353,3,大分県,オオイタケン,Oita,,,,日田市,ヒタシ,Hita-shi,,,,,,,,,,銭淵町,ゼニブチマチ,Zenibuchimachi,,0,0,0,1,0,0,0,0,1947-04-17,,0,8770052,
442046,0000354,3,大分県,オオイタケン,Oita,,,,日田市,ヒタシ,Hita-shi,,,,,,,,,,曽家,ゾケ,,,0,0,0,1,0,0,0,0,1947-04-17,,0,,
442046,0000355,3,大分県,オオイタケン,Oita,,,,日田市,ヒタシ,Hita-shi,,,,,,,,,,倉迫,クラサコ,,,0,0,0,1,0,0,0,0,1947-04-17,,0,,
442046,0000356,3,大分県,オオイタケン,Oita,,,,日田市,ヒタシ,Hita-shi,,,,,,,,,,草三郎,ソウサブロウ,,,0,0,0,1,0,0,0,0,1947-04-17,,0,,
442046,0000357,3,大分県,オオイタケン,Oita,,,,日田市,ヒタシ,Hita-shi,,,,,,,,,,足ヶ迫,アシガザコ,,,0,0,0,1,0,0,0,0,1947-04-17,,0,,
442046,0000358,3,大分県,オオイタケン,Oita,,,,日田市,ヒタシ,Hita-shi,,,,,,,,,,足風,アシカゼ,,,0,0,0,1,0,0,0,0,1947-04-17,,0,,
442046,0000359,3,大分県,オオイタケン,Oita,,,,日田市,ヒタシ,Hita-shi,,,,,,,,,,続木,ツヅキ,,,0,0,0,1,0,0,0,0,1947-04-17,,0,,
442046,0000360,3,大分県,オオイタケン,Oita,,,,日田市,ヒタシ,Hita-shi,,,,,,,,,,多々良木,タタラギ,,,0,0,0,1,0,0,0,0,1947-04-17,,0,,
442046,0000361,3,大分県,オオイタケン,Oita,,,,日田市,ヒタシ,Hita-shi,,,,,,,,,,太郎浦,タロウウラ,,,0,0,0,1,0,0,0,0,1947-04-17,,0,,
442046,0000362,3,大分県,オオイタケン,Oita,,,,日田市,ヒタシ,Hita-shi,,,,,,,,,,打越,ウチゴシ,,,0,0,0,1,0,0,0,0,1947-04-17,,0,,
442046,0000363,3,大分県,オオイタケン,Oita,,,,日田市,ヒタシ,Hita-shi,,,,,,,,,,袋,フクロ,,,0,0,0,1,0,0,0,0,1947-04-17,,0,,
442046,0000364,3,大分県,オオイタケン,Oita,,,,日田市,ヒタシ,Hita-shi,,,,,,,,,,鯛生,タイオ,,,0,0,0,1,0,0,0,0,1947-04-17,,0,,
442046,0000365,3,大分県,オオイタケン,Oita,,,,日田市,ヒタシ,Hita-shi,,,,,,,,,,台,ダイ,,,0,0,0,1,0,0,0,0,1947-04-17,,0,,
442046,0000366,3,大分県,オオイタケン,Oita,,,,日田市,ヒタシ,Hita-shi,,,,,,,,,,台下,ダイシモ,,,0,0,0,1,0,0,0,0,1947-04-17,,0,,
442046,0000367,3,大分県,オオイタケン,Oita,,,,日田市,ヒタシ,Hita-shi,,,,,,,,,,台上,ダイカミ,,,0,0,0,1,0,0,0,0,1947-04-17,,0,,
442046,0000368,3,大分県,オオイタケン,Oita,,,,日田市,ヒタシ,Hita-shi,,,,,,,,,,大宮町,オオミヤマチ,Omiyamachi,,0,0,0,1,0,0,0,0,1947-04-17,,0,8770055,
442046,0000369,3,大分県,オオイタケン,Oita,,,,日田市,ヒタシ,Hita-shi,,,,,,,,,,大石峠,オオイシトウゲ,,,0,0,0,1,0,0,0,0,1947-04-17,,0,,
442046,0000370,3,大分県,オオイタケン,Oita,,,,日田市,ヒタシ,Hita-shi,,,,,,,,,,大鳥,オオトリ,,,0,0,0,1,0,0,0,0,1947-04-17,,0,,
442046,0000371,3,大分県,オオイタケン,Oita,,,,日田市,ヒタシ,Hita-shi,,,,,,,,,,大釣,オオツル,,,0,0,0,1,0,0,0,0,1947-04-17,,0,,
442046,0000372,3,大分県,オオイタケン,Oita,,,,日田市,ヒタシ,Hita-shi,,,,,,,,,,大鶴町,オオツルマチ,Otsurumachi,,0,0,0,1,0,0,0,0,1947-04-17,,0,8771107,
442046,0000373,3,大分県,オオイタケン,Oita,,,,日田市,ヒタシ,Hita-shi,,,,,,,,,,大鶴本町,オオツルホンマチ,Otsuruhommachi,,0,0,0,1,0,0,0,0,1947-04-17,,0,8771104,
442046,0000374,3,大分県,オオイタケン,Oita,,,,日田市,ヒタシ,Hita-shi,,,,,,,,,,大日町,ダイニチマチ,Dainichimachi,,0,0,0,1,0,0,0,0,1947-04-17,,0,8770059,
442046,0000375,3,大分県,オオイタケン,Oita,,,,日田市,ヒタシ,Hita-shi,,,,,,,,,,大肥町,オオヒマチ,Ohimachi,,0,0,0,1,0,0,0,0,1947-04-17,,0,8771105,
442046,0000376,3,大分県,オオイタケン,Oita,,,,日田市,ヒタシ,Hita-shi,,,,,,,,,,大肥本町,オオヒホンマチ,Ohihommachi,,0,0,0,1,0,0,0,0,1947-04-17,,0,8771106,
442046,0000377,3,大分県,オオイタケン,Oita,,,,日田市,ヒタシ,Hita-shi,,,,,,,,,,大部町,オオベマチ,Obemachi,,0,0,0,1,0,0,0,0,1947-04-17,,0,8770033,
442046,0000378,3,大分県,オオイタケン,Oita,,,,日田市,ヒタシ,Hita-shi,,,,,,,,,,大野本村,オオノホンムラ,,,0,0,0,1,0,0,0,0,1947-04-17,,0,,
442046,0000379,3,大分県,オオイタケン,Oita,,,,日田市,ヒタシ,Hita-shi,,,,,,,,,,谷向,タニムカイ,,,0,0,0,1,0,0,0,0,1947-04-17,,0,,
442046,0000380,3,大分県,オオイタケン,Oita,,,,日田市,ヒタシ,Hita-shi,,,,,,,,,,谷山,タニヤマ,,,0,0,0,1,0,0,0,0,1947-04-17,,0,,
442046,0000381,3,大分県,オオイタケン,Oita,,,,日田市,ヒタシ,Hita-shi,,,,,,,,,,谷頭,タニガシラ,,,0,0,0,1,0,0,0,0,1947-04-17,,0,,
442046,0000382,3,大分県,オオイタケン,Oita,,,,日田市,ヒタシ,Hita-shi,,,,,,,,,,地蔵,ジゾウ,,,0,0,0,1,0,0,0,0,1947-04-17,,0,,
442046,0000383,3,大分県,オオイタケン,Oita,,,,日田市,ヒタシ,Hita-shi,,,,,,,,,,地蔵桑,ジゾウクワ,,,0,0,0,1,0,0,0,0,1947-04-17,,0,,
442046,0000384,3,大分県,オオイタケン,Oita,,,,日田市,ヒタシ,Hita-shi,,,,,,,,,,地蔵元,ヂゾウモト,,,0,0,0,1,0,0,0,0,1947-04-17,,0,,
442046,0000385,3,大分県,オオイタケン,Oita,,,,日田市,ヒタシ,Hita-shi,,,,,,,,,,地蔵原,ジゾウバル,,,0,0,0,1,0,0,0,0,1947-04-17,,0,,
442046,0000386,3,大分県,オオイタケン,Oita,,,,日田市,ヒタシ,Hita-shi,,,,,,,,,,池ノ原,イケノハラ,,,0,0,0,1,0,0,0,0,1947-04-17,,0,,
442046,0000387,3,大分県,オオイタケン,Oita,,,,日田市,ヒタシ,Hita-shi,,,,,,,,,,池ノ山,イケノヤマ,,,0,0,0,1,0,0,0,0,1947-04-17,,0,,
442046,0000388,3,大分県,オオイタケン,Oita,,,,日田市,ヒタシ,Hita-shi,,,,,,,,,,池ノ鶴,イケノツル,,,0,0,0,1,0,0,0,0,1947-04-17,,0,,
442046,0000389,3,大分県,オオイタケン,Oita,,,,日田市,ヒタシ,Hita-shi,,,,,,,,,,池ノ塔,イケノトウ,,,0,0,0,1,0,0,0,0,1947-04-17,,0,,
442046,0000390,3,大分県,オオイタケン,Oita,,,,日田市,ヒタシ,Hita-shi,,,,,,,,,,池田,イケダ,,,0,0,0,1,0,0,0,0,1947-04-17,,0,,
442046,0000391,3,大分県,オオイタケン,Oita,,,,日田市,ヒタシ,Hita-shi,,,,,,,,,,池辺町,イケベマチ,Ikebemachi,,0,0,0,1,0,0,0,0,1947-04-17,,0,8771375,
442046,0000392,3,大分県,オオイタケン,Oita,,,,日田市,ヒタシ,Hita-shi,,,,,,,,,,竹ノ首,タケノクビ,,,0,0,0,1,0,0,0,0,1947-04-17,,0,,
442046,0000393,3,大分県,オオイタケン,Oita,,,,日田市,ヒタシ,Hita-shi,,,,,,,,,,竹の上,タケノウエ,,,0,0,0,1,0,0,0,0,1947-04-17,,0,,
442046,0000394,3,大分県,オオイタケン,Oita,,,,日田市,ヒタシ,Hita-shi,,,,,,,,,,竹ノ迫,タケノサコ,,,0,0,0,1,0,0,0,0,1947-04-17,,0,,
442046,0000395,3,大分県,オオイタケン,Oita,,,,日田市,ヒタシ,Hita-shi,,,,,,,,,,竹の迫,タケノサコ,,,0,0,0,1,0,0,0,0,1947-04-17,,0,,
442046,0000396,3,大分県,オオイタケン,Oita,,,,日田市,ヒタシ,Hita-shi,,,,,,,,,,竹の林,タケノバヤ,,,0,0,0,1,0,0,0,0,1947-04-17,,0,,
442046,0000397,3,大分県,オオイタケン,Oita,,,,日田市,ヒタシ,Hita-shi,,,,,,,,,,竹尾,タケオ,,,0,0,0,1,0,0,0,0,1947-04-17,,0,,
442046,0000398,3,大分県,オオイタケン,Oita,,,,日田市,ヒタシ,Hita-shi,,,,,,,,,,竹本,タケモト,,,0,0,0,1,0,0,0,0,1947-04-17,,0,,
442046,0000399,3,大分県,オオイタケン,Oita,,,,日田市,ヒタシ,Hita-shi,,,,,,,,,,中ノ島町,ナカノシママチ,Nakanoshimamachi,,0,0,0,1,0,0,0,0,1947-04-17,,0,8770074,
442046,0000400,3,大分県,オオイタケン,Oita,,,,日田市,ヒタシ,Hita-shi,,,,,,,,,,中園,ナカゾノ,,,0,0,0,1,0,0,0,0,1947-04-17,,0,,
442046,0000401,3,大分県,オオイタケン,Oita,,,,日田市,ヒタシ,Hita-shi,,,,,,,,,,中会,ナカエ,,,0,0,0,1,0,0,0,0,1947-04-17,,0,,
442046,0000402,3,大分県,オオイタケン,Oita,,,,日田市,ヒタシ,Hita-shi,,,,,,,,,,中間,ナカマ,,,0,0,0,1,0,0,0,0,1947-04-17,,0,,
442046,0000403,3,大分県,オオイタケン,Oita,,,,日田市,ヒタシ,Hita-shi,,,,,,,,,,中山,ナカヤマ,,,0,0,0,1,0,0,0,0,1947-04-17,,0,,
442046,0000404,3,大分県,オオイタケン,Oita,,,,日田市,ヒタシ,Hita-shi,,,,,,,,,,中西,ナカニシ,,,0,0,0,1,0,0,0,0,1947-04-17,,0,,
442046,0000405,3,大分県,オオイタケン,Oita,,,,日田市,ヒタシ,Hita-shi,,,,,,,,,,中川原,ナカガワラ,,,0,0,0,1,0,0,0,0,1947-04-17,,0,,
442046,0000406,3,大分県,オオイタケン,Oita,,,,日田市,ヒタシ,Hita-shi,,,,,,,,,,中川内,ナカガワチ,,,0,0,0,1,0,0,0,0,1947-04-17,,0,,
442046,0000407,3,大分県,オオイタケン,Oita,,,,日田市,ヒタシ,Hita-shi,,,,,,,,,,中楚,ナカソ,,,0,0,0,1,0,0,0,0,1947-04-17,,0,,
442046,0000408,3,大分県,オオイタケン,Oita,,,,日田市,ヒタシ,Hita-shi,,,,,,,,,,中組,ナカグミ,,,0,0,0,1,0,0,0,0,1947-04-17,,0,,
442046,0000409,3,大分県,オオイタケン,Oita,,,,日田市,ヒタシ,Hita-shi,,,,,,,,,,中村,ナカムラ,,,0,0,0,1,0,0,0,0,1947-04-17,,0,,
442046,0000410,3,大分県,オオイタケン,Oita,,,,日田市,ヒタシ,Hita-shi,,,,,,,,,,中大山,ナカオオヤマ,,,0,0,0,1,0,0,0,0,1947-04-17,,0,,
442046,0000411,3,大分県,オオイタケン,Oita,,,,日田市,ヒタシ,Hita-shi,,,,,,,,,,中津尾,ナカツオ,,,0,0,0,1,0,0,0,0,1947-04-17,,0,,
442046,0000412,3,大分県,オオイタケン,Oita,,,,日田市,ヒタシ,Hita-shi,,,,,,,,,,中釣,ナカヅル,,,0,0,0,1,0,0,0,0,1947-04-17,,0,,
442046,0000413,3,大分県,オオイタケン,Oita,,,,日田市,ヒタシ,Hita-shi,,,,,,,,,,中釣町,ナカズルマチ,Nakazurumachi,,0,0,0,1,0,0,0,0,1947-04-17,,0,8770075,
442046,0000414,3,大分県,オオイタケン,Oita,,,,日田市,ヒタシ,Hita-shi,,,,,,,,,,中島,ナカジマ,,,0,0,0,1,0,0,0,0,1947-04-17,,0,,
442046,0000415,3,大分県,オオイタケン,Oita,,,,日田市,ヒタシ,Hita-shi,,,,,,,,,,中尾,ナカオ,,,0,0,0,1,0,0,0,0,1947-04-17,,0,,
442046,0000416,3,大分県,オオイタケン,Oita,,,,日田市,ヒタシ,Hita-shi,,,,,,,,,,中尾町,ナカオマチ,Nakaomachi,,0,0,0,1,0,0,0,0,1947-04-17,,0,8771363,
442046,0000417,3,大分県,オオイタケン,Oita,,,,日田市,ヒタシ,Hita-shi,,,,,,,,,,中部里,ナカベリ,,,0,0,0,1,0,0,0,0,1947-04-17,,0,,
442046,0000418,3,大分県,オオイタケン,Oita,,,,日田市,ヒタシ,Hita-shi,,,,,,,,,,中雉谷,ナカキジヤ,,,0,0,0,1,0,0,0,0,1947-04-17,,0,,
442046,0000419,3,大分県,オオイタケン,Oita,,,,日田市,ヒタシ,Hita-shi,,,,,,,,,,虫秋,ムシアキ,,,0,0,0,1,0,0,0,0,1947-04-17,,0,,
442046,0000420,3,大分県,オオイタケン,Oita,,,,日田市,ヒタシ,Hita-shi,,,,,,,,,,朝日ヶ丘,アサヒガオカ,Asahigaoka,,0,0,0,1,0,0,0,0,1947-04-17,,0,8770084,
442046,0000421,3,大分県,オオイタケン,Oita,,,,日田市,ヒタシ,Hita-shi,,,,,,,,,,朝日町,アサヒマチ,Asahimachi,,0,0,0,1,0,0,0,0,1947-04-17,,0,8770085,
442046,0000422,3,大分県,オオイタケン,Oita,,,,日田市,ヒタシ,Hita-shi,,,,,,,,,,町野,マチノ,,,0,0,0,1,0,0,0,0,1947-04-17,,0,,
442046,0000423,3,大分県,オオイタケン,Oita,,,,日田市,ヒタシ,Hita-shi,,,,,,,,,,町野堤,マチノツツミ,,,0,0,0,1,0,0,0,0,1947-04-17,,0,,
442046,0000424,3,大分県,オオイタケン,Oita,,,,日田市,ヒタシ,Hita-shi,,,,,,,,,,長角,ナガツノ,,,0,0,0,1,0,0,0,0,1947-04-17,,0,,
442046,0000425,3,大分県,オオイタケン,Oita,,,,日田市,ヒタシ,Hita-shi,,,,,,,,,,長仁田,ナガニタ,,,0,0,0,1,0,0,0,0,1947-04-17,,0,,
442046,0000426,3,大分県,オオイタケン,Oita,,,,日田市,ヒタシ,Hita-shi,,,,,,,,,,長谷,ナガタニ,,,0,0,0,1,0,0,0,0,1947-04-17,,0,,
442046,0000427,3,大分県,オオイタケン,Oita,,,,日田市,ヒタシ,Hita-shi,,,,,,,,,,鳥越,トリゴエ,,,0,0,0,1,0,0,0,0,1947-04-17,,0,,
442046,0000428,3,大分県,オオイタケン,Oita,,,,日田市,ヒタシ,Hita-shi,,,,,,,,,,津辻,ツツジ,,,0,0,0,1,0,0,0,0,1947-04-17,,0,,
442046,0000429,3,大分県,オオイタケン,Oita,,,,日田市,ヒタシ,Hita-shi,,,,,,,,,,塚田下,ツカダシモ,,,0,0,0,1,0,0,0,0,1947-04-17,,0,,
442046,0000430,3,大分県,オオイタケン,Oita,,,,日田市,ヒタシ,Hita-shi,,,,,,,,,,塚田上,ツカダカミ,,,0,0,0,1,0,0,0,0,1947-04-17,,0,,
442046,0000431,3,大分県,オオイタケン,Oita,,,,日田市,ヒタシ,Hita-shi,,,,,,,,,,釣,ツル,,,0,0,0,1,0,0,0,0,1947-04-17,,0,,
442046,0000432,3,大分県,オオイタケン,Oita,,,,日田市,ヒタシ,Hita-shi,,,,,,,,,,鶴河内町,ツルカワウチマチ,Tsurugawachimachi,,0,0,0,1,0,0,0,0,1947-04-17,,0,8771103,
442046,0000433,3,大分県,オオイタケン,Oita,,,,日田市,ヒタシ,Hita-shi,,,,,,,,,,鶴城町,ツルギマチ,Tsurugimachi,,0,0,0,1,0,0,0,0,1947-04-17,,0,8771101,
442046,0000434,3,大分県,オオイタケン,Oita,,,,日田市,ヒタシ,Hita-shi,,,,,,,,,,鶴田,ツルダ,,,0,0,0,1,0,0,0,0,1947-04-17,,0,,
442046,0000435,3,大分県,オオイタケン,Oita,,,,日田市,ヒタシ,Hita-shi,,,,,,,,,,貞清,サダキヨ,,,0,0,0,1,0,0,0,0,1947-04-17,,0,,
442046,0000436,3,大分県,オオイタケン,Oita,,,,日田市,ヒタシ,Hita-shi,,,,,,,,,,堤,ツツミ,,,0,0,0,1,0,0,0,0,1947-04-17,,0,,
442046,0000437,3,大分県,オオイタケン,Oita,,,,日田市,ヒタシ,Hita-shi,,,,,,,,,,程野,ホドノ,,,0,0,0,1,0,0,0,0,1947-04-17,,0,,
442046,0000438,3,大分県,オオイタケン,Oita,,,,日田市,ヒタシ,Hita-shi,,,,,,,,,,釘原,クギワラ,,,0,0,0,1,0,0,0,0,1947-04-17,,0,,
442046,0000439,3,大分県,オオイタケン,Oita,,,,日田市,ヒタシ,Hita-shi,,,,,,,,,,天ヶ瀬,アマガセ,,,0,0,0,1,0,0,0,0,1947-04-17,,0,,
442046,0000440,3,大分県,オオイタケン,Oita,,,,日田市,ヒタシ,Hita-shi,,,,,,,,,,天神町,テンジンマチ,Tenjimmachi,,0,0,0,1,0,0,0,0,1947-04-17,,0,8771234,
442046,0000441,3,大分県,オオイタケン,Oita,,,,日田市,ヒタシ,Hita-shi,,,,,,,,,,伝切,デンキリ,,,0,0,0,1,0,0,0,0,1947-04-17,,0,,
442046,0000442,3,大分県,オオイタケン,Oita,,,,日田市,ヒタシ,Hita-shi,,,,,,,,,,伝里,ツタリ,,,0,0,0,1,0,0,0,0,1947-04-17,,0,,
442046,0000443,3,大分県,オオイタケン,Oita,,,,日田市,ヒタシ,Hita-shi,,,,,,,,,,殿町,トノマチ,Tonomachi,,0,0,0,1,0,0,0,0,1947-04-17,,0,8771242,
442046,0000444,3,大分県,オオイタケン,Oita,,,,日田市,ヒタシ,Hita-shi,,,,,,,,,,田ノ原,タノハル,,,0,0,0,1,0,0,0,0,1947-04-17,,0,,
442046,0000445,3,大分県,オオイタケン,Oita,,,,日田市,ヒタシ,Hita-shi,,,,,,,,,,田ノ口,タノクチ,,,0,0,0,1,0,0,0,0,1947-04-17,,0,,
442046,0000446,3,大分県,オオイタケン,Oita,,,,日田市,ヒタシ,Hita-shi,,,,,,,,,,田ノ頭,タノカシラ,,,0,0,0,1,0,0,0,0,1947-04-17,,0,,
442046,0000447,3,大分県,オオイタケン,Oita,,,,日田市,ヒタシ,Hita-shi,,,,,,,,,,田ノ尾,タノオ,,,0,0,0,1,0,0,0,0,1947-04-17,,0,,
442046,0000448,3,大分県,オオイタケン,Oita,,,,日田市,ヒタシ,Hita-shi,,,,,,,,,,田代,タシロ,,,0,0,0,1,0,0,0,0,1947-04-17,,0,,
442046,0000449,3,大分県,オオイタケン,Oita,,,,日田市,ヒタシ,Hita-shi,,,,,,,,,,田島町,タシママチ,,,0,0,0,1,0,0,0,0,1947-04-17,,0,,
442046,0000450,3,大分県,オオイタケン,Oita,,,,日田市,ヒタシ,Hita-shi,,,,,,,,,,田来原,タライバル,,,0,0,0,1,0,0,0,0,1947-04-17,,0,,
442046,0000451,3,大分県,オオイタケン,Oita,,,,日田市,ヒタシ,Hita-shi,,,,,,,,,,都留,ツル,,,0,0,0,1,0,0,0,0,1947-04-17,,0,,
442046,0000452,3,大分県,オオイタケン,Oita,,,,日田市,ヒタシ,Hita-shi,,,,,,,,,,土草,ツチクサ,,,0,0,0,1,0,0,0,0,1947-04-17,,0,,
442046,0000453,3,大分県,オオイタケン,Oita,,,,日田市,ヒタシ,Hita-shi,,,,,,,,,,塔ノ本,トウノモト,,,0,0,0,1,0,0,0,0,1947-04-17,,0,,
442046,0000454,3,大分県,オオイタケン,Oita,,,,日田市,ヒタシ,Hita-shi,,,,,,,,,,東羽田町,ヒガシハタマチ,Higashihatamachi,,0,0,0,1,0,0,0,0,1947-04-17,,0,8771381,
442046,0000455,3,大分県,オオイタケン,Oita,,,,日田市,ヒタシ,Hita-shi,,,,,,,,,,東見寺,トウゲンジ,,,0,0,0,1,0,0,0,0,1947-04-17,,0,,
442046,0000456,3,大分県,オオイタケン,Oita,,,,日田市,ヒタシ,Hita-shi,,,,,,,,,,東折,ヒガシオリ,,,0,0,0,1,0,0,0,0,1947-04-17,,0,,
442046,0000457,3,大分県,オオイタケン,Oita,,,,日田市,ヒタシ,Hita-shi,,,,,,,,,,東川内,ヒガシゴウチ,,,0,0,0,1,0,0,0,0,1947-04-17,,0,,
442046,0000458,3,大分県,オオイタケン,Oita,,,,日田市,ヒタシ,Hita-shi,,,,,,,,,,東代,トウシロ,,,0,0,0,1,0,0,0,0,1947-04-17,,0,,
442046,0000459,3,大分県,オオイタケン,Oita,,,,日田市,ヒタシ,Hita-shi,,,,,,,,,,東釣,ヒガシヅル,,,0,0,0,1,0,0,0,0,1947-04-17,,0,,
442046,0000460,3,大分県,オオイタケン,Oita,,,,日田市,ヒタシ,Hita-shi,,,,,,,,,,東雉谷,ヒガシキジヤ,,,0,0,0,1,0,0,0,0,1947-04-17,,0,,
442046,0000461,3,大分県,オオイタケン,Oita,,,,日田市,ヒタシ,Hita-shi,,,,,,,,,,桃山町,モモヤママチ,Momoyamamachi,,0,0,0,1,0,0,0,0,1947-04-17,,0,8770034,
442046,0000462,3,大分県,オオイタケン,Oita,,,,日田市,ヒタシ,Hita-shi,,,,,,,,,,湯ノ釣,ユノツル,,,0,0,0,1,0,0,0,0,1947-04-17,,0,,
442046,0000463,3,大分県,オオイタケン,Oita,,,,日田市,ヒタシ,Hita-shi,,,,,,,,,,藤ノ木,フジノキ,,,0,0,0,1,0,0,0,0,1947-04-17,,0,,
442046,0000464,3,大分県,オオイタケン,Oita,,,,日田市,ヒタシ,Hita-shi,,,,,,,,,,藤山町,フジヤママチ,Fujiyamamachi,,0,0,0,1,0,0,0,0,1947-04-17,,0,8771225,
442046,0000465,3,大分県,オオイタケン,Oita,,,,日田市,ヒタシ,Hita-shi,,,,,,,,,,藤蔵,トウゾウ,,,0,0,0,1,0,0,0,0,1947-04-17,,0,,
442046,0000466,3,大分県,オオイタケン,Oita,,,,日田市,ヒタシ,Hita-shi,,,,,,,,,,豆生野,マメオノ,,,0,0,0,1,0,0,0,0,1947-04-17,,0,,
442046,0000467,3,大分県,オオイタケン,Oita,,,,日田市,ヒタシ,Hita-shi,,,,,,,,,,堂尾,ドウノオ,,,0,0,0,1,0,0,0,0,1947-04-17,,0,,
442046,0000468,3,大分県,オオイタケン,Oita,,,,日田市,ヒタシ,Hita-shi,,,,,,,,,,道の下,ミチノシタ,,,0,0,0,1,0,0,0,0,1947-04-17,,0,,
442046,0000469,3,大分県,オオイタケン,Oita,,,,日田市,ヒタシ,Hita-shi,,,,,,,,,,栃井,トチイ,,,0,0,0,1,0,0,0,0,1947-04-17,,0,,
442046,0000470,3,大分県,オオイタケン,Oita,,,,日田市,ヒタシ,Hita-shi,,,,,,,,,,栃原,トチバル,,,0,0,0,1,0,0,0,0,1947-04-17,,0,,
442046,0000471,3,大分県,オオイタケン,Oita,,,,日田市,ヒタシ,Hita-shi,,,,,,,,,,寅丸,トラマル,,,0,0,0,1,0,0,0,0,1947-04-17,,0,,
442046,0000472,3,大分県,オオイタケン,Oita,,,,日田市,ヒタシ,Hita-shi,,,,,,,,,,内河町,ウチカワマチ,Uchikawamachi,,0,0,0,1,0,0,0,0,1947-04-17,,0,8770068,
442046,0000473,3,大分県,オオイタケン,Oita,,,,日田市,ヒタシ,Hita-shi,,,,,,,,,,内河野,ウチガワノ,,,0,0,0,1,0,0,0,0,1947-04-17,,0,,
442046,0000474,3,大分県,オオイタケン,Oita,,,,日田市,ヒタシ,Hita-shi,,,,,,,,,,内代,ナイシロ,,,0,0,0,1,0,0,0,0,1947-04-17,,0,,
442046,0000475,3,大分県,オオイタケン,Oita,,,,日田市,ヒタシ,Hita-shi,,,,,,,,,,南豆田,ワカミヤマチ,,,0,0,0,1,0,0,0,0,1947-04-17,,0,,
442046,0000476,3,大分県,オオイタケン,Oita,,,,日田市,ヒタシ,Hita-shi,,,,,,,,,,南部町,ナンブマチ,Nambumachi,,0,0,0,1,0,0,0,0,1947-04-17,,0,8770058,
442046,0000477,3,大分県,オオイタケン,Oita,,,,日田市,ヒタシ,Hita-shi,,,,,,,,,,南友田町,ミナミトモダマチ,Minamitomodamachi,,0,0,0,1,0,0,0,0,1947-04-17,,0,8770077,
442046,0000478,3,大分県,オオイタケン,Oita,,,,日田市,ヒタシ,Hita-shi,,,,,,,,,,南雉谷,ミナミキジヤ,,,0,0,0,1,0,0,0,0,1947-04-17,,0,,
442046,0000479,3,大分県,オオイタケン,Oita,,,,日田市,ヒタシ,Hita-shi,,,,,,,,,,二ッ尾,フタツオ,,,0,0,0,1,0,0,0,0,1947-04-17,,0,,
442046,0000480,3,大分県,オオイタケン,Oita,,,,日田市,ヒタシ,Hita-shi,,,,,,,,,,二串町,ニクシマチ,Nikushicho,,0,0,0,1,0,0,0,0,1947-04-17,,0,8770086,
442046,0000481,3,大分県,オオイタケン,Oita,,,,日田市,ヒタシ,Hita-shi,,,,,,,,,,二杖,フタツエ,,,0,0,0,1,0,0,0,0,1947-04-17,,0,,
442046,0000482,3,大分県,オオイタケン,Oita,,,,日田市,ヒタシ,Hita-shi,,,,,,,,,,二又,フタマタ,,,0,0,0,1,0,0,0,0,1947-04-17,,0,,
442046,0000483,3,大分県,オオイタケン,Oita,,,,日田市,ヒタシ,Hita-shi,,,,,,,,,,日ノ隈町,ヒノクママチ,Hinokumamachi,,0,0,0,1,0,0,0,0,1947-04-17,,0,8770073,
442046,0000484,3,大分県,オオイタケン,Oita,,,,日田市,ヒタシ,Hita-shi,,,,,,,,,,日ノ出町,ヒノデマチ,Hinodemachi,,0,0,0,1,0,0,0,0,1947-04-17,,0,8770082,
442046,0000485,3,大分県,オオイタケン,Oita,,,,日田市,ヒタシ,Hita-shi,,,,,,,,,,日の本町,ヒノモトマチ,Hinomotomachi,,0,0,0,1,0,0,0,0,1947-04-17,,0,8771382,
442046,0000486,3,大分県,オオイタケン,Oita,,,,日田市,ヒタシ,Hita-shi,,,,,,,,,,日掛,ヒカケ,,,0,0,0,1,0,0,0,0,1947-04-17,,0,,
442046,0000487,3,大分県,オオイタケン,Oita,,,,日田市,ヒタシ,Hita-shi,,,,,,,,,,日向,ヒムキ,,,0,0,0,1,0,0,0,0,1947-04-17,,0,,
442046,0000488,3,大分県,オオイタケン,Oita,,,,日田市,ヒタシ,Hita-shi,,,,,,,,,,日向野,ヒュウガノ,,,0,0,0,1,0,0,0,0,1947-04-17,,0,,
442046,0000489,3,大分県,オオイタケン,Oita,,,,日田市,ヒタシ,Hita-shi,,,,,,,,,,日高町,ヒタカマチ,Hidakamachi,,0,0,0,1,0,0,0,0,1947-04-17,,0,8770035,
442046,0000490,3,大分県,オオイタケン,Oita,,,,日田市,ヒタシ,Hita-shi,,,,,,,,,,入美,イリミ,,,0,0,0,1,0,0,0,0,1947-04-17,,0,,
442046,0000491,3,大分県,オオイタケン,Oita,,,,日田市,ヒタシ,Hita-shi,,,,,,,,,,杷木山,ハキヤマ,,,0,0,0,1,0,0,0,0,1947-04-17,,0,,
442046,0000492,3,大分県,オオイタケン,Oita,,,,日田市,ヒタシ,Hita-shi,,,,,,,,,,馬尻,マジリ,,,0,0,0,1,0,0,0,0,1947-04-17,,0,,
442046,0000493,3,大分県,オオイタケン,Oita,,,,日田市,ヒタシ,Hita-shi,,,,,,,,,,梅ノ木,ウメノキ,,,0,0,0,1,0,0,0,0,1947-04-17,,0,,
442046,0000494,3,大分県,オオイタケン,Oita,,,,日田市,ヒタシ,Hita-shi,,,,,,,,,,梅野,ウメノ,,,0,0,0,1,0,0,0,0,1947-04-17,,0,,
442046,0000495,3,大分県,オオイタケン,Oita,,,,日田市,ヒタシ,Hita-shi,,,,,,,,,,萩原,ハギワラ,,,0,0,0,1,0,0,0,0,1947-04-17,,0,,
442046,0000496,3,大分県,オオイタケン,Oita,,,,日田市,ヒタシ,Hita-shi,,,,,,,,,,白岩,シライワ,,,0,0,0,1,0,0,0,0,1947-04-17,,0,,
442046,0000497,3,大分県,オオイタケン,Oita,,,,日田市,ヒタシ,Hita-shi,,,,,,,,,,白草,ハクソウ,,,0,0,0,1,0,0,0,0,1947-04-17,,0,,
442046,0000498,3,大分県,オオイタケン,Oita,,,,日田市,ヒタシ,Hita-shi,,,,,,,,,,畑中,ハタケナカ,,,0,0,0,1,0,0,0,0,1947-04-17,,0,,
442046,0000499,3,大分県,オオイタケン,Oita,,,,日田市,ヒタシ,Hita-shi,,,,,,,,,,八久保,ハチクボ,,,0,0,0,1,0,0,0,0,1947-04-17,,0,,
442046,0000500,3,大分県,オオイタケン,Oita,,,,日田市,ヒタシ,Hita-shi,,,,,,,,,,八所,ヤモコロ,,,0,0,0,1,0,0,0,0,1947-04-17,,0,,
442046,0000501,3,大分県,オオイタケン,Oita,,,,日田市,ヒタシ,Hita-shi,,,,,,,,,,八幡町,ヤハタマチ,Yahatamachi,,0,0,0,1,0,0,0,0,1947-04-17,,0,8770057,
442046,0000502,3,大分県,オオイタケン,Oita,,,,日田市,ヒタシ,Hita-shi,,,,,,,,,,八本木,ハチホンギ,,,0,0,0,1,0,0,0,0,1947-04-17,,0,,
442046,0000503,3,大分県,オオイタケン,Oita,,,,日田市,ヒタシ,Hita-shi,,,,,,,,,,筏場,イカダハ,,,0,0,0,1,0,0,0,0,1947-04-17,,0,,
442046,0000504,3,大分県,オオイタケン,Oita,,,,日田市,ヒタシ,Hita-shi,,,,,,,,,,板屋,イタヤ,,,0,0,0,1,0,0,0,0,1947-04-17,,0,,
442046,0000505,3,大分県,オオイタケン,Oita,,,,日田市,ヒタシ,Hita-shi,,,,,,,,,,尾戸,オト,,,0,0,0,1,0,0,0,0,1947-04-17,,0,,
442046,0000506,3,大分県,オオイタケン,Oita,,,,日田市,ヒタシ,Hita-shi,,,,,,,,,,尾釣,オヅリ,,,0,0,0,1,0,0,0,0,1947-04-17,,0,,
442046,0000507,3,大分県,オオイタケン,Oita,,,,日田市,ヒタシ,Hita-shi,,,,,,,,,,尾当町,オトマチ,Otomachi,,0,0,0,1,0,0,0,0,1947-04-17,,0,8771362,
442046,0000508,3,大分県,オオイタケン,Oita,,,,日田市,ヒタシ,Hita-shi,,,,,,,,,,姫椿,ヒメツバキ,,,0,0,0,1,0,0,0,0,1947-04-17,,0,,
442046,0000509,3,大分県,オオイタケン,Oita,,,,日田市,ヒタシ,Hita-shi,,,,,,,,,,苗代部,ナワシロベ,,,0,0,0,1,0,0,0,0,1947-04-17,,0,,
442046,0000510,3,大分県,オオイタケン,Oita,,,,日田市,ヒタシ,Hita-shi,,,,,,,,,,蕪,カブ,,,0,0,0,1,0,0,0,0,1947-04-17,,0,,
442046,0000511,3,大分県,オオイタケン,Oita,,,,日田市,ヒタシ,Hita-shi,,,,,,,,,,伏木,フシキ,,,0,0,0,1,0,0,0,0,1947-04-17,,0,,
442046,0000512,3,大分県,オオイタケン,Oita,,,,日田市,ヒタシ,Hita-shi,,,,,,,,,,伏木町,フシキマチ,Fushikimachi,,0,0,0,1,0,0,0,0,1947-04-17,,0,8771221,
442046,0000513,3,大分県,オオイタケン,Oita,,,,日田市,ヒタシ,Hita-shi,,,,,,,,,,福島,フクシマ,,,0,0,0,1,0,0,0,0,1947-04-17,,0,,
442046,0000514,3,大分県,オオイタケン,Oita,,,,日田市,ヒタシ,Hita-shi,,,,,,,,,,仏石,ホトケイシ,,,0,0,0,1,0,0,0,0,1947-04-17,,0,,
442046,0000515,3,大分県,オオイタケン,Oita,,,,日田市,ヒタシ,Hita-shi,,,,,,,,,,仏本,ホトケモト,,,0,0,0,1,0,0,0,0,1947-04-17,,0,,
442046,0000516,3,大分県,オオイタケン,Oita,,,,日田市,ヒタシ,Hita-shi,,,,,,,,,,平,ダイラ,,,0,0,0,1,0,0,0,0,1947-04-17,,0,,
442046,0000517,3,大分県,オオイタケン,Oita,,,,日田市,ヒタシ,Hita-shi,,,,,,,,,,平原,ヒラバル,,,0,0,0,1,0,0,0,0,1947-04-17,,0,,
442046,0000518,3,大分県,オオイタケン,Oita,,,,日田市,ヒタシ,Hita-shi,,,,,,,,,,平島,ヒラジマ,,,0,0,0,1,0,0,0,0,1947-04-17,,0,,
442046,0000519,3,大分県,オオイタケン,Oita,,,,日田市,ヒタシ,Hita-shi,,,,,,,,,,平野,ヒラノ,,,0,0,0,1,0,0,0,0,1947-04-17,,0,,
442046,0000520,3,大分県,オオイタケン,Oita,,,,日田市,ヒタシ,Hita-shi,,,,,,,,,,平薮,ダイラヤブ,,,0,0,0,1,0,0,0,0,1947-04-17,,0,,
442046,0000521,3,大分県,オオイタケン,Oita,,,,日田市,ヒタシ,Hita-shi,,,,,,,,,,片山,カタヤマ,,,0,0,0,1,0,0,0,0,1947-04-17,,0,,
442046,0000522,3,大分県,オオイタケン,Oita,,,,日田市,ヒタシ,Hita-shi,,,,,,,,,,片仁田,カタニダ,,,0,0,0,1,0,0,0,0,1947-04-17,,0,,
442046,0000523,3,大分県,オオイタケン,Oita,,,,日田市,ヒタシ,Hita-shi,,,,,,,,,,片瀬古,カタセゴ,,,0,0,0,1,0,0,0,0,1947-04-17,,0,,
442046,0000524,3,大分県,オオイタケン,Oita,,,,日田市,ヒタシ,Hita-shi,,,,,,,,,,片田,カタンダ,,,0,0,0,1,0,0,0,0,1947-04-17,,0,,
442046,0000525,3,大分県,オオイタケン,Oita,,,,日田市,ヒタシ,Hita-shi,,,,,,,,,,片峰,カタミネ,,,0,0,0,1,0,0,0,0,1947-04-17,,0,,
442046,0000526,3,大分県,オオイタケン,Oita,,,,日田市,ヒタシ,Hita-shi,,,,,,,,,,保慶,ホケイ,,,0,0,0,1,0,0,0,0,1947-04-17,,0,,
442046,0000527,3,大分県,オオイタケン,Oita,,,,日田市,ヒタシ,Hita-shi,,,,,,,,,,甫手野,ホテノ,,,0,0,0,1,0,0,0,0,1947-04-17,,0,,
442046,0000528,3,大分県,オオイタケン,Oita,,,,日田市,ヒタシ,Hita-shi,,,,,,,,,,崩の平,クエノヒラ,,,0,0,0,1,0,0,0,0,1947-04-17,,0,,
442046,0000529,3,大分県,オオイタケン,Oita,,,,日田市,ヒタシ,Hita-shi,,,,,,,,,,方司口,ホウシグチ,,,0,0,0,1,0,0,0,0,1947-04-17,,0,,
442046,0000530,3,大分県,オオイタケン,Oita,,,,日田市,ヒタシ,Hita-shi,,,,,,,,,,北川,キタゴウ,,,0,0,0,1,0,0,0,0,1947-04-17,,0,,
442046,0000531,3,大分県,オオイタケン,Oita,,,,日田市,ヒタシ,Hita-shi,,,,,,,,,,北平,キタビラ,,,0,0,0,1,0,0,0,0,1947-04-17,,0,,
442046,0000532,3,大分県,オオイタケン,Oita,,,,日田市,ヒタシ,Hita-shi,,,,,,,,,,本城,ホンジョウ,,,0,0,0,1,0,0,0,0,1947-04-17,,0,,
442046,0000533,3,大分県,オオイタケン,Oita,,,,日田市,ヒタシ,Hita-shi,,,,,,,,,,本村,ホンムラ,,,0,0,0,1,0,0,0,0,1947-04-17,,0,,
442046,0000534,3,大分県,オオイタケン,Oita,,,,日田市,ヒタシ,Hita-shi,,,,,,,,,,本入,モトイリ,,,0,0,0,1,0,0,0,0,1947-04-17,,0,,
442046,0000535,3,大分県,オオイタケン,Oita,,,,日田市,ヒタシ,Hita-shi,,,,,,,,,,末野,ジイノ,,,0,0,0,1,0,0,0,0,1947-04-17,,0,,
442046,0000536,3,大分県,オオイタケン,Oita,,,,日田市,ヒタシ,Hita-shi,,,,,,,,,,万々金,マンマガネ,,,0,0,0,1,0,0,0,0,1947-04-17,,0,,
442046,0000537,3,大分県,オオイタケン,Oita,,,,日田市,ヒタシ,Hita-shi,,,,,,,,,,名里,ナザト,,,0,0,0,1,0,0,0,0,1947-04-17,,0,,
442046,0000538,3,大分県,オオイタケン,Oita,,,,日田市,ヒタシ,Hita-shi,,,,,,,,,,綿打,ワタウチ,,,0,0,0,1,0,0,0,0,1947-04-17,,0,,
442046,0000539,3,大分県,オオイタケン,Oita,,,,日田市,ヒタシ,Hita-shi,,,,,,,,,,木弓,キユミ,,,0,0,0,1,0,0,0,0,1947-04-17,,0,,
442046,0000540,3,大分県,オオイタケン,Oita,,,,日田市,ヒタシ,Hita-shi,,,,,,,,,,木六,キロク,,,0,0,0,1,0,0,0,0,1947-04-17,,0,,
442046,0000541,3,大分県,オオイタケン,Oita,,,,日田市,ヒタシ,Hita-shi,,,,,,,,,,目串,モグシ,,,0,0,0,1,0,0,0,0,1947-04-17,,0,,
442046,0000542,3,大分県,オオイタケン,Oita,,,,日田市,ヒタシ,Hita-shi,,,,,,,,,,夜明関町,ヨアケセキマチ,Yoakesekimachi,,0,0,0,1,0,0,0,0,1947-04-17,,0,8771113,
442046,0000543,3,大分県,オオイタケン,Oita,,,,日田市,ヒタシ,Hita-shi,,,,,,,,,,夜明上町,ヨアケカミマチ,Yoakekamimachi,,0,0,0,1,0,0,0,0,1947-04-17,,0,8771111,
442046,0000544,3,大分県,オオイタケン,Oita,,,,日田市,ヒタシ,Hita-shi,,,,,,,,,,夜明中町,ヨアケナカマチ,Yoakenakamachi,,0,0,0,1,0,0,0,0,1947-04-17,,0,8771112,
442046,0000545,3,大分県,オオイタケン,Oita,,,,日田市,ヒタシ,Hita-shi,,,,,,,,,,野瀬部,ノセブ,,,0,0,0,1,0,0,0,0,1947-04-17,,0,,
442046,0000546,3,大分県,オオイタケン,Oita,,,,日田市,ヒタシ,Hita-shi,,,,,,,,,,野田,ノダ,,,0,0,0,1,0,0,0,0,1947-04-17,,0,,
442046,0000547,3,大分県,オオイタケン,Oita,,,,日田市,ヒタシ,Hita-shi,,,,,,,,,,矢瀬,ヤゼ,,,0,0,0,1,0,0,0,0,1947-04-17,,0,,
442046,0000548,3,大分県,オオイタケン,Oita,,,,日田市,ヒタシ,Hita-shi,,,,,,,,,,矢片又,ヤカツマタ,,,0,0,0,1,0,0,0,0,1947-04-17,,0,,
442046,0000549,3,大分県,オオイタケン,Oita,,,,日田市,ヒタシ,Hita-shi,,,,,,,,,,柳瀬,ヤナゼ,,,0,0,0,1,0,0,0,0,1947-04-17,,0,,
442046,0000550,3,大分県,オオイタケン,Oita,,,,日田市,ヒタシ,Hita-shi,,,,,,,,,,柳又,ヤナギマタ,,,0,0,0,1,0,0,0,0,1947-04-17,,0,,
442046,0000551,3,大分県,オオイタケン,Oita,,,,日田市,ヒタシ,Hita-shi,,,,,,,,,,薮,ヤブ,,,0,0,0,1,0,0,0,0,1947-04-17,,0,,
442046,0000552,3,大分県,オオイタケン,Oita,,,,日田市,ヒタシ,Hita-shi,,,,,,,,,,有田町,アリタマチ,Aritamachi,,0,0,0,1,0,0,0,0,1947-04-17,,0,8771361,
442046,0000553,3,大分県,オオイタケン,Oita,,,,日田市,ヒタシ,Hita-shi,,,,,,,,,,柚ノ木,ユノキ,,,0,0,0,1,0,0,0,0,1947-04-17,,0,,
442046,0000554,3,大分県,オオイタケン,Oita,,,,日田市,ヒタシ,Hita-shi,,,,,,,,,,柚の木原,ユノキバル,,,0,0,0,1,0,0,0,0,1947-04-17,,0,,
442046,0000555,3,大分県,オオイタケン,Oita,,,,日田市,ヒタシ,Hita-shi,,,,,,,,,,柚木,ユウギ,,,0,0,0,1,0,0,0,0,1947-04-17,,0,,
442046,0000556,3,大分県,オオイタケン,Oita,,,,日田市,ヒタシ,Hita-shi,,,,,,,,,,柚木本村,ユウギホンムラ,,,0,0,0,1,0,0,0,0,1947-04-17,,0,,
442046,0000557,3,大分県,オオイタケン,Oita,,,,日田市,ヒタシ,Hita-shi,,,,,,,,,,夕川,セキゴウ,,,0,0,0,1,0,0,0,0,1947-04-17,,0,,
442046,0000558,3,大分県,オオイタケン,Oita,,,,日田市,ヒタシ,Hita-shi,,,,,,,,,,葉迫,ハサコ,,,0,0,0,1,0,0,0,0,1947-04-17,,0,,
442046,0000559,3,大分県,オオイタケン,Oita,,,,日田市,ヒタシ,Hita-shi,,,,,,,,,,養面寺,ヨウメンジ,,,0,0,0,1,0,0,0,0,1947-04-17,,0,,
442046,0000560,3,大分県,オオイタケン,Oita,,,,日田市,ヒタシ,Hita-shi,,,,,,,,,,両組,リョウクミ,,,0,0,0,1,0,0,0,0,1947-04-17,,0,,
442046,0000561,3,大分県,オオイタケン,Oita,,,,日田市,ヒタシ,Hita-shi,,,,,,,,,,梁瀬,ヤナゼ,,,0,0,0,1,0,0,0,0,1947-04-17,,0,,
442046,0000562,3,大分県,オオイタケン,Oita,,,,日田市,ヒタシ,Hita-shi,,,,,,,,,,林,ハヤシ,,,0,0,0,1,0,0,0,0,1947-04-17,,0,,
442046,0000563,3,大分県,オオイタケン,Oita,,,,日田市,ヒタシ,Hita-shi,,,,,,,,,,鈴連町,スズレマチ,Suzuremachi,,0,0,0,1,0,0,0,0,1947-04-17,,0,8771243,
442046,0000564,3,大分県,オオイタケン,Oita,,,,日田市,ヒタシ,Hita-shi,,,,,,,,,,簾,スダレ,,,0,0,0,1,0,0,0,0,1947-04-17,,0,,
442046,0000565,3,大分県,オオイタケン,Oita,,,,日田市,ヒタシ,Hita-shi,,,,,,,,,,露木,ツユキ,,,0,0,0,1,0,0,0,0,1947-04-17,,0,,
442046,0000566,3,大分県,オオイタケン,Oita,,,,日田市,ヒタシ,Hita-shi,,,,,,,,,,和田,ワダ,,,0,0,0,1,0,0,0,0,1947-04-17,,0,,
442046,0000567,3,大分県,オオイタケン,Oita,,,,日田市,ヒタシ,Hita-shi,,,,,,,,,,鰐,ワニ,,,0,0,0,1,0,0,0,0,1947-04-17,,0,,
442046,0000568,3,大分県,オオイタケン,Oita,,,,日田市,ヒタシ,Hita-shi,,,,,,,,,,梛野,ナギノ,,,0,0,0,1,0,0,0,0,1947-04-17,,0,,
442046,0000569,3,大分県,オオイタケン,Oita,,,,日田市,ヒタシ,Hita-shi,,,,,,,,,,楮原,カゴバル,,,0,0,0,1,0,0,0,0,1947-04-17,,0,,
442046,0000570,3,大分県,オオイタケン,Oita,,,,日田市,ヒタシ,Hita-shi,,,,,,,,,,獺野尾,ウソノオ,,,0,0,0,1,0,0,0,0,1947-04-17,,0,,
442046,0000571,3,大分県,オオイタケン,Oita,,,,日田市,ヒタシ,Hita-shi,,,,,,,,,,簗ヶ瀬,ヤナガセ,,,0,0,0,1,0,0,0,0,1947-04-17,,0,,
442046,0001000,1,大分県,オオイタケン,Oita,,,,日田市,ヒタシ,Hita-shi,,,,天瀬町赤岩,アマガセマチアカイワ,Amagasemachi Akaiwa,,,,,,,,0,0,0,0,0,0,0,1,1947-04-17,,0,8794202,
442046,0002000,1,大分県,オオイタケン,Oita,,,,日田市,ヒタシ,Hita-shi,,,,天瀬町五馬市,アマガセマチイツマイチ,Amagasemachi Itsumaichi,,,,,,,,0,0,0,0,0,0,0,1,1947-04-17,,0,8770111,
442046,0003000,1,大分県,オオイタケン,Oita,,,,日田市,ヒタシ,Hita-shi,,,,天瀬町出口,アマガセマチイデグチ,Amagasemachi Ideguchi,,,,,,,,0,0,0,0,0,0,0,1,1947-04-17,,0,8770114,
442046,0004000,1,大分県,オオイタケン,Oita,,,,日田市,ヒタシ,Hita-shi,,,,天瀬町女子畑,アマガセマチオナゴハタ,Amagasemachi Onagohata,,,,,,,,0,0,0,0,0,0,0,1,1947-04-17,,0,8794123,
442046,0005000,1,大分県,オオイタケン,Oita,,,,日田市,ヒタシ,Hita-shi,,,,天瀬町合田,アマガセマチゴウタ,Amagasemachi Gota,,,,,,,,0,0,0,0,0,0,0,1,1947-04-17,,0,8794122,
442046,0006000,1,大分県,オオイタケン,Oita,,,,日田市,ヒタシ,Hita-shi,,,,天瀬町桜竹,アマガセマチサクラダケ,Amagasemachi Sakuradake,,,,,,,,0,0,0,0,0,0,0,1,1947-04-17,,0,8794201,
442046,0007000,1,大分県,オオイタケン,Oita,,,,日田市,ヒタシ,Hita-shi,,,,天瀬町塚田,アマガセマチツカダ,Amagasemachi Tsukada,,,,,,,,0,0,0,0,0,0,0,1,1947-04-17,,0,8770113,
442046,0008000,1,大分県,オオイタケン,Oita,,,,日田市,ヒタシ,Hita-shi,,,,天瀬町本城,アマガセマチホンジョウ,Amagasemachi Honjo,,,,,,,,0,0,0,0,0,0,0,1,1947-04-17,,0,8770112,
442046,0009000,1,大分県,オオイタケン,Oita,,,,日田市,ヒタシ,Hita-shi,,,,天瀬町馬原,アマガセマチマバル,Amagasemachi Mabaru,,,,,,,,0,0,0,0,0,0,0,1,1947-04-17,,0,8794121,
442046,0010000,1,大分県,オオイタケン,Oita,,,,日田市,ヒタシ,Hita-shi,,,,天瀬町湯山,アマガセマチユヤマ,Amagasemachi Yuyama,,,,,,,,0,0,0,0,0,0,0,1,1947-04-17,,0,8794203,
442046,0011000,1,大分県,オオイタケン,Oita,,,,日田市,ヒタシ,Hita-shi,,,,大字有田,オオアザアリタ,,,,,,,,,0,0,0,0,0,0,0,1,1947-04-17,,0,,
442046,0012000,1,大分県,オオイタケン,Oita,,,,日田市,ヒタシ,Hita-shi,,,,大字石井,オオアザイシイ,Ishii,,,,,,,,0,0,0,0,0,0,0,1,1947-04-17,,0,8770061,
442046,0013000,1,大分県,オオイタケン,Oita,,,,日田市,ヒタシ,Hita-shi,,,,大字上野,オオアザウエノ,,,,,,,,,0,0,0,0,0,0,0,1,1947-04-17,,0,,
442046,0014000,1,大分県,オオイタケン,Oita,,,,日田市,ヒタシ,Hita-shi,,,,大字内河野,オオアザウチカワノ,,,,,,,,,0,0,0,0,0,0,0,1,1947-04-17,,0,,
442046,0015000,1,大分県,オオイタケン,Oita,,,,日田市,ヒタシ,Hita-shi,,,,大字大肥,オオアザオオヒ,,,,,,,,,0,0,0,0,0,0,0,1,1947-04-17,,0,,
442046,0016000,1,大分県,オオイタケン,Oita,,,,日田市,ヒタシ,Hita-shi,,,,大字小迫,オオアザオザコ,,,,,,,,,0,0,0,0,0,0,0,1,1947-04-17,,0,,
442046,0017000,1,大分県,オオイタケン,Oita,,,,日田市,ヒタシ,Hita-shi,,,,大字小野,オオアザオノ,,,,,,,,,0,0,0,0,0,0,0,1,1947-04-17,,0,,
442046,0018000,1,大分県,オオイタケン,Oita,,,,日田市,ヒタシ,Hita-shi,,,,大字小山,オオアザオヤマ,,,,,,,,,0,0,0,0,0,0,0,1,1947-04-17,,0,,
442046,0019000,1,大分県,オオイタケン,Oita,,,,日田市,ヒタシ,Hita-shi,,,,大字川下,オオアザカワシタ,Kawashita,,,,,,,,0,0,0,0,0,0,0,1,1947-04-17,,0,8770066,
442046,0020000,1,大分県,オオイタケン,Oita,,,,日田市,ヒタシ,Hita-shi,,,,大字北豆田,オオアザキタマメダ,,,,,,,,,0,0,0,0,0,0,0,1,1947-04-17,,0,,
442046,0021000,1,大分県,オオイタケン,Oita,,,,日田市,ヒタシ,Hita-shi,,,,大字求来里,オオアザククリ,,,,,,,,,0,0,0,0,0,0,0,1,1947-04-17,,0,,
442046,0022000,1,大分県,オオイタケン,Oita,,,,日田市,ヒタシ,Hita-shi,,,,大字十二町,オオアザジュウニチョウ,,,,,,,,,0,0,0,0,0,0,0,1,1947-04-17,,0,,
442046,0023000,1,大分県,オオイタケン,Oita,,,,日田市,ヒタシ,Hita-shi,,,,大字庄手,オオアザショウデ,,,,,,,,,0,0,0,0,0,0,0,1,1947-04-17,,0,,
442046,0024000,1,大分県,オオイタケン,Oita,,,,日田市,ヒタシ,Hita-shi,,,,大字高瀬,オオアザタカセ,,,,,,,,,0,0,0,0,0,0,0,1,1947-04-17,,0,,
442046,0025000,1,大分県,オオイタケン,Oita,,,,日田市,ヒタシ,Hita-shi,,,,大字竹田,オオアザタケダ,,,,,,,,,0,0,0,0,0,0,0,1,1947-04-17,,0,,
442046,0026000,1,大分県,オオイタケン,Oita,,,,日田市,ヒタシ,Hita-shi,,,,大字田島,オオアザタシマ,,,,,,,,,0,0,0,0,0,0,0,1,1947-04-17,,0,,
442046,0027000,1,大分県,オオイタケン,Oita,,,,日田市,ヒタシ,Hita-shi,,,,大字鶴河内,オオアザツルカワチ,,,,,,,,,0,0,0,0,0,0,0,1,1947-04-17,,0,,
442046,0028000,1,大分県,オオイタケン,Oita,,,,日田市,ヒタシ,Hita-shi,,,,大字堂尾,オオアザドウノオ,,,,,,,,,0,0,0,0,0,0,0,1,1947-04-17,,0,,
442046,0029000,1,大分県,オオイタケン,Oita,,,,日田市,ヒタシ,Hita-shi,,,,大字友田,オオアザトモダ,,,,,,,,,0,0,0,0,0,0,0,1,1947-04-17,,0,,
442046,0030000,1,大分県,オオイタケン,Oita,,,,日田市,ヒタシ,Hita-shi,,,,大字二串,オオアザニクシ,,,,,,,,,0,0,0,0,0,0,0,1,1947-04-17,,0,,
442046,0031000,1,大分県,オオイタケン,Oita,,,,日田市,ヒタシ,Hita-shi,,,,大字西有田,オオアザニシアリタ,,,,,,,,,0,0,0,0,0,0,0,1,1947-04-17,,0,,
442046,0032000,1,大分県,オオイタケン,Oita,,,,日田市,ヒタシ,Hita-shi,,,,大字羽田,オオアザハタ,,,,,,,,,0,0,0,0,0,0,0,1,1947-04-17,,0,,
442046,0033000,1,大分県,オオイタケン,Oita,,,,日田市,ヒタシ,Hita-shi,,,,大字花月,オオアザハナツキ,,,,,,,,,0,0,0,0,0,0,0,1,1947-04-17,,0,,
442046,0034000,1,大分県,オオイタケン,Oita,,,,日田市,ヒタシ,Hita-shi,,,,大字東有田,オオアザヒガシアリタ,,,,,,,,,0,0,0,0,0,0,0,1,1947-04-17,,0,,
442046,0035000,1,大分県,オオイタケン,Oita,,,,日田市,ヒタシ,Hita-shi,,,,大字日高,オオアザヒダカ,,,,,,,,,0,0,0,0,0,0,0,1,1947-04-17,,0,,
442046,0036000,1,大分県,オオイタケン,Oita,,,,日田市,ヒタシ,Hita-shi,,,,大字南豆田,オオアザミナミマメダ,,,,,,,,,0,0,0,0,0,0,0,1,1947-04-17,,0,,
442046,0037000,1,大分県,オオイタケン,Oita,,,,日田市,ヒタシ,Hita-shi,,,,大字三和,オオアザミワ,,,,,,,,,0,0,0,0,0,0,0,1,1947-04-17,,0,,
442046,0038000,1,大分県,オオイタケン,Oita,,,,日田市,ヒタシ,Hita-shi,,,,大字山田,オオアザヤマダ,,,,,,,,,0,0,0,0,0,0,0,1,1947-04-17,,0,,
442046,0039000,1,大分県,オオイタケン,Oita,,,,日田市,ヒタシ,Hita-shi,,,,大字夜明,オオアザヨアケ,,,,,,,,,0,0,0,0,0,0,0,1,1947-04-17,,0,,
442046,0040000,1,大分県,オオイタケン,Oita,,,,日田市,ヒタシ,Hita-shi,,,,大字渡里,オオアザワタリ,,,,,,,,,0,0,0,0,0,0,0,1,1947-04-17,,0,,
442046,0041000,1,大分県,オオイタケン,Oita,,,,日田市,ヒタシ,Hita-shi,,,,大山町西大山,オオヤママチニシオオヤマ,Oyamamachi Nishioyama,,,,,,,,0,0,0,0,0,0,0,1,1947-04-17,,0,8770201,
442046,0042000,1,大分県,オオイタケン,Oita,,,,日田市,ヒタシ,Hita-shi,,,,大山町東大山,オオヤママチヒガシオオヤマ,Oyamamachi Higashioyama,,,,,,,,0,0,0,0,0,0,0,1,1947-04-17,,0,8770202,
442046,0043000,1,大分県,オオイタケン,Oita,,,,日田市,ヒタシ,Hita-shi,,,,上城内町,カミジョウナイマチ,Kamijonaimachi,,,,,,,,1,1,0,0,0,0,0,1,1947-04-17,,0,8770003,
442046,0044000,1,大分県,オオイタケン,Oita,,,,日田市,ヒタシ,Hita-shi,,,,上津江町上野田,カミツエマチカミノダ,Kamitsuemachi Kaminoda,,,,,,,,0,0,0,0,0,0,0,1,1947-04-17,,0,8770312,
442046,0045000,1,大分県,オオイタケン,Oita,,,,日田市,ヒタシ,Hita-shi,,,,上津江町川原,カミツエマチカワバル,Kamitsuemachi Kawabaru,,,,,,,,0,0,0,0,0,0,0,1,1947-04-17,,0,8770311,
442046,0046000,1,大分県,オオイタケン,Oita,,,,日田市,ヒタシ,Hita-shi,,,,川原町,カワハラマチ,Kawaharamachi,,,,,,,,1,1,0,0,0,0,0,1,1947-04-17,,0,8770043,
442046,0047000,1,大分県,オオイタケン,Oita,,,,日田市,ヒタシ,Hita-shi,,,,亀山町,キザンマチ,Kizammachi,,,,,,,,1,1,0,0,0,0,0,1,1947-04-17,,0,8770045,
442046,0048001,2,大分県,オオイタケン,Oita,,,,日田市,ヒタシ,Hita-shi,,,,隈,クマ,Kuma,一丁目,１チョウメ,1,,,,,1,1,0,0,0,0,0,1,1947-04-17,,0,,
442046,0048002,2,大分県,オオイタケン,Oita,,,,日田市,ヒタシ,Hita-shi,,,,隈,クマ,Kuma,二丁目,２チョウメ,2,,,,,1,1,0,0,0,0,0,1,1947-04-17,,0,,
442046,0049001,2,大分県,オオイタケン,Oita,,,,日田市,ヒタシ,Hita-shi,,,,三本松,サンボンマツ,Sambommatsu,一丁目,１チョウメ,1,,,,,1,1,0,0,0,0,0,1,1947-04-17,,0,,
442046,0049002,2,大分県,オオイタケン,Oita,,,,日田市,ヒタシ,Hita-shi,,,,三本松,サンボンマツ,Sambommatsu,二丁目,２チョウメ,2,,,,,1,1,0,0,0,0,0,1,1947-04-17,,0,,
442046,0050000,1,大分県,オオイタケン,Oita,,,,日田市,ヒタシ,Hita-shi,,,,三本松新町,サンボンマツシンマチ,Sambommatsushimmachi,,,,,,,,1,1,0,0,0,0,0,1,1947-04-17,,0,8770017,
442046,0051000,1,大分県,オオイタケン,Oita,,,,日田市,ヒタシ,Hita-shi,,,,下井手町,シモイデマチ,Shimoidemachi,,,,,,,,0,0,0,0,0,0,0,1,1947-04-17,,0,8770038,
442046,0052001,2,大分県,オオイタケン,Oita,,,,日田市,ヒタシ,Hita-shi,,,,城町,シロマチ,Shiromachi,一丁目,１チョウメ,1,,,,,1,1,0,0,0,0,0,1,1947-04-17,,0,,
442046,0052002,2,大分県,オオイタケン,Oita,,,,日田市,ヒタシ,Hita-shi,,,,城町,シロマチ,Shiromachi,二丁目,２チョウメ,2,,,,,1,1,0,0,0,0,0,1,1947-04-17,,0,,
442046,0053000,1,大分県,オオイタケン,Oita,,,,日田市,ヒタシ,Hita-shi,,,,竹田新町,タケダシンマチ,Takedashimmachi,,,,,,,,1,1,0,0,0,0,0,1,1947-04-17,,0,8770041,
442046,0054001,2,大分県,オオイタケン,Oita,,,,日田市,ヒタシ,Hita-shi,,,,田島,タシマ,,一丁目,１チョウメ,1,,,,,1,1,0,0,0,0,0,1,1947-04-17,,0,,
442046,0054002,2,大分県,オオイタケン,Oita,,,,日田市,ヒタシ,Hita-shi,,,,田島,タシマ,,二丁目,２チョウメ,2,,,,,1,1,0,0,0,0,0,1,1947-04-17,,0,,
442046,0055000,1,大分県,オオイタケン,Oita,,,,日田市,ヒタシ,Hita-shi,,,,田島本町,タシマホンマチ,Tashimahommachi,,,,,,,,1,1,0,0,0,0,0,1,1947-04-17,,0,8770026,
442046,0056001,2,大分県,オオイタケン,Oita,,,,日田市,ヒタシ,Hita-shi,,,,淡窓,タンソウ,Tanso,一丁目,１チョウメ,1,,,,,1,1,0,0,0,0,0,1,1947-04-17,,0,,
442046,0056002,2,大分県,オオイタケン,Oita,,,,日田市,ヒタシ,Hita-shi,,,,淡窓,タンソウ,Tanso,二丁目,２チョウメ,2,,,,,1,1,0,0,0,0,0,1,1947-04-17,,0,,
442046,0057001,2,大分県,オオイタケン,Oita,,,,日田市,ヒタシ,Hita-shi,,,,中央,チュウオウ,Chuo,一丁目,１チョウメ,1,,,,,1,1,0,0,0,0,0,1,1947-04-17,,0,,
442046,0057002,2,大分県,オオイタケン,Oita,,,,日田市,ヒタシ,Hita-shi,,,,中央,チュウオウ,Chuo,二丁目,２チョウメ,2,,,,,1,1,0,0,0,0,0,1,1947-04-17,,0,,
442046,0058000,1,大分県,オオイタケン,Oita,,,,日田市,ヒタシ,Hita-shi,,,,中城町,ナカジョウマチ,Nakajomachi,,,,,,,,1,1,0,0,0,0,0,1,1947-04-17,,0,8770011,
442046,0059000,1,大分県,オオイタケン,Oita,,,,日田市,ヒタシ,Hita-shi,,,,中津江村合瀬,ナカツエムラゴウセ,Nakatsuemura Gose,,,,,,,,0,0,0,0,0,0,0,1,1947-04-17,,0,8770302,
442046,0060000,1,大分県,オオイタケン,Oita,,,,日田市,ヒタシ,Hita-shi,,,,中津江村栃野,ナカツエムラトチノ,Nakatsuemura Tochino,,,,,,,,0,0,0,0,0,0,0,1,1947-04-17,,0,8770301,
442046,0061000,1,大分県,オオイタケン,Oita,,,,日田市,ヒタシ,Hita-shi,,,,中本町,ナカホンマチ,Nakahommachi,,,,,,,,1,1,0,0,0,0,0,1,1947-04-17,,0,8770047,
442046,0062000,1,大分県,オオイタケン,Oita,,,,日田市,ヒタシ,Hita-shi,,,,東町,ヒガシマチ,Higashimachi,,,,,,,,1,1,0,0,0,0,0,1,1947-04-17,,0,8770042,
442046,0063000,1,大分県,オオイタケン,Oita,,,,日田市,ヒタシ,Hita-shi,,,,吹上町,フキアゲマチ,Fukiagemachi,,,,,,,,1,1,0,0,0,0,0,1,1947-04-17,,0,8770083,
442046,0064000,1,大分県,オオイタケン,Oita,,,,日田市,ヒタシ,Hita-shi,,,,本庄町,ホンショウマチ,Honjomachi,,,,,,,,1,1,0,0,0,0,0,1,1947-04-17,,0,8770046,
442046,0065000,1,大分県,オオイタケン,Oita,,,,日田市,ヒタシ,Hita-shi,,,,本町,ホンマチ,Hommachi,,,,,,,,1,1,0,0,0,0,0,1,1947-04-17,,0,8770014,
442046,0066000,1,大分県,オオイタケン,Oita,,,,日田市,ヒタシ,Hita-shi,,,,前津江町赤石,マエツエマチアカイシ,Maetsuemachi Akaishi,,,,,,,,0,0,0,0,0,0,0,1,1947-04-17,,0,8770211,
442046,0067000,1,大分県,オオイタケン,Oita,,,,日田市,ヒタシ,Hita-shi,,,,前津江町大野,マエツエマチオオノ,Maetsuemachi Ono,,,,,,,,0,0,0,0,0,0,0,1,1947-04-17,,0,8770212,
442046,0068000,1,大分県,オオイタケン,Oita,,,,日田市,ヒタシ,Hita-shi,,,,前津江町柚木,マエツエマチユギ,,,,,,,,,0,0,0,0,0,0,0,1,1947-04-17,,0,,
442046,0069000,1,大分県,オオイタケン,Oita,,,,日田市,ヒタシ,Hita-shi,,,,豆田町,マメダマチ,Mamedamachi,,,,,,,,1,1,0,0,0,0,0,1,1947-04-17,,0,8770005,
442046,0070000,1,大分県,オオイタケン,Oita,,,,日田市,ヒタシ,Hita-shi,,,,丸の内町,マルノウチマチ,Marunochimachi,,,,,,,,1,1,0,0,0,0,0,1,1947-04-17,,0,8770007,
442046,0071001,2,大分県,オオイタケン,Oita,,,,日田市,ヒタシ,Hita-shi,,,,丸山,マルヤマ,Maruyama,一丁目,１チョウメ,1,,,,,1,1,0,0,0,0,0,1,1947-04-17,,0,,
442046,0071002,2,大分県,オオイタケン,Oita,,,,日田市,ヒタシ,Hita-shi,,,,丸山,マルヤマ,Maruyama,二丁目,２チョウメ,2,,,,,1,1,0,0,0,0,0,1,1947-04-17,,0,,
442046,0072000,1,大分県,オオイタケン,Oita,,,,日田市,ヒタシ,Hita-shi,,,,港町,ミナトマチ,Minatomachi,,,,,,,,1,1,0,0,0,0,0,1,1947-04-17,,0,8770006,
442046,0073000,1,大分県,オオイタケン,Oita,,,,日田市,ヒタシ,Hita-shi,,,,南元町,ミナミモトマチ,Minamimotomachi,,,,,,,,1,1,0,0,0,0,0,1,1947-04-17,,0,8770024,
442046,0074000,1,大分県,オオイタケン,Oita,,,,日田市,ヒタシ,Hita-shi,,,,三芳小渕町,ミヨシコブチマチ,Miyoshikobuchimachi,,,,,,,,0,0,0,0,0,0,0,1,1947-04-17,,0,8770036,
442046,0075000,1,大分県,オオイタケン,Oita,,,,日田市,ヒタシ,Hita-shi,,,,元町,モトマチ,Motomachi,,,,,,,,1,1,0,0,0,0,0,1,1947-04-17,,0,8770013,
442046,0076000,1,大分県,オオイタケン,Oita,,,,日田市,ヒタシ,Hita-shi,,,,刃連町,ユキイマチ,Yukiimachi,,,,,,,,0,0,0,0,0,0,0,1,1947-04-17,,0,8770039,
442046,0077000,1,大分県,オオイタケン,Oita,,,,日田市,ヒタシ,Hita-shi,,,,若宮町,ワカミヤマチ,Wakamiyamachi,,,,,,,,1,1,0,0,0,0,0,1,1947-04-17,,0,8770037,
442046,0078001,2,大分県,オオイタケン,Oita,,,,日田市,ヒタシ,Hita-shi,,,,串川町,クシカワマチ,Kushikawamachi,一丁目,１チョウメ,1,,,,,0,0,1,0,0,0,0,0,1947-04-17,,0,,
442046,0078002,2,大分県,オオイタケン,Oita,,,,日田市,ヒタシ,Hita-shi,,,,串川町,クシカワマチ,Kushikawamachi,二丁目,２チョウメ,2,,,,,0,0,1,0,0,0,0,0,1947-04-17,,0,,
442046,0079001,2,大分県,オオイタケン,Oita,,,,日田市,ヒタシ,Hita-shi,,,,三ノ宮町,サンノミヤマチ,Sannomiyamachi,一丁目,１チョウメ,1,,,,,0,0,1,0,0,0,0,0,1947-04-17,,0,,
442046,0079002,2,大分県,オオイタケン,Oita,,,,日田市,ヒタシ,Hita-shi,,,,三ノ宮町,サンノミヤマチ,Sannomiyamachi,二丁目,２チョウメ,2,,,,,0,0,1,0,0,0,0,0,1947-04-17,,0,,
442046,0080001,2,大分県,オオイタケン,Oita,,,,日田市,ヒタシ,Hita-shi,,,,石井町,イシイマチ,,一丁目,１チョウメ,1,,,,,0,0,1,0,0,0,0,0,1947-04-17,,0,,
442046,0080002,2,大分県,オオイタケン,Oita,,,,日田市,ヒタシ,Hita-shi,,,,石井町,イシイマチ,,二丁目,２チョウメ,2,,,,,0,0,1,0,0,0,0,0,1947-04-17,,0,,
442046,0080003,2,大分県,オオイタケン,Oita,,,,日田市,ヒタシ,Hita-shi,,,,石井町,イシイマチ,,三丁目,３チョウメ,3,,,,,0,0,1,0,0,0,0,0,1947-04-17,,0,,
442046,0081001,2,大分県,オオイタケン,Oita,,,,日田市,ヒタシ,Hita-shi,,,,北友田,キタトモダ,Kitatomoda,一丁目,１チョウメ,1,,,,,0,0,1,0,0,0,0,0,1947-04-17,,0,,
442046,0081002,2,大分県,オオイタケン,Oita,,,,日田市,ヒタシ,Hita-shi,,,,北友田,キタトモダ,Kitatomoda,二丁目,２チョウメ,2,,,,,0,0,1,0,0,0,0,0,1947-04-17,,0,,
442046,0081003,2,大分県,オオイタケン,Oita,,,,日田市,ヒタシ,Hita-shi,,,,北友田,キタトモダ,Kitatomoda,三丁目,３チョウメ,3,,,,,0,0,1,0,0,0,0,0,1947-04-17,,0,,
442046,0082001,2,大分県,オオイタケン,Oita,,,,日田市,ヒタシ,Hita-shi,,,,緑町,ミドリマチ,Midorimachi,一丁目,１チョウメ,1,,,,,0,0,1,0,0,0,0,0,1947-04-17,,0,,
442046,0082002,2,大分県,オオイタケン,Oita,,,,日田市,ヒタシ,Hita-shi,,,,緑町,ミドリマチ,Midorimachi,二丁目,２チョウメ,2,,,,,0,0,1,0,0,0,0,0,1947-04-17,,0,,
442054,0000000,4,大分県,オオイタケン,Oita,,,,佐伯市,サイキシ,Saiki-shi,,,,,,,,,,,,,,0,0,0,0,0,0,1,1,1947-04-17,,0,,
442054,0000101,3,大分県,オオイタケン,Oita,,,,佐伯市,サイキシ,Saiki-shi,,,,,,,,,,アゼツ,アゼツ,,,0,0,0,1,0,0,0,0,1947-04-17,,0,,
442054,0000102,3,大分県,オオイタケン,Oita,,,,佐伯市,サイキシ,Saiki-shi,,,,,,,,,,カシゴウ,カシゴウ,,,0,0,0,1,0,0,0,0,1947-04-17,,0,,
442054,0000103,3,大分県,オオイタケン,Oita,,,,佐伯市,サイキシ,Saiki-shi,,,,,,,,,,カミ,カミ,,,0,0,0,1,0,0,0,0,1947-04-17,,0,,
442054,0000104,3,大分県,オオイタケン,Oita,,,,佐伯市,サイキシ,Saiki-shi,,,,,,,,,,スノモト,スノモト,,,0,0,0,1,0,0,0,0,1947-04-17,,0,,
442054,0000105,3,大分県,オオイタケン,Oita,,,,佐伯市,サイキシ,Saiki-shi,,,,,,,,,,ツル,ツル,,,0,0,0,1,0,0,0,0,1947-04-17,,0,,
442054,0000106,3,大分県,オオイタケン,Oita,,,,佐伯市,サイキシ,Saiki-shi,,,,,,,,,,トヤノロ,トヤノロ,,,0,0,0,1,0,0,0,0,1947-04-17,,0,,
442054,0000107,3,大分県,オオイタケン,Oita,,,,佐伯市,サイキシ,Saiki-shi,,,,,,,,,,悪所内,アクショウチ,,,0,0,0,1,0,0,0,0,1947-04-17,,0,,
442054,0000108,3,大分県,オオイタケン,Oita,,,,佐伯市,サイキシ,Saiki-shi,,,,,,,,,,庵ノ木,アンノキ,,,0,0,0,1,0,0,0,0,1947-04-17,,0,,
442054,0000109,3,大分県,オオイタケン,Oita,,,,佐伯市,サイキシ,Saiki-shi,,,,,,,,,,井ノ上,イノウエ,,,0,0,0,1,0,0,0,0,1947-04-17,,0,,
442054,0000110,3,大分県,オオイタケン,Oita,,,,佐伯市,サイキシ,Saiki-shi,,,,,,,,,,井ノ内,イノウチ,,,0,0,0,1,0,0,0,0,1947-04-17,,0,,
442054,0000111,3,大分県,オオイタケン,Oita,,,,佐伯市,サイキシ,Saiki-shi,,,,,,,,,,井取,イトリ,,,0,0,0,1,0,0,0,0,1947-04-17,,0,,
442054,0000112,3,大分県,オオイタケン,Oita,,,,佐伯市,サイキシ,Saiki-shi,,,,,,,,,,一ノ瀬,イチノセ,,,0,0,0,1,0,0,0,0,1947-04-17,,0,,
442054,0000113,3,大分県,オオイタケン,Oita,,,,佐伯市,サイキシ,Saiki-shi,,,,,,,,,,一矢返,イチヤガエシ,,,0,0,0,1,0,0,0,0,1947-04-17,,0,,
442054,0000114,3,大分県,オオイタケン,Oita,,,,佐伯市,サイキシ,Saiki-shi,,,,,,,,,,稲垣,イナガキ,Inagaki,,0,0,0,1,0,0,0,0,1947-04-17,,0,8760042,
442054,0000115,3,大分県,オオイタケン,Oita,,,,佐伯市,サイキシ,Saiki-shi,,,,,,,,,,芋の瀬,イモノセ,,,0,0,0,1,0,0,0,0,1947-04-17,,0,,
442054,0000116,3,大分県,オオイタケン,Oita,,,,佐伯市,サイキシ,Saiki-shi,,,,,,,,,,宇戸,ウド,,,0,0,0,1,0,0,0,0,1947-04-17,,0,,
442054,0000117,3,大分県,オオイタケン,Oita,,,,佐伯市,サイキシ,Saiki-shi,,,,,,,,,,宇山,ウヤマ,,,0,0,0,1,0,0,0,0,1947-04-17,,0,,
442054,0000118,3,大分県,オオイタケン,Oita,,,,佐伯市,サイキシ,Saiki-shi,,,,,,,,,,宇曽河内,ウソガワチ,,,0,0,0,1,0,0,0,0,1947-04-17,,0,,
442054,0000119,3,大分県,オオイタケン,Oita,,,,佐伯市,サイキシ,Saiki-shi,,,,,,,,,,宇藤木,ウトウギ,,,0,0,0,1,0,0,0,0,1947-04-17,,0,,
442054,0000120,3,大分県,オオイタケン,Oita,,,,佐伯市,サイキシ,Saiki-shi,,,,,,,,,,宇目,ウメ,,,0,0,0,1,0,0,0,0,1947-04-17,,0,,
442054,0000121,3,大分県,オオイタケン,Oita,,,,佐伯市,サイキシ,Saiki-shi,,,,,,,,,,羽木,ハキ,,,0,0,0,1,0,0,0,0,1947-04-17,,0,,
442054,0000122,3,大分県,オオイタケン,Oita,,,,佐伯市,サイキシ,Saiki-shi,,,,,,,,,,羽木川,ハキガワ,,,0,0,0,1,0,0,0,0,1947-04-17,,0,,
442054,0000123,3,大分県,オオイタケン,Oita,,,,佐伯市,サイキシ,Saiki-shi,,,,,,,,,,浦ノ迫,ウラノサコ,,,0,0,0,1,0,0,0,0,1947-04-17,,0,,
442054,0000124,3,大分県,オオイタケン,Oita,,,,佐伯市,サイキシ,Saiki-shi,,,,,,,,,,永野,ナガノ,,,0,0,0,1,0,0,0,0,1947-04-17,,0,,
442054,0000125,3,大分県,オオイタケン,Oita,,,,佐伯市,サイキシ,Saiki-shi,,,,,,,,,,越田尾,コエタオ,,,0,0,0,1,0,0,0,0,1947-04-17,,0,,
442054,0000126,3,大分県,オオイタケン,Oita,,,,佐伯市,サイキシ,Saiki-shi,,,,,,,,,,越野,コエノ,,,0,0,0,1,0,0,0,0,1947-04-17,,0,,
442054,0000127,3,大分県,オオイタケン,Oita,,,,佐伯市,サイキシ,Saiki-shi,,,,,,,,,,園,ソノ,,,0,0,0,1,0,0,0,0,1947-04-17,,0,,
442054,0000128,3,大分県,オオイタケン,Oita,,,,佐伯市,サイキシ,Saiki-shi,,,,,,,,,,猿戸,サルト,,,0,0,0,1,0,0,0,0,1947-04-17,,0,,
442054,0000129,3,大分県,オオイタケン,Oita,,,,佐伯市,サイキシ,Saiki-shi,,,,,,,,,,猿鳴,サルナギ,,,0,0,0,1,0,0,0,0,1947-04-17,,0,,
442054,0000130,3,大分県,オオイタケン,Oita,,,,佐伯市,サイキシ,Saiki-shi,,,,,,,,,,塩見,シオミ,,,0,0,0,1,0,0,0,0,1947-04-17,,0,,
442054,0000131,3,大分県,オオイタケン,Oita,,,,佐伯市,サイキシ,Saiki-shi,,,,,,,,,,奥,オク,,,0,0,0,1,0,0,0,0,1947-04-17,,0,,
442054,0000132,3,大分県,オオイタケン,Oita,,,,佐伯市,サイキシ,Saiki-shi,,,,,,,,,,奥江,オクエ,,,0,0,0,1,0,0,0,0,1947-04-17,,0,,
442054,0000133,3,大分県,オオイタケン,Oita,,,,佐伯市,サイキシ,Saiki-shi,,,,,,,,,,岡田,オカダ,,,0,0,0,1,0,0,0,0,1947-04-17,,0,,
442054,0000134,3,大分県,オオイタケン,Oita,,,,佐伯市,サイキシ,Saiki-shi,,,,,,,,,,沖ノ津留,オキノツル,,,0,0,0,1,0,0,0,0,1947-04-17,,0,,
442054,0000135,3,大分県,オオイタケン,Oita,,,,佐伯市,サイキシ,Saiki-shi,,,,,,,,,,屋形,ヤカタ,,,0,0,0,1,0,0,0,0,1947-04-17,,0,,
442054,0000136,3,大分県,オオイタケン,Oita,,,,佐伯市,サイキシ,Saiki-shi,,,,,,,,,,屋形島,ヤカタジマ,,,0,0,0,1,0,0,0,0,1947-04-17,,0,,
442054,0000137,3,大分県,オオイタケン,Oita,,,,佐伯市,サイキシ,Saiki-shi,,,,,,,,,,屋敷ノ原,ヤシキノハル,,,0,0,0,1,0,0,0,0,1947-04-17,,0,,
442054,0000138,3,大分県,オオイタケン,Oita,,,,佐伯市,サイキシ,Saiki-shi,,,,,,,,,,下の原,シモノハル,,,0,0,0,1,0,0,0,0,1947-04-17,,0,,
442054,0000139,3,大分県,オオイタケン,Oita,,,,佐伯市,サイキシ,Saiki-shi,,,,,,,,,,下梶寄,シモカジヨセ,,,0,0,0,1,0,0,0,0,1947-04-17,,0,,
442054,0000140,3,大分県,オオイタケン,Oita,,,,佐伯市,サイキシ,Saiki-shi,,,,,,,,,,下久部,シモクベ,Shimokube,,0,0,0,1,0,0,0,0,1947-04-17,,0,8760024,
442054,0000141,3,大分県,オオイタケン,Oita,,,,佐伯市,サイキシ,Saiki-shi,,,,,,,,,,下口,シモクチ,,,0,0,0,1,0,0,0,0,1947-04-17,,0,,
442054,0000142,3,大分県,オオイタケン,Oita,,,,佐伯市,サイキシ,Saiki-shi,,,,,,,,,,下腰越,シモコシゴエ,,,0,0,0,1,0,0,0,0,1947-04-17,,0,,
442054,0000143,3,大分県,オオイタケン,Oita,,,,佐伯市,サイキシ,Saiki-shi,,,,,,,,,,下三股,シモミツマタ,,,0,0,0,1,0,0,0,0,1947-04-17,,0,,
442054,0000144,3,大分県,オオイタケン,Oita,,,,佐伯市,サイキシ,Saiki-shi,,,,,,,,,,下小野市,シモオノイチ,,,0,0,0,1,0,0,0,0,1947-04-17,,0,,
442054,0000145,3,大分県,オオイタケン,Oita,,,,佐伯市,サイキシ,Saiki-shi,,,,,,,,,,下上津川,シモコウヅガワ,,,0,0,0,1,0,0,0,0,1947-04-17,,0,,
442054,0000146,3,大分県,オオイタケン,Oita,,,,佐伯市,サイキシ,Saiki-shi,,,,,,,,,,下城,シモジョウ,Shimojo,,0,0,0,1,0,0,0,0,1947-04-17,,0,8760033,
442054,0000147,3,大分県,オオイタケン,Oita,,,,佐伯市,サイキシ,Saiki-shi,,,,,,,,,,下村,シモムラ,,,0,0,0,1,0,0,0,0,1947-04-17,,0,,
442054,0000148,3,大分県,オオイタケン,Oita,,,,佐伯市,サイキシ,Saiki-shi,,,,,,,,,,下波寄,シモバキ,,,0,0,0,1,0,0,0,0,1947-04-17,,0,,
442054,0000149,3,大分県,オオイタケン,Oita,,,,佐伯市,サイキシ,Saiki-shi,,,,,,,,,,夏井,ナツイ,,,0,0,0,1,0,0,0,0,1947-04-17,,0,,
442054,0000150,3,大分県,オオイタケン,Oita,,,,佐伯市,サイキシ,Saiki-shi,,,,,,,,,,河尻,カワシリ,,,0,0,0,1,0,0,0,0,1947-04-17,,0,,
442054,0000151,3,大分県,オオイタケン,Oita,,,,佐伯市,サイキシ,Saiki-shi,,,,,,,,,,河内,カワチ,,,0,0,0,1,0,0,0,0,1947-04-17,,0,,
442054,0000152,3,大分県,オオイタケン,Oita,,,,佐伯市,サイキシ,Saiki-shi,,,,,,,,,,花木,ハナギ,,,0,0,0,1,0,0,0,0,1947-04-17,,0,,
442054,0000153,3,大分県,オオイタケン,Oita,,,,佐伯市,サイキシ,Saiki-shi,,,,,,,,,,海崎,カイザキ,Kaizaki,,0,0,0,1,0,0,0,0,1947-04-17,,0,8761105,
442054,0000154,3,大分県,オオイタケン,Oita,,,,佐伯市,サイキシ,Saiki-shi,,,,,,,,,,外河原,ソトゴウラ,,,0,0,0,1,0,0,0,0,1947-04-17,,0,,
442054,0000155,3,大分県,オオイタケン,Oita,,,,佐伯市,サイキシ,Saiki-shi,,,,,,,,,,柿木,カキギ,,,0,0,0,1,0,0,0,0,1947-04-17,,0,,
442054,0000156,3,大分県,オオイタケン,Oita,,,,佐伯市,サイキシ,Saiki-shi,,,,,,,,,,角道,カクドウ,,,0,0,0,1,0,0,0,0,1947-04-17,,0,,
442054,0000157,3,大分県,オオイタケン,Oita,,,,佐伯市,サイキシ,Saiki-shi,,,,,,,,,,樫峰,カシミネ,,,0,0,0,1,0,0,0,0,1947-04-17,,0,,
442054,0000158,3,大分県,オオイタケン,Oita,,,,佐伯市,サイキシ,Saiki-shi,,,,,,,,,,樫野,カシノ,Kashino,,0,0,0,1,0,0,0,0,1947-04-17,,0,8760043,
442054,0000159,3,大分県,オオイタケン,Oita,,,,佐伯市,サイキシ,Saiki-shi,,,,,,,,,,梶寄,カジヨセ,,,0,0,0,1,0,0,0,0,1947-04-17,,0,,
442054,0000160,3,大分県,オオイタケン,Oita,,,,佐伯市,サイキシ,Saiki-shi,,,,,,,,,,葛葉,クズハ,,,0,0,0,3,0,845B_*,0,0,1947-04-17,,0,,
442054,0000161,3,大分県,オオイタケン,Oita,,,,佐伯市,サイキシ,Saiki-shi,,,,,,,,,,葛蘿,ツヅラ,,,0,0,0,3,0,845B_*,0,0,1947-04-17,,0,,
442054,0000162,3,大分県,オオイタケン,Oita,,,,佐伯市,サイキシ,Saiki-shi,,,,,,,,,,椛ヶ原,カバガハル,,,0,0,0,1,0,0,0,0,1947-04-17,,0,,
442054,0000163,3,大分県,オオイタケン,Oita,,,,佐伯市,サイキシ,Saiki-shi,,,,,,,,,,蒲戸,カマド,,,0,0,0,1,0,0,0,0,1947-04-17,,0,,
442054,0000164,3,大分県,オオイタケン,Oita,,,,佐伯市,サイキシ,Saiki-shi,,,,,,,,,,蒲江,カマエ,,,0,0,0,1,0,0,0,0,1947-04-17,,0,,
442054,0000165,3,大分県,オオイタケン,Oita,,,,佐伯市,サイキシ,Saiki-shi,,,,,,,,,,釜ノ浦,カマノウラ,,,0,0,0,1,0,0,0,0,1947-04-17,,0,,
442054,0000166,3,大分県,オオイタケン,Oita,,,,佐伯市,サイキシ,Saiki-shi,,,,,,,,,,観喜,カンキ,,,0,0,0,1,0,0,0,0,1947-04-17,,0,,
442054,0000167,3,大分県,オオイタケン,Oita,,,,佐伯市,サイキシ,Saiki-shi,,,,,,,,,,間,ハサマ,,,0,0,0,1,0,0,0,0,1947-04-17,,0,,
442054,0000168,3,大分県,オオイタケン,Oita,,,,佐伯市,サイキシ,Saiki-shi,,,,,,,,,,間越,ハザコ,,,0,0,0,1,0,0,0,0,1947-04-17,,0,,
442054,0000169,3,大分県,オオイタケン,Oita,,,,佐伯市,サイキシ,Saiki-shi,,,,,,,,,,間庭,マニワ,,,0,0,0,1,0,0,0,0,1947-04-17,,0,,
442054,0000170,3,大分県,オオイタケン,Oita,,,,佐伯市,サイキシ,Saiki-shi,,,,,,,,,,関網,セキアミ,,,0,0,0,1,0,0,0,0,1947-04-17,,0,,
442054,0000171,3,大分県,オオイタケン,Oita,,,,佐伯市,サイキシ,Saiki-shi,,,,,,,,,,岸ノ上,キシノウエ,,,0,0,0,1,0,0,0,0,1947-04-17,,0,,
442054,0000172,3,大分県,オオイタケン,Oita,,,,佐伯市,サイキシ,Saiki-shi,,,,,,,,,,岸河内,キシガワチ,Kishigawachi,,0,0,0,1,0,0,0,0,1947-04-17,,0,8760035,
442054,0000173,3,大分県,オオイタケン,Oita,,,,佐伯市,サイキシ,Saiki-shi,,,,,,,,,,岩ノ下,イワノシタ,,,0,0,0,1,0,0,0,0,1947-04-17,,0,,
442054,0000174,3,大分県,オオイタケン,Oita,,,,佐伯市,サイキシ,Saiki-shi,,,,,,,,,,岩屋,イワヤ,,,0,0,0,1,0,0,0,0,1947-04-17,,0,,
442054,0000175,3,大分県,オオイタケン,Oita,,,,佐伯市,サイキシ,Saiki-shi,,,,,,,,,,岩崎,イワサキ,,,0,0,0,1,0,0,0,0,1947-04-17,,0,,
442054,0000176,3,大分県,オオイタケン,Oita,,,,佐伯市,サイキシ,Saiki-shi,,,,,,,,,,祇園,ギオン,,,0,0,0,1,0,0,0,0,1947-04-17,,0,,
442054,0000177,3,大分県,オオイタケン,Oita,,,,佐伯市,サイキシ,Saiki-shi,,,,,,,,,,久土,クド,,,0,0,0,1,0,0,0,0,1947-04-17,,0,,
442054,0000178,3,大分県,オオイタケン,Oita,,,,佐伯市,サイキシ,Saiki-shi,,,,,,,,,,久保,クボ,,,0,0,0,1,0,0,0,0,1947-04-17,,0,,
442054,0000179,3,大分県,オオイタケン,Oita,,,,佐伯市,サイキシ,Saiki-shi,,,,,,,,,,久保ノ前,クボノマエ,,,0,0,0,1,0,0,0,0,1947-04-17,,0,,
442054,0000180,3,大分県,オオイタケン,Oita,,,,佐伯市,サイキシ,Saiki-shi,,,,,,,,,,久保浦,クボウラ,Kubora,,0,0,0,1,0,0,0,0,1947-04-17,,0,8760007,
442054,0000181,3,大分県,オオイタケン,Oita,,,,佐伯市,サイキシ,Saiki-shi,,,,,,,,,,久留須,クルス,,,0,0,0,1,0,0,0,0,1947-04-17,,0,,
442054,0000182,3,大分県,オオイタケン,Oita,,,,佐伯市,サイキシ,Saiki-shi,,,,,,,,,,宮の内,ミヤノウチ,,,0,0,0,1,0,0,0,0,1947-04-17,,0,,
442054,0000183,3,大分県,オオイタケン,Oita,,,,佐伯市,サイキシ,Saiki-shi,,,,,,,,,,宮川内,ミヤガワウチ,,,0,0,0,1,0,0,0,0,1947-04-17,,0,,
442054,0000184,3,大分県,オオイタケン,Oita,,,,佐伯市,サイキシ,Saiki-shi,,,,,,,,,,宮野,ミヤノ,,,0,0,0,1,0,0,0,0,1947-04-17,,0,,
442054,0000185,3,大分県,オオイタケン,Oita,,,,佐伯市,サイキシ,Saiki-shi,,,,,,,,,,熊野,クマノ,,,0,0,0,1,0,0,0,0,1947-04-17,,0,,
442054,0000186,3,大分県,オオイタケン,Oita,,,,佐伯市,サイキシ,Saiki-shi,,,,,,,,,,栗林,クリバヤシ,,,0,0,0,1,0,0,0,0,1947-04-17,,0,,
442054,0000187,3,大分県,オオイタケン,Oita,,,,佐伯市,サイキシ,Saiki-shi,,,,,,,,,,桑の原,クワノハル,,,0,0,0,1,0,0,0,0,1947-04-17,,0,,
442054,0000188,3,大分県,オオイタケン,Oita,,,,佐伯市,サイキシ,Saiki-shi,,,,,,,,,,桑野浦,クワノウラ,,,0,0,0,1,0,0,0,0,1947-04-17,,0,,
442054,0000189,3,大分県,オオイタケン,Oita,,,,佐伯市,サイキシ,Saiki-shi,,,,,,,,,,稽古屋,ケゴヤ,,,0,0,0,1,0,0,0,0,1947-04-17,,0,,
442054,0000190,3,大分県,オオイタケン,Oita,,,,佐伯市,サイキシ,Saiki-shi,,,,,,,,,,月形,ツキガタ,,,0,0,0,1,0,0,0,0,1947-04-17,,0,,
442054,0000191,3,大分県,オオイタケン,Oita,,,,佐伯市,サイキシ,Saiki-shi,,,,,,,,,,見明,ミアカリ,,,0,0,0,1,0,0,0,0,1947-04-17,,0,,
442054,0000192,3,大分県,オオイタケン,Oita,,,,佐伯市,サイキシ,Saiki-shi,,,,,,,,,,元越,モトゴエ,,,0,0,0,1,0,0,0,0,1947-04-17,,0,,
442054,0000193,3,大分県,オオイタケン,Oita,,,,佐伯市,サイキシ,Saiki-shi,,,,,,,,,,元猿,モトザル,,,0,0,0,1,0,0,0,0,1947-04-17,,0,,
442054,0000194,3,大分県,オオイタケン,Oita,,,,佐伯市,サイキシ,Saiki-shi,,,,,,,,,,元山部,モトヤマブ,,,0,0,0,1,0,0,0,0,1947-04-17,,0,,
442054,0000195,3,大分県,オオイタケン,Oita,,,,佐伯市,サイキシ,Saiki-shi,,,,,,,,,,元田,モトダ,,,0,0,0,1,0,0,0,0,1947-04-17,,0,,
442054,0000196,3,大分県,オオイタケン,Oita,,,,佐伯市,サイキシ,Saiki-shi,,,,,,,,,,原,ハル,,,0,0,0,1,0,0,0,0,1947-04-17,,0,,
442054,0000197,3,大分県,オオイタケン,Oita,,,,佐伯市,サイキシ,Saiki-shi,,,,,,,,,,古江,フルエ,,,0,0,0,1,0,0,0,0,1947-04-17,,0,,
442054,0000198,3,大分県,オオイタケン,Oita,,,,佐伯市,サイキシ,Saiki-shi,,,,,,,,,,古市,フルイチ,Furuichi,,0,0,0,1,0,0,0,0,1947-04-17,,0,8760062,
442054,0000199,3,大分県,オオイタケン,Oita,,,,佐伯市,サイキシ,Saiki-shi,,,,,,,,,,後持,ゴモチ,,,0,0,0,1,0,0,0,0,1947-04-17,,0,,
442054,0000200,3,大分県,オオイタケン,Oita,,,,佐伯市,サイキシ,Saiki-shi,,,,,,,,,,御泊,オトマリ,,,0,0,0,1,0,0,0,0,1947-04-17,,0,,
442054,0000201,3,大分県,オオイタケン,Oita,,,,佐伯市,サイキシ,Saiki-shi,,,,,,,,,,向ヒ,ムカヒ,,,0,0,0,1,0,0,0,0,1947-04-17,,0,,
442054,0000202,3,大分県,オオイタケン,Oita,,,,佐伯市,サイキシ,Saiki-shi,,,,,,,,,,向船場,ムカイフナバ,,,0,0,0,1,0,0,0,0,1947-04-17,,0,,
442054,0000203,3,大分県,オオイタケン,Oita,,,,佐伯市,サイキシ,Saiki-shi,,,,,,,,,,広浦,ヒロウラ,,,0,0,0,1,0,0,0,0,1947-04-17,,0,,
442054,0000204,3,大分県,オオイタケン,Oita,,,,佐伯市,サイキシ,Saiki-shi,,,,,,,,,,杭の内,クエノウチ,,,0,0,0,1,0,0,0,0,1947-04-17,,0,,
442054,0000205,3,大分県,オオイタケン,Oita,,,,佐伯市,サイキシ,Saiki-shi,,,,,,,,,,江河内,エガワチ,,,0,0,0,1,0,0,0,0,1947-04-17,,0,,
442054,0000206,3,大分県,オオイタケン,Oita,,,,佐伯市,サイキシ,Saiki-shi,,,,,,,,,,江口,エグチ,,,0,0,0,1,0,0,0,0,1947-04-17,,0,,
442054,0000207,3,大分県,オオイタケン,Oita,,,,佐伯市,サイキシ,Saiki-shi,,,,,,,,,,江頭,エカシラ,,,0,0,0,1,0,0,0,0,1947-04-17,,0,,
442054,0000208,3,大分県,オオイタケン,Oita,,,,佐伯市,サイキシ,Saiki-shi,,,,,,,,,,江平,エビラ,,,0,0,0,1,0,0,0,0,1947-04-17,,0,,
442054,0000209,3,大分県,オオイタケン,Oita,,,,佐伯市,サイキシ,Saiki-shi,,,,,,,,,,江良,エラ,,,0,0,0,1,0,0,0,0,1947-04-17,,0,,
442054,0000210,3,大分県,オオイタケン,Oita,,,,佐伯市,サイキシ,Saiki-shi,,,,,,,,,,荒瀬,アラセ,,,0,0,0,1,0,0,0,0,1947-04-17,,0,,
442054,0000211,3,大分県,オオイタケン,Oita,,,,佐伯市,サイキシ,Saiki-shi,,,,,,,,,,荒内,アラウチ,,,0,0,0,1,0,0,0,0,1947-04-17,,0,,
442054,0000212,3,大分県,オオイタケン,Oita,,,,佐伯市,サイキシ,Saiki-shi,,,,,,,,,,高山,タカヤマ,,,0,0,0,1,0,0,0,0,1947-04-17,,0,,
442054,0000213,3,大分県,オオイタケン,Oita,,,,佐伯市,サイキシ,Saiki-shi,,,,,,,,,,高蘇,コウソ,,,0,0,0,1,0,0,0,0,1947-04-17,,0,,
442054,0000214,3,大分県,オオイタケン,Oita,,,,佐伯市,サイキシ,Saiki-shi,,,,,,,,,,高畠,タカバタ,Takabata,,0,0,0,1,0,0,0,0,1947-04-17,,0,8760044,
442054,0000215,3,大分県,オオイタケン,Oita,,,,佐伯市,サイキシ,Saiki-shi,,,,,,,,,,轟,トトロ,,,0,0,0,1,0,0,0,0,1947-04-17,,0,,
442054,0000216,3,大分県,オオイタケン,Oita,,,,佐伯市,サイキシ,Saiki-shi,,,,,,,,,,黒岩,クロイワ,,,0,0,0,1,0,0,0,0,1947-04-17,,0,,
442054,0000217,3,大分県,オオイタケン,Oita,,,,佐伯市,サイキシ,Saiki-shi,,,,,,,,,,黒沢,クロザワ,,,0,0,0,1,0,0,0,0,1947-04-17,,0,,
442054,0000218,3,大分県,オオイタケン,Oita,,,,佐伯市,サイキシ,Saiki-shi,,,,,,,,,,黒土,クロツチ,,,0,0,0,1,0,0,0,0,1947-04-17,,0,,
442054,0000219,3,大分県,オオイタケン,Oita,,,,佐伯市,サイキシ,Saiki-shi,,,,,,,,,,細川内,ホソガワチ,,,0,0,0,1,0,0,0,0,1947-04-17,,0,,
442054,0000220,3,大分県,オオイタケン,Oita,,,,佐伯市,サイキシ,Saiki-shi,,,,,,,,,,細田,サイタ,,,0,0,0,1,0,0,0,0,1947-04-17,,0,,
442054,0000221,3,大分県,オオイタケン,Oita,,,,佐伯市,サイキシ,Saiki-shi,,,,,,,,,,坂ノ浦,サカノウラ,,,0,0,0,1,0,0,0,0,1947-04-17,,0,,
442054,0000222,3,大分県,オオイタケン,Oita,,,,佐伯市,サイキシ,Saiki-shi,,,,,,,,,,坂山,サカヤマ,Sakayama,,0,0,0,1,0,0,0,0,1947-04-17,,0,8760052,
442054,0000223,3,大分県,オオイタケン,Oita,,,,佐伯市,サイキシ,Saiki-shi,,,,,,,,,,作網代,ツクリアジロ,,,0,0,0,1,0,0,0,0,1947-04-17,,0,,
442054,0000224,3,大分県,オオイタケン,Oita,,,,佐伯市,サイキシ,Saiki-shi,,,,,,,,,,笹良目,ササラメ,,,0,0,0,1,0,0,0,0,1947-04-17,,0,,
442054,0000225,3,大分県,オオイタケン,Oita,,,,佐伯市,サイキシ,Saiki-shi,,,,,,,,,,皿内,サラウチ,,,0,0,0,1,0,0,0,0,1947-04-17,,0,,
442054,0000226,3,大分県,オオイタケン,Oita,,,,佐伯市,サイキシ,Saiki-shi,,,,,,,,,,三軒屋,サンゲンヤ,,,0,0,0,1,0,0,0,0,1947-04-17,,0,,
442054,0000227,3,大分県,オオイタケン,Oita,,,,佐伯市,サイキシ,Saiki-shi,,,,,,,,,,山ノ口,ヤマノグチ,,,0,0,0,1,0,0,0,0,1947-04-17,,0,,
442054,0000228,3,大分県,オオイタケン,Oita,,,,佐伯市,サイキシ,Saiki-shi,,,,,,,,,,山後,ヤマゴ,,,0,0,0,1,0,0,0,0,1947-04-17,,0,,
442054,0000229,3,大分県,オオイタケン,Oita,,,,佐伯市,サイキシ,Saiki-shi,,,,,,,,,,山口,ヤマグチ,,,0,0,0,1,0,0,0,0,1947-04-17,,0,,
442054,0000230,3,大分県,オオイタケン,Oita,,,,佐伯市,サイキシ,Saiki-shi,,,,,,,,,,山田内,ヤマダウチ,,,0,0,0,1,0,0,0,0,1947-04-17,,0,,
442054,0000231,3,大分県,オオイタケン,Oita,,,,佐伯市,サイキシ,Saiki-shi,,,,,,,,,,山梨子,ヤマナシ,,,0,0,0,1,0,0,0,0,1947-04-17,,0,,
442054,0000232,3,大分県,オオイタケン,Oita,,,,佐伯市,サイキシ,Saiki-shi,,,,,,,,,,市園,イチゾノ,,,0,0,0,1,0,0,0,0,1947-04-17,,0,,
442054,0000233,3,大分県,オオイタケン,Oita,,,,佐伯市,サイキシ,Saiki-shi,,,,,,,,,,市屋敷,イチヤシキ,,,0,0,0,1,0,0,0,0,1947-04-17,,0,,
442054,0000234,3,大分県,オオイタケン,Oita,,,,佐伯市,サイキシ,Saiki-shi,,,,,,,,,,市谷,イチヤ,,,0,0,0,1,0,0,0,0,1947-04-17,,0,,
442054,0000235,3,大分県,オオイタケン,Oita,,,,佐伯市,サイキシ,Saiki-shi,,,,,,,,,,市福所,イチブセ,,,0,0,0,1,0,0,0,0,1947-04-17,,0,,
442054,0000236,3,大分県,オオイタケン,Oita,,,,佐伯市,サイキシ,Saiki-shi,,,,,,,,,,志手,シテ,,,0,0,0,1,0,0,0,0,1947-04-17,,0,,
442054,0000237,3,大分県,オオイタケン,Oita,,,,佐伯市,サイキシ,Saiki-shi,,,,,,,,,,指夫,サセブ,,,0,0,0,1,0,0,0,0,1947-04-17,,0,,
442054,0000238,3,大分県,オオイタケン,Oita,,,,佐伯市,サイキシ,Saiki-shi,,,,,,,,,,汐月,シオツキ,,,0,0,0,1,0,0,0,0,1947-04-17,,0,,
442054,0000239,3,大分県,オオイタケン,Oita,,,,佐伯市,サイキシ,Saiki-shi,,,,,,,,,,鹿乗,ロクジョウ,,,0,0,0,1,0,0,0,0,1947-04-17,,0,,
442054,0000240,3,大分県,オオイタケン,Oita,,,,佐伯市,サイキシ,Saiki-shi,,,,,,,,,,鹿渕,カブチ,,,0,0,0,1,0,0,0,0,1947-04-17,,0,,
442054,0000241,3,大分県,オオイタケン,Oita,,,,佐伯市,サイキシ,Saiki-shi,,,,,,,,,,車,クルマ,,,0,0,0,1,0,0,0,0,1947-04-17,,0,,
442054,0000242,3,大分県,オオイタケン,Oita,,,,佐伯市,サイキシ,Saiki-shi,,,,,,,,,,蛇崎,ヘビザキ,Hebizaki,,0,0,0,1,0,0,0,0,1947-04-17,,0,8760023,
442054,0000243,3,大分県,オオイタケン,Oita,,,,佐伯市,サイキシ,Saiki-shi,,,,,,,,,,尺間,シャクマ,,,0,0,0,1,0,0,0,0,1947-04-17,,0,,
442054,0000244,3,大分県,オオイタケン,Oita,,,,佐伯市,サイキシ,Saiki-shi,,,,,,,,,,狩生,カリウ,Kariu,,0,0,0,1,0,0,0,0,1947-04-17,,0,8761101,
442054,0000245,3,大分県,オオイタケン,Oita,,,,佐伯市,サイキシ,Saiki-shi,,,,,,,,,,酒利,サカリ,,,0,0,0,1,0,0,0,0,1947-04-17,,0,,
442054,0000246,3,大分県,オオイタケン,Oita,,,,佐伯市,サイキシ,Saiki-shi,,,,,,,,,,宗太郎,ソウタロウ,,,0,0,0,1,0,0,0,0,1947-04-17,,0,,
442054,0000247,3,大分県,オオイタケン,Oita,,,,佐伯市,サイキシ,Saiki-shi,,,,,,,,,,重岡,シゲオカ,,,0,0,0,1,0,0,0,0,1947-04-17,,0,,
442054,0000248,3,大分県,オオイタケン,Oita,,,,佐伯市,サイキシ,Saiki-shi,,,,,,,,,,除,ヨケ,,,0,0,0,1,0,0,0,0,1947-04-17,,0,,
442054,0000249,3,大分県,オオイタケン,Oita,,,,佐伯市,サイキシ,Saiki-shi,,,,,,,,,,匠南,ショウナン,Shonan,,0,0,0,1,0,0,0,0,1947-04-17,,0,8760026,
442054,0000250,3,大分県,オオイタケン,Oita,,,,佐伯市,サイキシ,Saiki-shi,,,,,,,,,,小浦浜,コウラハマ,,,0,0,0,1,0,0,0,0,1947-04-17,,0,,
442054,0000251,3,大分県,オオイタケン,Oita,,,,佐伯市,サイキシ,Saiki-shi,,,,,,,,,,小蒲江,オガマエ,,,0,0,0,1,0,0,0,0,1947-04-17,,0,,
442054,0000252,3,大分県,オオイタケン,Oita,,,,佐伯市,サイキシ,Saiki-shi,,,,,,,,,,小向,コムカイ,,,0,0,0,1,0,0,0,0,1947-04-17,,0,,
442054,0000253,3,大分県,オオイタケン,Oita,,,,佐伯市,サイキシ,Saiki-shi,,,,,,,,,,小崎,コザキ,,,0,0,0,1,0,0,0,0,1947-04-17,,0,,
442054,0000254,3,大分県,オオイタケン,Oita,,,,佐伯市,サイキシ,Saiki-shi,,,,,,,,,,小鯛網代,コダジロ,,,0,0,0,1,0,0,0,0,1947-04-17,,0,,
442054,0000255,3,大分県,オオイタケン,Oita,,,,佐伯市,サイキシ,Saiki-shi,,,,,,,,,,小中尾,コナカオ,,,0,0,0,1,0,0,0,0,1947-04-17,,0,,
442054,0000256,3,大分県,オオイタケン,Oita,,,,佐伯市,サイキシ,Saiki-shi,,,,,,,,,,小長谷,オハセ,,,0,0,0,1,0,0,0,0,1947-04-17,,0,,
442054,0000257,3,大分県,オオイタケン,Oita,,,,佐伯市,サイキシ,Saiki-shi,,,,,,,,,,小鶴,コヅル,,,0,0,0,1,0,0,0,0,1947-04-17,,0,,
442054,0000258,3,大分県,オオイタケン,Oita,,,,佐伯市,サイキシ,Saiki-shi,,,,,,,,,,小田,コダ,,,0,0,0,1,0,0,0,0,1947-04-17,,0,,
442054,0000259,3,大分県,オオイタケン,Oita,,,,佐伯市,サイキシ,Saiki-shi,,,,,,,,,,小島,コジマ,,,0,0,0,1,0,0,0,0,1947-04-17,,0,,
442054,0000260,3,大分県,オオイタケン,Oita,,,,佐伯市,サイキシ,Saiki-shi,,,,,,,,,,小藤,オフジ,,,0,0,0,1,0,0,0,0,1947-04-17,,0,,
442054,0000261,3,大分県,オオイタケン,Oita,,,,佐伯市,サイキシ,Saiki-shi,,,,,,,,,,小福良,オブクラ,,,0,0,0,1,0,0,0,0,1947-04-17,,0,,
442054,0000262,3,大分県,オオイタケン,Oita,,,,佐伯市,サイキシ,Saiki-shi,,,,,,,,,,小野,コノ,,,0,0,0,1,0,0,0,0,1947-04-17,,0,,
442054,0000263,3,大分県,オオイタケン,Oita,,,,佐伯市,サイキシ,Saiki-shi,,,,,,,,,,小浪,コナミ,,,0,0,0,1,0,0,0,0,1947-04-17,,0,,
442054,0000264,3,大分県,オオイタケン,Oita,,,,佐伯市,サイキシ,Saiki-shi,,,,,,,,,,松ケ迫,マツガサコ,,,0,0,0,1,0,0,0,0,1947-04-17,,0,,
442054,0000265,3,大分県,オオイタケン,Oita,,,,佐伯市,サイキシ,Saiki-shi,,,,,,,,,,松内,マツウチ,,,0,0,0,1,0,0,0,0,1947-04-17,,0,,
442054,0000266,3,大分県,オオイタケン,Oita,,,,佐伯市,サイキシ,Saiki-shi,,,,,,,,,,松葉,マツバ,,,0,0,0,1,0,0,0,0,1947-04-17,,0,,
442054,0000267,3,大分県,オオイタケン,Oita,,,,佐伯市,サイキシ,Saiki-shi,,,,,,,,,,上ノ岡,カミノオカ,,,0,0,0,1,0,0,0,0,1947-04-17,,0,,
442054,0000268,3,大分県,オオイタケン,Oita,,,,佐伯市,サイキシ,Saiki-shi,,,,,,,,,,上ノ口,カミノクチ,,,0,0,0,1,0,0,0,0,1947-04-17,,0,,
442054,0000269,3,大分県,オオイタケン,Oita,,,,佐伯市,サイキシ,Saiki-shi,,,,,,,,,,上ノ地,ウエノヂ,,,0,0,0,1,0,0,0,0,1947-04-17,,0,,
442054,0000271,3,大分県,オオイタケン,Oita,,,,佐伯市,サイキシ,Saiki-shi,,,,,,,,,,上岡,カミオカ,Kamioka,,0,0,0,1,0,0,0,0,1947-04-17,,0,8760045,
442054,0000272,3,大分県,オオイタケン,Oita,,,,佐伯市,サイキシ,Saiki-shi,,,,,,,,,,上久部,カミクベ,Kamikube,,0,0,0,1,0,0,0,0,1947-04-17,,0,8760027,
442054,0000273,3,大分県,オオイタケン,Oita,,,,佐伯市,サイキシ,Saiki-shi,,,,,,,,,,上腰越,カミコシゴエ,,,0,0,0,1,0,0,0,0,1947-04-17,,0,,
442054,0000274,3,大分県,オオイタケン,Oita,,,,佐伯市,サイキシ,Saiki-shi,,,,,,,,,,上小倉,カミオグラ,,,0,0,0,1,0,0,0,0,1947-04-17,,0,,
442054,0000275,3,大分県,オオイタケン,Oita,,,,佐伯市,サイキシ,Saiki-shi,,,,,,,,,,上小野市,カミオノイチ,,,0,0,0,1,0,0,0,0,1947-04-17,,0,,
442054,0000276,3,大分県,オオイタケン,Oita,,,,佐伯市,サイキシ,Saiki-shi,,,,,,,,,,上仲江,カミナカエ,,,0,0,0,1,0,0,0,0,1947-04-17,,0,,
442054,0000277,3,大分県,オオイタケン,Oita,,,,佐伯市,サイキシ,Saiki-shi,,,,,,,,,,上津小野,コウヅオノ,,,0,0,0,1,0,0,0,0,1947-04-17,,0,,
442054,0000278,3,大分県,オオイタケン,Oita,,,,佐伯市,サイキシ,Saiki-shi,,,,,,,,,,上爪,コウヅメ,,,0,0,0,1,0,0,0,0,1947-04-17,,0,,
442054,0000279,3,大分県,オオイタケン,Oita,,,,佐伯市,サイキシ,Saiki-shi,,,,,,,,,,上灘,カミナダ,Kaminada,,0,0,0,1,0,0,0,0,1947-04-17,,0,8760022,
442054,0000280,3,大分県,オオイタケン,Oita,,,,佐伯市,サイキシ,Saiki-shi,,,,,,,,,,植松,ウエマツ,,,0,0,0,1,0,0,0,0,1947-04-17,,0,,
442054,0000281,3,大分県,オオイタケン,Oita,,,,佐伯市,サイキシ,Saiki-shi,,,,,,,,,,新開,シンカイ,,,0,0,0,1,0,0,0,0,1947-04-17,,0,,
442054,0000282,3,大分県,オオイタケン,Oita,,,,佐伯市,サイキシ,Saiki-shi,,,,,,,,,,新中,ニイナカ,,,0,0,0,1,0,0,0,0,1947-04-17,,0,,
442054,0000283,3,大分県,オオイタケン,Oita,,,,佐伯市,サイキシ,Saiki-shi,,,,,,,,,,新町,シンマチ,,,0,0,0,1,0,0,0,0,1947-04-17,,0,,
442054,0000284,3,大分県,オオイタケン,Oita,,,,佐伯市,サイキシ,Saiki-shi,,,,,,,,,,新洞,シンドウ,,,0,0,0,1,0,0,0,0,1947-04-17,,0,,
442054,0000285,3,大分県,オオイタケン,Oita,,,,佐伯市,サイキシ,Saiki-shi,,,,,,,,,,深瀬,フカセ,,,0,0,0,1,0,0,0,0,1947-04-17,,0,,
442054,0000286,3,大分県,オオイタケン,Oita,,,,佐伯市,サイキシ,Saiki-shi,,,,,,,,,,深田,フカタ,,,0,0,0,1,0,0,0,0,1947-04-17,,0,,
442054,0000287,3,大分県,オオイタケン,Oita,,,,佐伯市,サイキシ,Saiki-shi,,,,,,,,,,深島,フカシマ,,,0,0,0,1,0,0,0,0,1947-04-17,,0,,
442054,0000288,3,大分県,オオイタケン,Oita,,,,佐伯市,サイキシ,Saiki-shi,,,,,,,,,,真浦,マウラ,,,0,0,0,1,0,0,0,0,1947-04-17,,0,,
442054,0000289,3,大分県,オオイタケン,Oita,,,,佐伯市,サイキシ,Saiki-shi,,,,,,,,,,真弓,マユミ,,,0,0,0,1,0,0,0,0,1947-04-17,,0,,
442054,0000290,3,大分県,オオイタケン,Oita,,,,佐伯市,サイキシ,Saiki-shi,,,,,,,,,,神ノ原,ゴウノハル,,,0,0,0,1,0,0,0,0,1947-04-17,,0,,
442054,0000291,3,大分県,オオイタケン,Oita,,,,佐伯市,サイキシ,Saiki-shi,,,,,,,,,,神田,ジンダ,,,0,0,0,1,0,0,0,0,1947-04-17,,0,,
442054,0000292,3,大分県,オオイタケン,Oita,,,,佐伯市,サイキシ,Saiki-shi,,,,,,,,,,神内,ゴウナイ,,,0,0,0,1,0,0,0,0,1947-04-17,,0,,
442054,0000293,3,大分県,オオイタケン,Oita,,,,佐伯市,サイキシ,Saiki-shi,,,,,,,,,,仁所倉,ニショクラ,,,0,0,0,1,0,0,0,0,1947-04-17,,0,,
442054,0000294,3,大分県,オオイタケン,Oita,,,,佐伯市,サイキシ,Saiki-shi,,,,,,,,,,須平,スビラ,,,0,0,0,1,0,0,0,0,1947-04-17,,0,,
442054,0000295,3,大分県,オオイタケン,Oita,,,,佐伯市,サイキシ,Saiki-shi,,,,,,,,,,須留木,スルギ,,,0,0,0,1,0,0,0,0,1947-04-17,,0,,
442054,0000296,3,大分県,オオイタケン,Oita,,,,佐伯市,サイキシ,Saiki-shi,,,,,,,,,,吹原,フキワラ,,,0,0,0,1,0,0,0,0,1947-04-17,,0,,
442054,0000297,3,大分県,オオイタケン,Oita,,,,佐伯市,サイキシ,Saiki-shi,,,,,,,,,,水ヶ谷,スイガタニ,,,0,0,0,1,0,0,0,0,1947-04-17,,0,,
442054,0000298,3,大分県,オオイタケン,Oita,,,,佐伯市,サイキシ,Saiki-shi,,,,,,,,,,水口,ミナクチ,,,0,0,0,1,0,0,0,0,1947-04-17,,0,,
442054,0000299,3,大分県,オオイタケン,Oita,,,,佐伯市,サイキシ,Saiki-shi,,,,,,,,,,水無,ミズナシ,,,0,0,0,1,0,0,0,0,1947-04-17,,0,,
442054,0000300,3,大分県,オオイタケン,Oita,,,,佐伯市,サイキシ,Saiki-shi,,,,,,,,,,菅,スゲ,,,0,0,0,1,0,0,0,0,1947-04-17,,0,,
442054,0000301,3,大分県,オオイタケン,Oita,,,,佐伯市,サイキシ,Saiki-shi,,,,,,,,,,瀬戸,セド,,,0,0,0,1,0,0,0,0,1947-04-17,,0,,
442054,0000302,3,大分県,オオイタケン,Oita,,,,佐伯市,サイキシ,Saiki-shi,,,,,,,,,,西,ニシ,,,0,0,0,1,0,0,0,0,1947-04-17,,0,,
442054,0000303,3,大分県,オオイタケン,Oita,,,,佐伯市,サイキシ,Saiki-shi,,,,,,,,,,西ノ浦,ニシノウラ,,,0,0,0,1,0,0,0,0,1947-04-17,,0,,
442054,0000304,3,大分県,オオイタケン,Oita,,,,佐伯市,サイキシ,Saiki-shi,,,,,,,,,,西ノ平,ニシノヒラ,,,0,0,0,1,0,0,0,0,1947-04-17,,0,,
442054,0000305,3,大分県,オオイタケン,Oita,,,,佐伯市,サイキシ,Saiki-shi,,,,,,,,,,西山,ニシヤマ,,,0,0,0,1,0,0,0,0,1947-04-17,,0,,
442054,0000306,3,大分県,オオイタケン,Oita,,,,佐伯市,サイキシ,Saiki-shi,,,,,,,,,,西野,サイノ,,,0,0,0,1,0,0,0,0,1947-04-17,,0,,
442054,0000307,3,大分県,オオイタケン,Oita,,,,佐伯市,サイキシ,Saiki-shi,,,,,,,,,,青柳,アオヤギ,,,0,0,0,1,0,0,0,0,1947-04-17,,0,,
442054,0000308,3,大分県,オオイタケン,Oita,,,,佐伯市,サイキシ,Saiki-shi,,,,,,,,,,石丸,イシマル,,,0,0,0,1,0,0,0,0,1947-04-17,,0,,
442054,0000309,3,大分県,オオイタケン,Oita,,,,佐伯市,サイキシ,Saiki-shi,,,,,,,,,,石原,イシワラ,,,0,0,0,1,0,0,0,0,1947-04-17,,0,,
442054,0000310,3,大分県,オオイタケン,Oita,,,,佐伯市,サイキシ,Saiki-shi,,,,,,,,,,石打,イシウチ,,,0,0,0,1,0,0,0,0,1947-04-17,,0,,
442054,0000311,3,大分県,オオイタケン,Oita,,,,佐伯市,サイキシ,Saiki-shi,,,,,,,,,,石内,イシウチ,,,0,0,0,1,0,0,0,0,1947-04-17,,0,,
442054,0000312,3,大分県,オオイタケン,Oita,,,,佐伯市,サイキシ,Saiki-shi,,,,,,,,,,切水,キリミズ,,,0,0,0,1,0,0,0,0,1947-04-17,,0,,
442054,0000313,3,大分県,オオイタケン,Oita,,,,佐伯市,サイキシ,Saiki-shi,,,,,,,,,,折戸,オリト,,,0,0,0,1,0,0,0,0,1947-04-17,,0,,
442054,0000314,3,大分県,オオイタケン,Oita,,,,佐伯市,サイキシ,Saiki-shi,,,,,,,,,,千束,センゾク,,,0,0,0,1,0,0,0,0,1947-04-17,,0,,
442054,0000315,3,大分県,オオイタケン,Oita,,,,佐伯市,サイキシ,Saiki-shi,,,,,,,,,,千又,チマタ,,,0,0,0,1,0,0,0,0,1947-04-17,,0,,
442054,0000316,3,大分県,オオイタケン,Oita,,,,佐伯市,サイキシ,Saiki-shi,,,,,,,,,,川井,カワイ,,,0,0,0,1,0,0,0,0,1947-04-17,,0,,
442054,0000317,3,大分県,オオイタケン,Oita,,,,佐伯市,サイキシ,Saiki-shi,,,,,,,,,,川原,カワバル,Kawabaru,,0,0,0,1,0,0,0,0,1947-04-17,,0,8760031,
442054,0000318,3,大分県,オオイタケン,Oita,,,,佐伯市,サイキシ,Saiki-shi,,,,,,,,,,川中,カワナカ,,,0,0,0,1,0,0,0,0,1947-04-17,,0,,
442054,0000319,3,大分県,オオイタケン,Oita,,,,佐伯市,サイキシ,Saiki-shi,,,,,,,,,,川又,カワマタ,,,0,0,0,1,0,0,0,0,1947-04-17,,0,,
442054,0000320,3,大分県,オオイタケン,Oita,,,,佐伯市,サイキシ,Saiki-shi,,,,,,,,,,浅海井,アザムイ,,,0,0,0,1,0,0,0,0,1947-04-17,,0,,
442054,0000321,3,大分県,オオイタケン,Oita,,,,佐伯市,サイキシ,Saiki-shi,,,,,,,,,,船隠,フナカクシ,,,0,0,0,1,0,0,0,0,1947-04-17,,0,,
442054,0000322,3,大分県,オオイタケン,Oita,,,,佐伯市,サイキシ,Saiki-shi,,,,,,,,,,蔵小野,クラオノ,,,0,0,0,1,0,0,0,0,1947-04-17,,0,,
442054,0000323,3,大分県,オオイタケン,Oita,,,,佐伯市,サイキシ,Saiki-shi,,,,,,,,,,代後,ダイゴ,,,0,0,0,1,0,0,0,0,1947-04-17,,0,,
442054,0000324,3,大分県,オオイタケン,Oita,,,,佐伯市,サイキシ,Saiki-shi,,,,,,,,,,大越,オオコエ,Okoe,,0,0,0,1,0,0,0,0,1947-04-17,,0,8760036,
442054,0000325,3,大分県,オオイタケン,Oita,,,,佐伯市,サイキシ,Saiki-shi,,,,,,,,,,大河原,オオガワラ,,,0,0,0,1,0,0,0,0,1947-04-17,,0,,
442054,0000326,3,大分県,オオイタケン,Oita,,,,佐伯市,サイキシ,Saiki-shi,,,,,,,,,,大宮,オオミヤ,,,0,0,0,1,0,0,0,0,1947-04-17,,0,,
442054,0000327,3,大分県,オオイタケン,Oita,,,,佐伯市,サイキシ,Saiki-shi,,,,,,,,,,大原,オオハル,,,0,0,0,1,0,0,0,0,1947-04-17,,0,,
442054,0000328,3,大分県,オオイタケン,Oita,,,,佐伯市,サイキシ,Saiki-shi,,,,,,,,,,大向,オオムカイ,,,0,0,0,1,0,0,0,0,1947-04-17,,0,,
442054,0000329,3,大分県,オオイタケン,Oita,,,,佐伯市,サイキシ,Saiki-shi,,,,,,,,,,大荒網代,オオアラジロ,,,0,0,0,1,0,0,0,0,1947-04-17,,0,,
442054,0000330,3,大分県,オオイタケン,Oita,,,,佐伯市,サイキシ,Saiki-shi,,,,,,,,,,大崎,オオサキ,,,0,0,0,1,0,0,0,0,1947-04-17,,0,,
442054,0000331,3,大分県,オオイタケン,Oita,,,,佐伯市,サイキシ,Saiki-shi,,,,,,,,,,大瀬原,オセバル,,,0,0,0,1,0,0,0,0,1947-04-17,,0,,
442054,0000332,3,大分県,オオイタケン,Oita,,,,佐伯市,サイキシ,Saiki-shi,,,,,,,,,,大石,オオイシ,,,0,0,0,1,0,0,0,0,1947-04-17,,0,,
442054,0000333,3,大分県,オオイタケン,Oita,,,,佐伯市,サイキシ,Saiki-shi,,,,,,,,,,大中尾,オオナカオ,,,0,0,0,1,0,0,0,0,1947-04-17,,0,,
442054,0000334,3,大分県,オオイタケン,Oita,,,,佐伯市,サイキシ,Saiki-shi,,,,,,,,,,大津留,オオヅル,,,0,0,0,1,0,0,0,0,1947-04-17,,0,,
442054,0000335,3,大分県,オオイタケン,Oita,,,,佐伯市,サイキシ,Saiki-shi,,,,,,,,,,大通,オオドオリ,,,0,0,0,1,0,0,0,0,1947-04-17,,0,,
442054,0000336,3,大分県,オオイタケン,Oita,,,,佐伯市,サイキシ,Saiki-shi,,,,,,,,,,大鶴,オオツル,,,0,0,0,1,0,0,0,0,1947-04-17,,0,,
442054,0000337,3,大分県,オオイタケン,Oita,,,,佐伯市,サイキシ,Saiki-shi,,,,,,,,,,大内,オオチ,,,0,0,0,1,0,0,0,0,1947-04-17,,0,,
442054,0000338,3,大分県,オオイタケン,Oita,,,,佐伯市,サイキシ,Saiki-shi,,,,,,,,,,大内浦,オオウチウラ,,,0,0,0,1,0,0,0,0,1947-04-17,,0,,
442054,0000339,3,大分県,オオイタケン,Oita,,,,佐伯市,サイキシ,Saiki-shi,,,,,,,,,,大浜,オオハマ,,,0,0,0,1,0,0,0,0,1947-04-17,,0,,
442054,0000340,3,大分県,オオイタケン,Oita,,,,佐伯市,サイキシ,Saiki-shi,,,,,,,,,,大野,オオノ,,,0,0,0,1,0,0,0,0,1947-04-17,,0,,
442054,0000341,3,大分県,オオイタケン,Oita,,,,佐伯市,サイキシ,Saiki-shi,,,,,,,,,,大良,ダイラ,,,0,0,0,1,0,0,0,0,1947-04-17,,0,,
442054,0000342,3,大分県,オオイタケン,Oita,,,,佐伯市,サイキシ,Saiki-shi,,,,,,,,,,棚井田,タナイダ,,,0,0,0,1,0,0,0,0,1947-04-17,,0,,
442054,0000343,3,大分県,オオイタケン,Oita,,,,佐伯市,サイキシ,Saiki-shi,,,,,,,,,,棚野,タナノ,,,0,0,0,1,0,0,0,0,1947-04-17,,0,,
442054,0000344,3,大分県,オオイタケン,Oita,,,,佐伯市,サイキシ,Saiki-shi,,,,,,,,,,谷口,タニグチ,,,0,0,0,1,0,0,0,0,1947-04-17,,0,,
442054,0000345,3,大分県,オオイタケン,Oita,,,,佐伯市,サイキシ,Saiki-shi,,,,,,,,,,谷川,タニガワ,,,0,0,0,1,0,0,0,0,1947-04-17,,0,,
442054,0000346,3,大分県,オオイタケン,Oita,,,,佐伯市,サイキシ,Saiki-shi,,,,,,,,,,丹賀,タンガ,,,0,0,0,1,0,0,0,0,1947-04-17,,0,,
442054,0000347,3,大分県,オオイタケン,Oita,,,,佐伯市,サイキシ,Saiki-shi,,,,,,,,,,地下,ヂゲ,,,0,0,0,1,0,0,0,0,1947-04-17,,0,,
442054,0000348,3,大分県,オオイタケン,Oita,,,,佐伯市,サイキシ,Saiki-shi,,,,,,,,,,地下西,ジゲニシ,,,0,0,0,1,0,0,0,0,1947-04-17,,0,,
442054,0000349,3,大分県,オオイタケン,Oita,,,,佐伯市,サイキシ,Saiki-shi,,,,,,,,,,地下東,ジゲヒガシ,,,0,0,0,1,0,0,0,0,1947-04-17,,0,,
442054,0000350,3,大分県,オオイタケン,Oita,,,,佐伯市,サイキシ,Saiki-shi,,,,,,,,,,地松浦,ジマツウラ,,,0,0,0,1,0,0,0,0,1947-04-17,,0,,
442054,0000351,3,大分県,オオイタケン,Oita,,,,佐伯市,サイキシ,Saiki-shi,,,,,,,,,,築良田,ツクラダ,,,0,0,0,1,0,0,0,0,1947-04-17,,0,,
442054,0000352,3,大分県,オオイタケン,Oita,,,,佐伯市,サイキシ,Saiki-shi,,,,,,,,,,竹ヶ谷,タケガタニ,,,0,0,0,1,0,0,0,0,1947-04-17,,0,,
442054,0000353,3,大分県,オオイタケン,Oita,,,,佐伯市,サイキシ,Saiki-shi,,,,,,,,,,竹ノ下,タケノシタ,,,0,0,0,1,0,0,0,0,1947-04-17,,0,,
442054,0000354,3,大分県,オオイタケン,Oita,,,,佐伯市,サイキシ,Saiki-shi,,,,,,,,,,竹ノ脇,タケノワキ,,,0,0,0,1,0,0,0,0,1947-04-17,,0,,
442054,0000355,3,大分県,オオイタケン,Oita,,,,佐伯市,サイキシ,Saiki-shi,,,,,,,,,,竹角,タケツノ,,,0,0,0,1,0,0,0,0,1947-04-17,,0,,
442054,0000356,3,大分県,オオイタケン,Oita,,,,佐伯市,サイキシ,Saiki-shi,,,,,,,,,,竹原,タコラ,,,0,0,0,1,0,0,0,0,1947-04-17,,0,,
442054,0000357,3,大分県,オオイタケン,Oita,,,,佐伯市,サイキシ,Saiki-shi,,,,,,,,,,竹峯,タケミネ,,,0,0,0,1,0,0,0,0,1947-04-17,,0,,
442054,0000358,3,大分県,オオイタケン,Oita,,,,佐伯市,サイキシ,Saiki-shi,,,,,,,,,,中ノ内,ナカノウチ,,,0,0,0,1,0,0,0,0,1947-04-17,,0,,
442054,0000359,3,大分県,オオイタケン,Oita,,,,佐伯市,サイキシ,Saiki-shi,,,,,,,,,,中越,ナカゴシ,,,0,0,0,1,0,0,0,0,1947-04-17,,0,,
442054,0000360,3,大分県,オオイタケン,Oita,,,,佐伯市,サイキシ,Saiki-shi,,,,,,,,,,中河原,ナカガハラ,,,0,0,0,1,0,0,0,0,1947-04-17,,0,,
442054,0000361,3,大分県,オオイタケン,Oita,,,,佐伯市,サイキシ,Saiki-shi,,,,,,,,,,中岳,ナカダケ,,,0,0,0,1,0,0,0,0,1947-04-17,,0,,
442054,0000362,3,大分県,オオイタケン,Oita,,,,佐伯市,サイキシ,Saiki-shi,,,,,,,,,,中原,ナカバル,,,0,0,0,1,0,0,0,0,1947-04-17,,0,,
442054,0000363,3,大分県,オオイタケン,Oita,,,,佐伯市,サイキシ,Saiki-shi,,,,,,,,,,中江,ナカエ,,,0,0,0,1,0,0,0,0,1947-04-17,,0,,
442054,0000364,3,大分県,オオイタケン,Oita,,,,佐伯市,サイキシ,Saiki-shi,,,,,,,,,,中山,ナカヤマ,Nakayama,,0,0,0,1,0,0,0,0,1947-04-17,,0,8760032,
442054,0000365,3,大分県,オオイタケン,Oita,,,,佐伯市,サイキシ,Saiki-shi,,,,,,,,,,中上津川,ナカコウヅガワ,,,0,0,0,1,0,0,0,0,1947-04-17,,0,,
442054,0000366,3,大分県,オオイタケン,Oita,,,,佐伯市,サイキシ,Saiki-shi,,,,,,,,,,中大越,ナカオオコエ,,,0,0,0,1,0,0,0,0,1947-04-17,,0,,
442054,0000367,3,大分県,オオイタケン,Oita,,,,佐伯市,サイキシ,Saiki-shi,,,,,,,,,,中津浦,ナカツウラ,,,0,0,0,1,0,0,0,0,1947-04-17,,0,,
442054,0000368,3,大分県,オオイタケン,Oita,,,,佐伯市,サイキシ,Saiki-shi,,,,,,,,,,中津留,ナカヅル,,,0,0,0,1,0,0,0,0,1947-04-17,,0,,
442054,0000369,3,大分県,オオイタケン,Oita,,,,佐伯市,サイキシ,Saiki-shi,,,,,,,,,,虫月,ムシツキ,,,0,0,0,1,0,0,0,0,1947-04-17,,0,,
442054,0000370,3,大分県,オオイタケン,Oita,,,,佐伯市,サイキシ,Saiki-shi,,,,,,,,,,長ノ分,ナガノブン,,,0,0,0,1,0,0,0,0,1947-04-17,,0,,
442054,0000371,3,大分県,オオイタケン,Oita,,,,佐伯市,サイキシ,Saiki-shi,,,,,,,,,,長崎,ナガサキ,,,0,0,0,1,0,0,0,0,1947-04-17,,0,,
442054,0000372,3,大分県,オオイタケン,Oita,,,,佐伯市,サイキシ,Saiki-shi,,,,,,,,,,長瀬,ナガセ,Nagase,,0,0,0,1,0,0,0,0,1947-04-17,,0,8760041,
442054,0000373,3,大分県,オオイタケン,Oita,,,,佐伯市,サイキシ,Saiki-shi,,,,,,,,,,長津留,ナガツル,,,0,0,0,1,0,0,0,0,1947-04-17,,0,,
442054,0000374,3,大分県,オオイタケン,Oita,,,,佐伯市,サイキシ,Saiki-shi,,,,,,,,,,長田,ナガタ,,,0,0,0,1,0,0,0,0,1947-04-17,,0,,
442054,0000375,3,大分県,オオイタケン,Oita,,,,佐伯市,サイキシ,Saiki-shi,,,,,,,,,,長畑,ナガハタ,,,0,0,0,1,0,0,0,0,1947-04-17,,0,,
442054,0000376,3,大分県,オオイタケン,Oita,,,,佐伯市,サイキシ,Saiki-shi,,,,,,,,,,長淵,ナガフチ,,,0,0,0,1,0,0,0,0,1947-04-17,,0,,
442054,0000377,3,大分県,オオイタケン,Oita,,,,佐伯市,サイキシ,Saiki-shi,,,,,,,,,,長野,ナガノ,,,0,0,0,1,0,0,0,0,1947-04-17,,0,,
442054,0000378,3,大分県,オオイタケン,Oita,,,,佐伯市,サイキシ,Saiki-shi,,,,,,,,,,直川,ナオカワ,,,0,0,0,1,0,0,0,0,1947-04-17,,0,,
442054,0000379,3,大分県,オオイタケン,Oita,,,,佐伯市,サイキシ,Saiki-shi,,,,,,,,,,津志河内,ツシガワチ,,,0,0,0,1,0,0,0,0,1947-04-17,,0,,
442054,0000380,3,大分県,オオイタケン,Oita,,,,佐伯市,サイキシ,Saiki-shi,,,,,,,,,,椎ヶ谷,シイガタニ,,,0,0,0,1,0,0,0,0,1947-04-17,,0,,
442054,0000381,3,大分県,オオイタケン,Oita,,,,佐伯市,サイキシ,Saiki-shi,,,,,,,,,,栂牟礼,トガムレ,,,0,0,0,1,0,0,0,0,1947-04-17,,0,,
442054,0000382,3,大分県,オオイタケン,Oita,,,,佐伯市,サイキシ,Saiki-shi,,,,,,,,,,坪,ツボ,,,0,0,0,1,0,0,0,0,1947-04-17,,0,,
442054,0000383,3,大分県,オオイタケン,Oita,,,,佐伯市,サイキシ,Saiki-shi,,,,,,,,,,鶴見,ツルミ,,,0,0,0,1,0,0,0,0,1947-04-17,,0,,
442054,0000384,3,大分県,オオイタケン,Oita,,,,佐伯市,サイキシ,Saiki-shi,,,,,,,,,,釘戸,クギト,,,0,0,0,1,0,0,0,0,1947-04-17,,0,,
442054,0000385,3,大分県,オオイタケン,Oita,,,,佐伯市,サイキシ,Saiki-shi,,,,,,,,,,泥谷,ヒジヤ,,,0,0,0,1,0,0,0,0,1947-04-17,,0,,
442054,0000386,3,大分県,オオイタケン,Oita,,,,佐伯市,サイキシ,Saiki-shi,,,,,,,,,,泥谷口,ヒジヤグチ,,,0,0,0,1,0,0,0,0,1947-04-17,,0,,
442054,0000387,3,大分県,オオイタケン,Oita,,,,佐伯市,サイキシ,Saiki-shi,,,,,,,,,,天津留,アマヅル,,,0,0,0,1,0,0,0,0,1947-04-17,,0,,
442054,0000388,3,大分県,オオイタケン,Oita,,,,佐伯市,サイキシ,Saiki-shi,,,,,,,,,,田ノ平,タノヒラ,,,0,0,0,1,0,0,0,0,1947-04-17,,0,,
442054,0000389,3,大分県,オオイタケン,Oita,,,,佐伯市,サイキシ,Saiki-shi,,,,,,,,,,田原,タバル,,,0,0,0,1,0,0,0,0,1947-04-17,,0,,
442054,0000390,3,大分県,オオイタケン,Oita,,,,佐伯市,サイキシ,Saiki-shi,,,,,,,,,,田代,タシロ,,,0,0,0,1,0,0,0,0,1947-04-17,,0,,
442054,0000391,3,大分県,オオイタケン,Oita,,,,佐伯市,サイキシ,Saiki-shi,,,,,,,,,,田鶴音,タヅネ,,,0,0,0,1,0,0,0,0,1947-04-17,,0,,
442054,0000392,3,大分県,オオイタケン,Oita,,,,佐伯市,サイキシ,Saiki-shi,,,,,,,,,,田野,タノ,,,0,0,0,1,0,0,0,0,1947-04-17,,0,,
442054,0000393,3,大分県,オオイタケン,Oita,,,,佐伯市,サイキシ,Saiki-shi,,,,,,,,,,登尾,ノボリオ,,,0,0,0,1,0,0,0,0,1947-04-17,,0,,
442054,0000394,3,大分県,オオイタケン,Oita,,,,佐伯市,サイキシ,Saiki-shi,,,,,,,,,,土紙屋,ツチゴヤ,,,0,0,0,1,0,0,0,0,1947-04-17,,0,,
442054,0000395,3,大分県,オオイタケン,Oita,,,,佐伯市,サイキシ,Saiki-shi,,,,,,,,,,島江,シマエ,,,0,0,0,1,0,0,0,0,1947-04-17,,0,,
442054,0000396,3,大分県,オオイタケン,Oita,,,,佐伯市,サイキシ,Saiki-shi,,,,,,,,,,東灘,ヒガシナダ,Higashinada,,0,0,0,1,0,0,0,0,1947-04-17,,0,8760021,
442054,0000397,3,大分県,オオイタケン,Oita,,,,佐伯市,サイキシ,Saiki-shi,,,,,,,,,,東風網代,コチアジロ,,,0,0,0,1,0,0,0,0,1947-04-17,,0,,
442054,0000398,3,大分県,オオイタケン,Oita,,,,佐伯市,サイキシ,Saiki-shi,,,,,,,,,,藤河内,フジカワチ,,,0,0,0,1,0,0,0,0,1947-04-17,,0,,
442054,0000399,3,大分県,オオイタケン,Oita,,,,佐伯市,サイキシ,Saiki-shi,,,,,,,,,,堂ノ間,ドウノマ,,,0,0,0,1,0,0,0,0,1947-04-17,,0,,
442054,0000400,3,大分県,オオイタケン,Oita,,,,佐伯市,サイキシ,Saiki-shi,,,,,,,,,,堂師,ドウジ,,,0,0,0,1,0,0,0,0,1947-04-17,,0,,
442054,0000401,3,大分県,オオイタケン,Oita,,,,佐伯市,サイキシ,Saiki-shi,,,,,,,,,,道ノ内,ミチノウチ,,,0,0,0,1,0,0,0,0,1947-04-17,,0,,
442054,0000402,3,大分県,オオイタケン,Oita,,,,佐伯市,サイキシ,Saiki-shi,,,,,,,,,,道越,ドウゴエ,,,0,0,0,1,0,0,0,0,1947-04-17,,0,,
442054,0000403,3,大分県,オオイタケン,Oita,,,,佐伯市,サイキシ,Saiki-shi,,,,,,,,,,徳納,トクノウ,,,0,0,0,1,0,0,0,0,1947-04-17,,0,,
442054,0000404,3,大分県,オオイタケン,Oita,,,,佐伯市,サイキシ,Saiki-shi,,,,,,,,,,内の浦,ウチノウラ,,,0,0,0,1,0,0,0,0,1947-04-17,,0,,
442054,0000405,3,大分県,オオイタケン,Oita,,,,佐伯市,サイキシ,Saiki-shi,,,,,,,,,,内河原,ウチゴウラ,,,0,0,0,1,0,0,0,0,1947-04-17,,0,,
442054,0000406,3,大分県,オオイタケン,Oita,,,,佐伯市,サイキシ,Saiki-shi,,,,,,,,,,内水,ウチミズ,,,0,0,0,1,0,0,0,0,1947-04-17,,0,,
442054,0000407,3,大分県,オオイタケン,Oita,,,,佐伯市,サイキシ,Saiki-shi,,,,,,,,,,内野々,ウチノノ,,,0,0,0,1,0,0,0,0,1947-04-17,,0,,
442054,0000408,3,大分県,オオイタケン,Oita,,,,佐伯市,サイキシ,Saiki-shi,,,,,,,,,,楢野木,ナラノキ,,,0,0,0,1,0,0,0,0,1947-04-17,,0,,
442054,0000409,3,大分県,オオイタケン,Oita,,,,佐伯市,サイキシ,Saiki-shi,,,,,,,,,,楠ノ浦,クスノウラ,,,0,0,0,1,0,0,0,0,1947-04-17,,0,,
442054,0000410,3,大分県,オオイタケン,Oita,,,,佐伯市,サイキシ,Saiki-shi,,,,,,,,,,楠木,クスギ,,,0,0,0,1,0,0,0,0,1947-04-17,,0,,
442054,0000411,3,大分県,オオイタケン,Oita,,,,佐伯市,サイキシ,Saiki-shi,,,,,,,,,,二股,フタマタ,,,0,0,0,1,0,0,0,0,1947-04-17,,0,,
442054,0000412,3,大分県,オオイタケン,Oita,,,,佐伯市,サイキシ,Saiki-shi,,,,,,,,,,日平,ヒビラ,,,0,0,0,1,0,0,0,0,1947-04-17,,0,,
442054,0000413,3,大分県,オオイタケン,Oita,,,,佐伯市,サイキシ,Saiki-shi,,,,,,,,,,日野浦,ヒノウラ,,,0,0,0,1,0,0,0,0,1947-04-17,,0,,
442054,0000414,3,大分県,オオイタケン,Oita,,,,佐伯市,サイキシ,Saiki-shi,,,,,,,,,,年ノ神,トシノカミ,,,0,0,0,1,0,0,0,0,1947-04-17,,0,,
442054,0000415,3,大分県,オオイタケン,Oita,,,,佐伯市,サイキシ,Saiki-shi,,,,,,,,,,波越,ナンゴ,,,0,0,0,1,0,0,0,0,1947-04-17,,0,,
442054,0000416,3,大分県,オオイタケン,Oita,,,,佐伯市,サイキシ,Saiki-shi,,,,,,,,,,波止,ハト,,,0,0,0,1,0,0,0,0,1947-04-17,,0,,
442054,0000417,3,大分県,オオイタケン,Oita,,,,佐伯市,サイキシ,Saiki-shi,,,,,,,,,,柏江,カシワエ,,,0,0,0,1,0,0,0,0,1947-04-17,,0,,
442054,0000418,3,大分県,オオイタケン,Oita,,,,佐伯市,サイキシ,Saiki-shi,,,,,,,,,,白潟,シラカタ,,,0,0,0,1,0,0,0,0,1947-04-17,,0,,
442054,0000419,3,大分県,オオイタケン,Oita,,,,佐伯市,サイキシ,Saiki-shi,,,,,,,,,,白山,シラヤマ,,,0,0,0,1,0,0,0,0,1947-04-17,,0,,
442054,0000420,3,大分県,オオイタケン,Oita,,,,佐伯市,サイキシ,Saiki-shi,,,,,,,,,,白谷,シロタニ,,,0,0,0,1,0,0,0,0,1947-04-17,,0,,
442054,0000421,3,大分県,オオイタケン,Oita,,,,佐伯市,サイキシ,Saiki-shi,,,,,,,,,,白浜,シラハマ,,,0,0,0,1,0,0,0,0,1947-04-17,,0,,
442054,0000422,3,大分県,オオイタケン,Oita,,,,佐伯市,サイキシ,Saiki-shi,,,,,,,,,,迫,サコ,,,0,0,0,1,0,0,0,0,1947-04-17,,0,,
442054,0000423,3,大分県,オオイタケン,Oita,,,,佐伯市,サイキシ,Saiki-shi,,,,,,,,,,畑,ハタ,,,0,0,0,1,0,0,0,0,1947-04-17,,0,,
442054,0000424,3,大分県,オオイタケン,Oita,,,,佐伯市,サイキシ,Saiki-shi,,,,,,,,,,帆波浦,ホバウラ,,,0,0,0,1,0,0,0,0,1947-04-17,,0,,
442054,0000425,3,大分県,オオイタケン,Oita,,,,佐伯市,サイキシ,Saiki-shi,,,,,,,,,,板屋,イタヤ,,,0,0,0,1,0,0,0,0,1947-04-17,,0,,
442054,0000426,3,大分県,オオイタケン,Oita,,,,佐伯市,サイキシ,Saiki-shi,,,,,,,,,,番ノ原,バンノハル,,,0,0,0,1,0,0,0,0,1947-04-17,,0,,
442054,0000427,3,大分県,オオイタケン,Oita,,,,佐伯市,サイキシ,Saiki-shi,,,,,,,,,,番匠,バンジョウ,,,0,0,0,1,0,0,0,0,1947-04-17,,0,,
442054,0000428,3,大分県,オオイタケン,Oita,,,,佐伯市,サイキシ,Saiki-shi,,,,,,,,,,備後,ビゴ,,,0,0,0,1,0,0,0,0,1947-04-17,,0,,
442054,0000429,3,大分県,オオイタケン,Oita,,,,佐伯市,サイキシ,Saiki-shi,,,,,,,,,,尾ノ上,オノウエ,,,0,0,0,1,0,0,0,0,1947-04-17,,0,,
442054,0000430,3,大分県,オオイタケン,Oita,,,,佐伯市,サイキシ,Saiki-shi,,,,,,,,,,尾浦,オウラ,,,0,0,0,1,0,0,0,0,1947-04-17,,0,,
442054,0000431,3,大分県,オオイタケン,Oita,,,,佐伯市,サイキシ,Saiki-shi,,,,,,,,,,尾岩,オイワ,,,0,0,0,1,0,0,0,0,1947-04-17,,0,,
442054,0000432,3,大分県,オオイタケン,Oita,,,,佐伯市,サイキシ,Saiki-shi,,,,,,,,,,百枝,モモエダ,,,0,0,0,1,0,0,0,0,1947-04-17,,0,,
442054,0000433,3,大分県,オオイタケン,Oita,,,,佐伯市,サイキシ,Saiki-shi,,,,,,,,,,浜,ハマ,,,0,0,0,1,0,0,0,0,1947-04-17,,0,,
442054,0000434,3,大分県,オオイタケン,Oita,,,,佐伯市,サイキシ,Saiki-shi,,,,,,,,,,府坂,フサカ,,,0,0,0,1,0,0,0,0,1947-04-17,,0,,
442054,0000435,3,大分県,オオイタケン,Oita,,,,佐伯市,サイキシ,Saiki-shi,,,,,,,,,,敷場,シキバ,,,0,0,0,1,0,0,0,0,1947-04-17,,0,,
442054,0000436,3,大分県,オオイタケン,Oita,,,,佐伯市,サイキシ,Saiki-shi,,,,,,,,,,敷倉,シキクラ,,,0,0,0,1,0,0,0,0,1947-04-17,,0,,
442054,0000437,3,大分県,オオイタケン,Oita,,,,佐伯市,サイキシ,Saiki-shi,,,,,,,,,,風無,カザナシ,,,0,0,0,1,0,0,0,0,1947-04-17,,0,,
442054,0000438,3,大分県,オオイタケン,Oita,,,,佐伯市,サイキシ,Saiki-shi,,,,,,,,,,伏部野,フスベノ,,,0,0,0,1,0,0,0,0,1947-04-17,,0,,
442054,0000439,3,大分県,オオイタケン,Oita,,,,佐伯市,サイキシ,Saiki-shi,,,,,,,,,,伏野,フセノ,,,0,0,0,1,0,0,0,0,1947-04-17,,0,,
442054,0000440,3,大分県,オオイタケン,Oita,,,,佐伯市,サイキシ,Saiki-shi,,,,,,,,,,福泊,フクドマリ,,,0,0,0,1,0,0,0,0,1947-04-17,,0,,
442054,0000441,3,大分県,オオイタケン,Oita,,,,佐伯市,サイキシ,Saiki-shi,,,,,,,,,,福網代,フクアジロ,,,0,0,0,1,0,0,0,0,1947-04-17,,0,,
442054,0000442,3,大分県,オオイタケン,Oita,,,,佐伯市,サイキシ,Saiki-shi,,,,,,,,,,払鳥屋,ハライドヤ,,,0,0,0,1,0,0,0,0,1947-04-17,,0,,
442054,0000443,3,大分県,オオイタケン,Oita,,,,佐伯市,サイキシ,Saiki-shi,,,,,,,,,,平原,ヒラバル,,,0,0,0,1,0,0,0,0,1947-04-17,,0,,
442054,0000444,3,大分県,オオイタケン,Oita,,,,佐伯市,サイキシ,Saiki-shi,,,,,,,,,,米水津,ヨノウズ,,,0,0,0,1,0,0,0,0,1947-04-17,,0,,
442054,0000445,3,大分県,オオイタケン,Oita,,,,佐伯市,サイキシ,Saiki-shi,,,,,,,,,,片山,カタヤマ,,,0,0,0,1,0,0,0,0,1947-04-17,,0,,
442054,0000446,3,大分県,オオイタケン,Oita,,,,佐伯市,サイキシ,Saiki-shi,,,,,,,,,,片神,カタガミ,,,0,0,0,1,0,0,0,0,1947-04-17,,0,,
442054,0000447,3,大分県,オオイタケン,Oita,,,,佐伯市,サイキシ,Saiki-shi,,,,,,,,,,辺田,ヘタ,,,0,0,0,1,0,0,0,0,1947-04-17,,0,,
442054,0000448,3,大分県,オオイタケン,Oita,,,,佐伯市,サイキシ,Saiki-shi,,,,,,,,,,芳ヶ浦,ヨシガウラ,,,0,0,0,1,0,0,0,0,1947-04-17,,0,,
442054,0000449,3,大分県,オオイタケン,Oita,,,,佐伯市,サイキシ,Saiki-shi,,,,,,,,,,豊藤,トヨフジ,,,0,0,0,1,0,0,0,0,1947-04-17,,0,,
442054,0000450,3,大分県,オオイタケン,Oita,,,,佐伯市,サイキシ,Saiki-shi,,,,,,,,,,北ノ浦,キタノウラ,,,0,0,0,1,0,0,0,0,1947-04-17,,0,,
442054,0000451,3,大分県,オオイタケン,Oita,,,,佐伯市,サイキシ,Saiki-shi,,,,,,,,,,本匠,ホンジョウ,,,0,0,0,1,0,0,0,0,1947-04-17,,0,,
442054,0000452,3,大分県,オオイタケン,Oita,,,,佐伯市,サイキシ,Saiki-shi,,,,,,,,,,本小浦,ホンコウラ,,,0,0,0,1,0,0,0,0,1947-04-17,,0,,
442054,0000453,3,大分県,オオイタケン,Oita,,,,佐伯市,サイキシ,Saiki-shi,,,,,,,,,,鮪浦,シビウラ,,,0,0,0,1,0,0,0,0,1947-04-17,,0,,
442054,0000454,3,大分県,オオイタケン,Oita,,,,佐伯市,サイキシ,Saiki-shi,,,,,,,,,,又江,マタエ,,,0,0,0,1,0,0,0,0,1947-04-17,,0,,
442054,0000455,3,大分県,オオイタケン,Oita,,,,佐伯市,サイキシ,Saiki-shi,,,,,,,,,,椋ノ木台,ムクノキダイ,,,0,0,0,1,0,0,0,0,1947-04-17,,0,,
442054,0000456,3,大分県,オオイタケン,Oita,,,,佐伯市,サイキシ,Saiki-shi,,,,,,,,,,木ノ瀬,キノセ,,,0,0,0,1,0,0,0,0,1947-04-17,,0,,
442054,0000457,3,大分県,オオイタケン,Oita,,,,佐伯市,サイキシ,Saiki-shi,,,,,,,,,,目筈,メハズ,,,0,0,0,1,0,0,0,0,1947-04-17,,0,,
442054,0000458,3,大分県,オオイタケン,Oita,,,,佐伯市,サイキシ,Saiki-shi,,,,,,,,,,門前,モンゼ,Monze,,0,0,0,1,0,0,0,0,1947-04-17,,0,8760061,
442054,0000459,3,大分県,オオイタケン,Oita,,,,佐伯市,サイキシ,Saiki-shi,,,,,,,,,,門田,カンタ,,,0,0,0,1,0,0,0,0,1947-04-17,,0,,
442054,0000460,3,大分県,オオイタケン,Oita,,,,佐伯市,サイキシ,Saiki-shi,,,,,,,,,,野口,ノグチ,Noguchi,,0,0,0,1,0,0,0,0,1947-04-17,,0,8760017,
442054,0000461,3,大分県,オオイタケン,Oita,,,,佐伯市,サイキシ,Saiki-shi,,,,,,,,,,野崎,ノザキ,,,0,0,0,1,0,0,0,0,1947-04-17,,0,,
442054,0000462,3,大分県,オオイタケン,Oita,,,,佐伯市,サイキシ,Saiki-shi,,,,,,,,,,野々内,ノノウチ,,,0,0,0,1,0,0,0,0,1947-04-17,,0,,
442054,0000463,3,大分県,オオイタケン,Oita,,,,佐伯市,サイキシ,Saiki-shi,,,,,,,,,,弥生,ヤヨイ,,,0,0,0,1,0,0,0,0,1947-04-17,,0,,
442054,0000464,3,大分県,オオイタケン,Oita,,,,佐伯市,サイキシ,Saiki-shi,,,,,,,,,,柳瀬,ヤナセ,,,0,0,0,1,0,0,0,0,1947-04-17,,0,,
442054,0000465,3,大分県,オオイタケン,Oita,,,,佐伯市,サイキシ,Saiki-shi,,,,,,,,,,柚ノ原,ユノハル,,,0,0,0,1,0,0,0,0,1947-04-17,,0,,
442054,0000466,3,大分県,オオイタケン,Oita,,,,佐伯市,サイキシ,Saiki-shi,,,,,,,,,,由布,ユブ,,,0,0,0,1,0,0,0,0,1947-04-17,,0,,
442054,0000467,3,大分県,オオイタケン,Oita,,,,佐伯市,サイキシ,Saiki-shi,,,,,,,,,,落水,オチミズ,,,0,0,0,1,0,0,0,0,1947-04-17,,0,,
442054,0000468,3,大分県,オオイタケン,Oita,,,,佐伯市,サイキシ,Saiki-shi,,,,,,,,,,立河内,タテガワチ,,,0,0,0,1,0,0,0,0,1947-04-17,,0,,
442054,0000469,3,大分県,オオイタケン,Oita,,,,佐伯市,サイキシ,Saiki-shi,,,,,,,,,,立箱,タテバコ,,,0,0,0,1,0,0,0,0,1947-04-17,,0,,
442054,0000470,3,大分県,オオイタケン,Oita,,,,佐伯市,サイキシ,Saiki-shi,,,,,,,,,,留田,トメダ,,,0,0,0,1,0,0,0,0,1947-04-17,,0,,
442054,0000471,3,大分県,オオイタケン,Oita,,,,佐伯市,サイキシ,Saiki-shi,,,,,,,,,,龍護寺,リョウゴジ,,,0,0,0,1,0,0,0,0,1947-04-17,,0,,
442054,0000472,3,大分県,オオイタケン,Oita,,,,佐伯市,サイキシ,Saiki-shi,,,,,,,,,,浪太,ナブト,,,0,0,0,1,0,0,0,0,1947-04-17,,0,,
442054,0000473,3,大分県,オオイタケン,Oita,,,,佐伯市,サイキシ,Saiki-shi,,,,,,,,,,六田,ロクタ,,,0,0,0,1,0,0,0,0,1947-04-17,,0,,
442054,0000474,3,大分県,オオイタケン,Oita,,,,佐伯市,サイキシ,Saiki-shi,,,,,,,,,,脇,ワキ,Waki,,0,0,0,1,0,0,0,0,1947-04-17,,0,8760046,
442054,0000475,3,大分県,オオイタケン,Oita,,,,佐伯市,サイキシ,Saiki-shi,,,,,,,,,,鷲谷,ワシダニ,,,0,0,0,1,0,0,0,0,1947-04-17,,0,,
442054,0000476,3,大分県,オオイタケン,Oita,,,,佐伯市,サイキシ,Saiki-shi,,,,,,,,,,蕨野,ワラビノ,,,0,0,0,1,0,0,0,0,1947-04-17,,0,,
442054,0000477,3,大分県,オオイタケン,Oita,,,,佐伯市,サイキシ,Saiki-shi,,,,,,,,,,晞干,ヒルホシ,,,0,0,0,1,0,0,0,0,1947-04-17,,0,,
442054,0000478,3,大分県,オオイタケン,Oita,,,,佐伯市,サイキシ,Saiki-shi,,,,,,,,,,筬河内,アサゴウチ,,,0,0,0,1,0,0,0,0,1947-04-17,,0,,
442054,0000479,3,大分県,オオイタケン,Oita,,,,佐伯市,サイキシ,Saiki-shi,,,,,,,,,,苣ノ木,チシャノキ,,,0,0,0,1,0,0,0,0,1947-04-17,,0,,
442054,0000480,3,大分県,オオイタケン,Oita,,,,佐伯市,サイキシ,Saiki-shi,,,,,,,,,,蜷ヶ崎,ニナガサキ,,,0,0,0,1,0,0,0,0,1947-04-17,,0,,
442054,0000542,3,大分県,オオイタケン,Oita,,,,佐伯市,サイキシ,Saiki-shi,,,,,,,,,,沖,オキ,,,0,0,0,1,0,0,0,0,1947-04-17,,0,,
442054,0000543,3,大分県,オオイタケン,Oita,,,,佐伯市,サイキシ,Saiki-shi,,,,,,,,,,向,ムカイ,,,0,0,0,1,0,0,0,0,1947-04-17,,0,,
442054,0000550,3,大分県,オオイタケン,Oita,,,,佐伯市,サイキシ,Saiki-shi,,,,,,,,,,中村,ナカムラ,,,0,0,0,1,0,0,0,0,1947-04-17,,0,,
442054,0001000,1,大分県,オオイタケン,Oita,,,,佐伯市,サイキシ,Saiki-shi,,,,池船町,イケフネマチ,Ikefunemachi,,,,,,,,1,1,0,0,0,0,1,1,1947-04-17,,0,8760833,
442054,0002000,1,大分県,オオイタケン,Oita,,,,佐伯市,サイキシ,Saiki-shi,,,,臼坪,ウスツボ,Usutsubo,,,,,,,,1,1,0,0,0,0,1,0,1947-04-17,,0,8760849,
442054,0003000,1,大分県,オオイタケン,Oita,,,,佐伯市,サイキシ,Saiki-shi,,,,内町,ウチマチ,Uchimachi,,,,,,,,1,1,0,0,0,0,1,1,1947-04-17,,0,8760845,
442054,0004000,1,大分県,オオイタケン,Oita,,,,佐伯市,サイキシ,Saiki-shi,,,,宇目大字大平,ウメオオアザオオヒラ,,,,,,,,,0,0,0,0,0,0,1,1,1947-04-17,,0,,
442054,0005000,1,大分県,オオイタケン,Oita,,,,佐伯市,サイキシ,Saiki-shi,,,,宇目大字小野市,ウメオオアザオノイチ,,,,,,,,,0,0,0,0,0,0,1,1,1947-04-17,,0,,
442054,0006000,1,大分県,オオイタケン,Oita,,,,佐伯市,サイキシ,Saiki-shi,,,,宇目大字河内,ウメオオアザカワチ,,,,,,,,,0,0,0,0,0,0,1,1,1947-04-17,,0,,
442054,0007000,1,大分県,オオイタケン,Oita,,,,佐伯市,サイキシ,Saiki-shi,,,,宇目大字木浦内,ウメオオアザキウラウチ,,,,,,,,,0,0,0,0,0,0,1,1,1947-04-17,,0,,
442054,0008000,1,大分県,オオイタケン,Oita,,,,佐伯市,サイキシ,Saiki-shi,,,,宇目大字木浦鉱山,ウメオオアザキウラコウザン,,,,,,,,,0,0,0,0,0,0,1,1,1947-04-17,,0,,
442054,0009000,1,大分県,オオイタケン,Oita,,,,佐伯市,サイキシ,Saiki-shi,,,,宇目大字塩見園,ウメオオアザシオミゾノ,,,,,,,,,0,0,0,0,0,0,1,1,1947-04-17,,0,,
442054,0010000,1,大分県,オオイタケン,Oita,,,,佐伯市,サイキシ,Saiki-shi,,,,宇目大字重岡,ウメオオアザシゲオカ,,,,,,,,,0,0,0,0,0,0,1,1,1947-04-17,,0,,
442054,0011000,1,大分県,オオイタケン,Oita,,,,佐伯市,サイキシ,Saiki-shi,,,,宇目大字千束,ウメオオアザセンゾク,,,,,,,,,0,0,0,0,0,0,1,1,1947-04-17,,0,,
442054,0012000,1,大分県,オオイタケン,Oita,,,,佐伯市,サイキシ,Saiki-shi,,,,宇目大字南田原,ウメオオアザミナミタバル,,,,,,,,,0,0,0,0,0,0,1,1,1947-04-17,,0,,
442054,0013001,2,大分県,オオイタケン,Oita,,,,佐伯市,サイキシ,Saiki-shi,,,,駅前,エキマエ,Ekimae,１丁目,１チョウメ,1,,,,,1,1,0,0,0,0,1,1,1947-04-17,,0,,
442054,0013002,2,大分県,オオイタケン,Oita,,,,佐伯市,サイキシ,Saiki-shi,,,,駅前,エキマエ,Ekimae,２丁目,２チョウメ,2,,,,,1,1,0,0,0,0,1,1,1947-04-17,,0,,
442054,0015000,1,大分県,オオイタケン,Oita,,,,佐伯市,サイキシ,Saiki-shi,,,,大字荒網代浦,オオアザアラジロウラ,Arajirora,,,,,,,,0,0,0,0,0,0,1,1,1947-04-17,,0,8760004,
442054,0016000,1,大分県,オオイタケン,Oita,,,,佐伯市,サイキシ,Saiki-shi,,,,大字池田,オオアザイケダ,Ikeda,,,,,,,,0,0,0,0,0,0,1,1,1947-04-17,,0,8760025,
442054,0017000,1,大分県,オオイタケン,Oita,,,,佐伯市,サイキシ,Saiki-shi,,,,大字石間浦,オオアザイシマウラ,Ishimaura,,,,,,,,0,0,0,0,0,0,1,1,1947-04-17,,0,8760005,
442054,0018000,1,大分県,オオイタケン,Oita,,,,佐伯市,サイキシ,Saiki-shi,,,,大字稲垣,オオアザイナガキ,Inagaki,,,,,,,,0,0,0,0,0,0,1,1,1947-04-17,,0,8760042,
442054,0019000,1,大分県,オオイタケン,Oita,,,,佐伯市,サイキシ,Saiki-shi,,,,大字海崎,オオアザカイザキ,Kaizaki,,,,,,,,0,0,0,0,0,0,1,1,1947-04-17,,0,8761105,
442054,0020000,1,大分県,オオイタケン,Oita,,,,佐伯市,サイキシ,Saiki-shi,,,,大字霞ケ浦,オオアザカスミガウラ,Kasumigaura,,,,,,,,0,0,0,0,0,0,1,1,1947-04-17,,0,8761104,
442054,0021000,1,大分県,オオイタケン,Oita,,,,佐伯市,サイキシ,Saiki-shi,,,,大字片神浦,オオアザカタガミウラ,Katagamiura,,,,,,,,0,0,0,0,0,0,1,1,1947-04-17,,0,8760008,
442054,0022000,1,大分県,オオイタケン,Oita,,,,佐伯市,サイキシ,Saiki-shi,,,,大字堅田,オオアザカタタ,Katata,,,,,,,,0,0,0,0,0,0,1,1,1947-04-17,,0,8761512,
442054,0023000,1,大分県,オオイタケン,Oita,,,,佐伯市,サイキシ,Saiki-shi,,,,大字上岡,オオアザカミオカ,Kamioka,,,,,,,,0,0,0,0,0,0,1,1,1947-04-17,,0,8760045,
442054,0024000,1,大分県,オオイタケン,Oita,,,,佐伯市,サイキシ,Saiki-shi,,,,大字狩生,オオアザカリウ,Kariu,,,,,,,,0,0,0,0,0,0,1,1,1947-04-17,,0,8761101,
442054,0025000,1,大分県,オオイタケン,Oita,,,,佐伯市,サイキシ,Saiki-shi,,,,大字木立,オオアザキタチ,Kitachi,,,,,,,,0,0,0,0,0,0,1,1,1947-04-17,,0,8762121,
442054,0026000,1,大分県,オオイタケン,Oita,,,,佐伯市,サイキシ,Saiki-shi,,,,大字久保浦,オオアザクボウラ,Kubora,,,,,,,,0,0,0,0,0,0,1,1,1947-04-17,,0,8760007,
442054,0027000,1,大分県,オオイタケン,Oita,,,,佐伯市,サイキシ,Saiki-shi,,,,大字塩内浦,オオアザシウチウラ,Shiuchiura,,,,,,,,0,0,0,0,0,0,1,1,1947-04-17,,0,8760003,
442054,0028000,1,大分県,オオイタケン,Oita,,,,佐伯市,サイキシ,Saiki-shi,,,,大字高松浦,オオアザタカマツウラ,Takamatsura,,,,,,,,0,0,0,0,0,0,1,1,1947-04-17,,0,8760001,
442054,0029000,1,大分県,オオイタケン,Oita,,,,佐伯市,サイキシ,Saiki-shi,,,,大字鶴望,オオアザツルミ,Tsurumi,,,,,,,,0,0,0,0,0,0,1,1,1947-04-17,,0,8760012,
442054,0030000,1,大分県,オオイタケン,Oita,,,,佐伯市,サイキシ,Saiki-shi,,,,大字長良,オオアザナガラ,Nagara,,,,,,,,0,0,0,0,0,0,1,1,1947-04-17,,0,8761511,
442054,0031000,1,大分県,オオイタケン,Oita,,,,佐伯市,サイキシ,Saiki-shi,,,,大字長谷,オオアザハセ,Hase,,,,,,,,0,0,0,0,0,0,1,1,1947-04-17,,0,8760037,
442054,0032000,1,大分県,オオイタケン,Oita,,,,佐伯市,サイキシ,Saiki-shi,,,,大字戸穴,オオアザヒアナ,Hiana,,,,,,,,0,0,0,0,0,0,1,1,1947-04-17,,0,8761106,
442054,0033000,1,大分県,オオイタケン,Oita,,,,佐伯市,サイキシ,Saiki-shi,,,,大字日向泊浦,オオアザヒュウガドマリウラ,Hyugadomariura,,,,,,,,0,0,0,0,0,0,1,1,1947-04-17,,0,8760002,
442054,0034000,1,大分県,オオイタケン,Oita,,,,佐伯市,サイキシ,Saiki-shi,,,,大字二栄,オオアザフタバエ,Futabae,,,,,,,,0,0,0,0,0,0,1,1,1947-04-17,,0,8761102,
442054,0035000,1,大分県,オオイタケン,Oita,,,,佐伯市,サイキシ,Saiki-shi,,,,大字護江,オオアザモリエ,Morie,,,,,,,,0,0,0,0,0,0,1,1,1947-04-17,,0,8761103,
442054,0036000,1,大分県,オオイタケン,Oita,,,,佐伯市,サイキシ,Saiki-shi,,,,大字守後浦,オオアザモリゴウラ,Morigora,,,,,,,,0,0,0,0,0,0,1,1,1947-04-17,,0,8760006,
442054,0037001,2,大分県,オオイタケン,Oita,,,,佐伯市,サイキシ,Saiki-shi,,,,大手町,オオテマチ,Otemachi,１丁目,１チョウメ,1,,,,,1,1,0,0,0,0,1,1,1947-04-17,,0,,
442054,0037002,2,大分県,オオイタケン,Oita,,,,佐伯市,サイキシ,Saiki-shi,,,,大手町,オオテマチ,Otemachi,２丁目,２チョウメ,2,,,,,1,1,0,0,0,0,1,1,1947-04-17,,0,,
442054,0037003,2,大分県,オオイタケン,Oita,,,,佐伯市,サイキシ,Saiki-shi,,,,大手町,オオテマチ,Otemachi,３丁目,３チョウメ,3,,,,,1,1,0,0,0,0,1,1,1947-04-17,,0,,
442054,0038000,1,大分県,オオイタケン,Oita,,,,佐伯市,サイキシ,Saiki-shi,,,,春日町,カスガマチ,Kasugamachi,,,,,,,,1,1,0,0,0,0,1,1,1947-04-17,,0,8760806,
442054,0039000,1,大分県,オオイタケン,Oita,,,,佐伯市,サイキシ,Saiki-shi,,,,葛港,カズラミナト,Kazuraminato,,,,,,,,1,1,0,0,0,0,1,1,1947-04-17,,0,8760801,
442054,0040000,1,大分県,オオイタケン,Oita,,,,佐伯市,サイキシ,Saiki-shi,,,,蒲江大字猪串浦,カマエオオアザイノクシウラ,,,,,,,,,0,0,0,0,0,0,1,1,1947-04-17,,0,,
442054,0041000,1,大分県,オオイタケン,Oita,,,,佐伯市,サイキシ,Saiki-shi,,,,蒲江大字葛原浦,カマエオオアザカズラハラウラ,,,,,,,,,0,0,0,0,0,0,1,1,1947-04-17,,0,,
442054,0042000,1,大分県,オオイタケン,Oita,,,,佐伯市,サイキシ,Saiki-shi,,,,蒲江大字蒲江浦,カマエオオアザカマエウラ,,,,,,,,,0,0,0,0,0,0,1,1,1947-04-17,,0,,
442054,0043000,1,大分県,オオイタケン,Oita,,,,佐伯市,サイキシ,Saiki-shi,,,,蒲江大字楠本浦,カマエオオアザクスモトウラ,,,,,,,,,0,0,0,0,0,0,1,1,1947-04-17,,0,,
442054,0044000,1,大分県,オオイタケン,Oita,,,,佐伯市,サイキシ,Saiki-shi,,,,蒲江大字竹野浦河内,カマエオオアザタケノウラゴウチ,,,,,,,,,0,0,0,0,0,0,1,1,1947-04-17,,0,,
442054,0045000,1,大分県,オオイタケン,Oita,,,,佐伯市,サイキシ,Saiki-shi,,,,蒲江大字西野浦,カマエオオアザニシノウラ,,,,,,,,,0,0,0,0,0,0,1,1,1947-04-17,,0,,
442054,0046000,1,大分県,オオイタケン,Oita,,,,佐伯市,サイキシ,Saiki-shi,,,,蒲江大字野々河内浦,カマエオオアザノノカワチウラ,,,,,,,,,0,0,0,0,0,0,1,1,1947-04-17,,0,,
442054,0047000,1,大分県,オオイタケン,Oita,,,,佐伯市,サイキシ,Saiki-shi,,,,蒲江大字畑野浦,カマエオオアザハタノウラ,,,,,,,,,0,0,0,0,0,0,1,1,1947-04-17,,0,,
442054,0048000,1,大分県,オオイタケン,Oita,,,,佐伯市,サイキシ,Saiki-shi,,,,蒲江大字波当津浦,カマエオオアザハトウヅウラ,,,,,,,,,0,0,0,0,0,0,1,1,1947-04-17,,0,,
442054,0049000,1,大分県,オオイタケン,Oita,,,,佐伯市,サイキシ,Saiki-shi,,,,蒲江大字丸市尾浦,カマエオオアザマルイチビウラ,,,,,,,,,0,0,0,0,0,0,1,1,1947-04-17,,0,,
442054,0050000,1,大分県,オオイタケン,Oita,,,,佐伯市,サイキシ,Saiki-shi,,,,蒲江大字森崎浦,カマエオオアザモリサキウラ,,,,,,,,,0,0,0,0,0,0,1,1,1947-04-17,,0,,
442054,0051000,1,大分県,オオイタケン,Oita,,,,佐伯市,サイキシ,Saiki-shi,,,,上浦大字浅海井浦,カミウラオオアザアザムイウラ,,,,,,,,,0,0,0,0,0,0,1,1,1947-04-17,,0,,
442054,0052000,1,大分県,オオイタケン,Oita,,,,佐伯市,サイキシ,Saiki-shi,,,,上浦大字津井浦,カミウラオオアザツイウラ,,,,,,,,,0,0,0,0,0,0,1,1,1947-04-17,,0,,
442054,0053000,1,大分県,オオイタケン,Oita,,,,佐伯市,サイキシ,Saiki-shi,,,,上浦大字最勝海浦,カミウラオオアザニイナメウラ,,,,,,,,,0,0,0,0,0,0,1,1,1947-04-17,,0,,
442054,0054000,1,大分県,オオイタケン,Oita,,,,佐伯市,サイキシ,Saiki-shi,,,,蟹田,ガンダ,Ganda,,,,,,,,1,1,0,0,0,0,1,1,1947-04-17,,0,8760804,
442054,0055000,1,大分県,オオイタケン,Oita,,,,佐伯市,サイキシ,Saiki-shi,,,,来島町,クルシママチ,Kurushimamachi,,,,,,,,1,1,0,0,0,0,1,1,1947-04-17,,0,8760841,
442054,0056000,1,大分県,オオイタケン,Oita,,,,佐伯市,サイキシ,Saiki-shi,,,,城下西町,ジョウカニシマチ,Joka Nishimachi,,,,,,,,1,1,0,0,0,0,1,1,1947-04-17,,0,8760847,
442054,0057000,1,大分県,オオイタケン,Oita,,,,佐伯市,サイキシ,Saiki-shi,,,,城下東町,ジョウカヒガシマチ,Joka Higashimachi,,,,,,,,1,1,0,0,0,0,1,1,1947-04-17,,0,8760848,
442054,0058000,1,大分県,オオイタケン,Oita,,,,佐伯市,サイキシ,Saiki-shi,,,,城東町,ジョウトウマチ,Jotomachi,,,,,,,,1,1,0,0,0,0,1,1,1947-04-17,,0,8760846,
442054,0059000,1,大分県,オオイタケン,Oita,,,,佐伯市,サイキシ,Saiki-shi,,,,城南町,ジョウナンマチ,Jonammachi,,,,,,,,1,1,0,0,0,0,1,1,1947-04-17,,0,8760834,
442054,0060000,1,大分県,オオイタケン,Oita,,,,佐伯市,サイキシ,Saiki-shi,,,,船頭町,センドウマチ,Sendomachi,,,,,,,,1,1,0,0,0,0,1,1,1947-04-17,,0,8760832,
442054,0061000,1,大分県,オオイタケン,Oita,,,,佐伯市,サイキシ,Saiki-shi,,,,田の浦町,タノウラマチ,Tanoramachi,,,,,,,,1,1,0,0,0,0,1,1,1947-04-17,,0,8760807,
442054,0062001,2,大分県,オオイタケン,Oita,,,,佐伯市,サイキシ,Saiki-shi,,,,鶴岡西町,ツルオカニシマチ,Tsuruokanishimachi,１丁目,１チョウメ,1,,,,,0,0,0,0,0,0,1,1,1947-04-17,,0,,
442054,0062002,2,大分県,オオイタケン,Oita,,,,佐伯市,サイキシ,Saiki-shi,,,,鶴岡西町,ツルオカニシマチ,Tsuruokanishimachi,２丁目,２チョウメ,2,,,,,0,0,0,0,0,0,1,1,1947-04-17,,0,,
442054,0063001,2,大分県,オオイタケン,Oita,,,,佐伯市,サイキシ,Saiki-shi,,,,鶴岡町,ツルオカマチ,Tsuruokamachi,１丁目,１チョウメ,1,,,,,1,1,0,0,0,0,1,1,1947-04-17,,0,,
442054,0063002,2,大分県,オオイタケン,Oita,,,,佐伯市,サイキシ,Saiki-shi,,,,鶴岡町,ツルオカマチ,Tsuruokamachi,２丁目,２チョウメ,2,,,,,1,1,0,0,0,0,1,1,1947-04-17,,0,,
442054,0063003,2,大分県,オオイタケン,Oita,,,,佐伯市,サイキシ,Saiki-shi,,,,鶴岡町,ツルオカマチ,Tsuruokamachi,３丁目,３チョウメ,3,,,,,1,1,0,0,0,0,1,1,1947-04-17,,0,,
442054,0064000,1,大分県,オオイタケン,Oita,,,,佐伯市,サイキシ,Saiki-shi,,,,鶴見大字有明浦,ツルミオオアザアリアケウラ,,,,,,,,,0,0,0,0,0,0,1,1,1947-04-17,,0,,
442054,0065000,1,大分県,オオイタケン,Oita,,,,佐伯市,サイキシ,Saiki-shi,,,,鶴見大字大島,ツルミオオアザオオシマ,,,,,,,,,0,0,0,0,0,0,1,1,1947-04-17,,0,,
442054,0066000,1,大分県,オオイタケン,Oita,,,,佐伯市,サイキシ,Saiki-shi,,,,鶴見大字沖松浦,ツルミオオアザオキマツウラ,,,,,,,,,0,0,0,0,0,0,1,1,1947-04-17,,0,,
442054,0067000,1,大分県,オオイタケン,Oita,,,,佐伯市,サイキシ,Saiki-shi,,,,鶴見大字梶寄浦,ツルミオオアザカジヨセウラ,,,,,,,,,0,0,0,0,0,0,1,1,1947-04-17,,0,,
442054,0068000,1,大分県,オオイタケン,Oita,,,,佐伯市,サイキシ,Saiki-shi,,,,鶴見大字地松浦,ツルミオオアザジマツウラ,,,,,,,,,0,0,0,0,0,0,1,1,1947-04-17,,0,,
442054,0069000,1,大分県,オオイタケン,Oita,,,,佐伯市,サイキシ,Saiki-shi,,,,鶴見大字丹賀浦,ツルミオオアザタンガウラ,,,,,,,,,0,0,0,0,0,0,1,1,1947-04-17,,0,,
442054,0070000,1,大分県,オオイタケン,Oita,,,,佐伯市,サイキシ,Saiki-shi,,,,鶴見大字中越浦,ツルミオオアザナカゴシウラ,,,,,,,,,0,0,0,0,0,0,1,1,1947-04-17,,0,,
442054,0071000,1,大分県,オオイタケン,Oita,,,,佐伯市,サイキシ,Saiki-shi,,,,鶴見大字羽出浦,ツルミオオアザハイデウラ,,,,,,,,,0,0,0,0,0,0,1,1,1947-04-17,,0,,
442054,0072000,1,大分県,オオイタケン,Oita,,,,佐伯市,サイキシ,Saiki-shi,,,,鶴見大字吹浦,ツルミオオアザフキウラ,,,,,,,,,0,0,0,0,0,0,1,1,1947-04-17,,0,,
442054,0073001,2,大分県,オオイタケン,Oita,,,,佐伯市,サイキシ,Saiki-shi,,,,鶴谷町,ツルヤマチ,Tsuruyamachi,１丁目,１チョウメ,1,,,,,1,1,0,0,0,0,1,1,1947-04-17,,0,,
442054,0073002,2,大分県,オオイタケン,Oita,,,,佐伯市,サイキシ,Saiki-shi,,,,鶴谷町,ツルヤマチ,Tsuruyamachi,２丁目,２チョウメ,2,,,,,1,1,0,0,0,0,1,1,1947-04-17,,0,,
442054,0073003,2,大分県,オオイタケン,Oita,,,,佐伯市,サイキシ,Saiki-shi,,,,鶴谷町,ツルヤマチ,Tsuruyamachi,３丁目,３チョウメ,3,,,,,1,1,0,0,0,0,1,1,1947-04-17,,0,,
442054,0074000,1,大分県,オオイタケン,Oita,,,,佐伯市,サイキシ,Saiki-shi,,,,常盤西町,トキワニシマチ,Tokiwa Nishimachi,,,,,,,,1,1,0,0,0,0,1,1,1947-04-17,,0,8760857,
442054,0075000,1,大分県,オオイタケン,Oita,,,,佐伯市,サイキシ,Saiki-shi,,,,常盤東町,トキワヒガシマチ,Tokiwa Higashimachi,,,,,,,,1,1,0,0,0,0,1,1,1947-04-17,,0,8760851,
442054,0076000,1,大分県,オオイタケン,Oita,,,,佐伯市,サイキシ,Saiki-shi,,,,常盤南町,トキワミナミマチ,Tokiwa Minamimachi,,,,,,,,1,1,0,0,0,0,1,1,1947-04-17,,0,8760852,
442054,0077000,1,大分県,オオイタケン,Oita,,,,佐伯市,サイキシ,Saiki-shi,,,,直川大字赤木,ナオカワオオアザアカギ,,,,,,,,,0,0,0,0,0,0,1,1,1947-04-17,,0,,
442054,0078000,1,大分県,オオイタケン,Oita,,,,佐伯市,サイキシ,Saiki-shi,,,,直川大字上直見,ナオカワオオアザカミナオミ,,,,,,,,,0,0,0,0,0,0,1,1,1947-04-17,,0,,
442054,0079000,1,大分県,オオイタケン,Oita,,,,佐伯市,サイキシ,Saiki-shi,,,,直川大字下直見,ナオカワオオアザシモナオミ,,,,,,,,,0,0,0,0,0,0,1,1,1947-04-17,,0,,
442054,0080000,1,大分県,オオイタケン,Oita,,,,佐伯市,サイキシ,Saiki-shi,,,,直川大字仁田原,ナオカワオオアザニタハラ,,,,,,,,,0,0,0,0,0,0,1,1,1947-04-17,,0,,
442054,0081000,1,大分県,オオイタケン,Oita,,,,佐伯市,サイキシ,Saiki-shi,,,,直川大字横川,ナオカワオオアザヨコガワ,,,,,,,,,0,0,0,0,0,0,1,1,1947-04-17,,0,,
442054,0082000,1,大分県,オオイタケン,Oita,,,,佐伯市,サイキシ,Saiki-shi,,,,中江町,ナカエマチ,Nakaemachi,,,,,,,,1,1,0,0,0,0,1,1,1947-04-17,,0,8760812,
442054,0083001,2,大分県,オオイタケン,Oita,,,,佐伯市,サイキシ,Saiki-shi,,,,長島町,ナガシママチ,Nagashimamachi,１丁目,１チョウメ,1,,,,,1,1,0,0,0,0,1,1,1947-04-17,,0,,
442054,0083002,2,大分県,オオイタケン,Oita,,,,佐伯市,サイキシ,Saiki-shi,,,,長島町,ナガシママチ,Nagashimamachi,２丁目,２チョウメ,2,,,,,1,1,0,0,0,0,1,1,1947-04-17,,0,,
442054,0083003,2,大分県,オオイタケン,Oita,,,,佐伯市,サイキシ,Saiki-shi,,,,長島町,ナガシママチ,Nagashimamachi,３丁目,３チョウメ,3,,,,,1,1,0,0,0,0,1,1,1947-04-17,,0,,
442054,0083004,2,大分県,オオイタケン,Oita,,,,佐伯市,サイキシ,Saiki-shi,,,,長島町,ナガシママチ,Nagashimamachi,４丁目,４チョウメ,4,,,,,1,1,0,0,0,0,1,1,1947-04-17,,0,,
442054,0084001,2,大分県,オオイタケン,Oita,,,,佐伯市,サイキシ,Saiki-shi,,,,中の島,ナカノシマ,Nakanoshima,１丁目,１チョウメ,1,,,,,1,1,0,0,0,0,1,1,1947-04-17,,0,,
442054,0084002,2,大分県,オオイタケン,Oita,,,,佐伯市,サイキシ,Saiki-shi,,,,中の島,ナカノシマ,Nakanoshima,２丁目,２チョウメ,2,,,,,1,1,0,0,0,0,1,1,1947-04-17,,0,,
442054,0084003,2,大分県,オオイタケン,Oita,,,,佐伯市,サイキシ,Saiki-shi,,,,中の島,ナカノシマ,Nakanoshima,３丁目,３チョウメ,3,,,,,1,1,0,0,0,0,1,1,1947-04-17,,0,,
442054,0085000,1,大分県,オオイタケン,Oita,,,,佐伯市,サイキシ,Saiki-shi,,,,中ノ島東町,ナカノシマヒガシマチ,Nakanoshimahigashimachi,,,,,,,,1,1,0,0,0,0,1,1,1947-04-17,,0,8760842,
442054,0086000,1,大分県,オオイタケン,Oita,,,,佐伯市,サイキシ,Saiki-shi,,,,中村北町,ナカムラキタマチ,Nakamura Kitamachi,,,,,,,,1,1,0,0,0,0,1,1,1947-04-17,,0,8760856,
442054,0087000,1,大分県,オオイタケン,Oita,,,,佐伯市,サイキシ,Saiki-shi,,,,中村西町,ナカムラニシマチ,Nakamura Nishimachi,,,,,,,,1,1,0,0,0,0,1,1,1947-04-17,,0,8760855,
442054,0088000,1,大分県,オオイタケン,Oita,,,,佐伯市,サイキシ,Saiki-shi,,,,中村東町,ナカムラヒガシマチ,Nakamura Higashimachi,,,,,,,,1,1,0,0,0,0,1,1,1947-04-17,,0,8760853,
442054,0089000,1,大分県,オオイタケン,Oita,,,,佐伯市,サイキシ,Saiki-shi,,,,中村南町,ナカムラミナミマチ,Nakamura Minamimachi,,,,,,,,1,1,0,0,0,0,1,1,1947-04-17,,0,8760854,
442054,0090000,1,大分県,オオイタケン,Oita,,,,佐伯市,サイキシ,Saiki-shi,,,,西谷町,ニシダニマチ,Nishidanimachi,,,,,,,,1,1,0,0,0,0,1,1,1947-04-17,,0,8760836,
442054,0091000,1,大分県,オオイタケン,Oita,,,,佐伯市,サイキシ,Saiki-shi,,,,西浜,ニシハマ,Nishihama,,,,,,,,1,1,0,0,0,0,1,1,1947-04-17,,0,8760822,
442054,0092001,2,大分県,オオイタケン,Oita,,,,佐伯市,サイキシ,Saiki-shi,,,,野岡町,ノオカマチ,Nokamachi,１丁目,１チョウメ,1,,,,,1,1,0,0,0,0,1,1,1947-04-17,,0,,
442054,0092002,2,大分県,オオイタケン,Oita,,,,佐伯市,サイキシ,Saiki-shi,,,,野岡町,ノオカマチ,Nokamachi,２丁目,２チョウメ,2,,,,,1,1,0,0,0,0,1,1,1947-04-17,,0,,
442054,0093000,1,大分県,オオイタケン,Oita,,,,佐伯市,サイキシ,Saiki-shi,,,,東町,ヒガシマチ,Higashimachi,,,,,,,,1,1,0,0,0,0,1,1,1947-04-17,,0,8760814,
442054,0094000,1,大分県,オオイタケン,Oita,,,,佐伯市,サイキシ,Saiki-shi,,,,日の出町,ヒノデマチ,Hinodemachi,,,,,,,,1,1,0,0,0,0,1,1,1947-04-17,,0,8760802,
442054,0095000,1,大分県,オオイタケン,Oita,,,,佐伯市,サイキシ,Saiki-shi,,,,平野町,ヒラノマチ,Hiranomachi,,,,,,,,1,1,0,0,0,0,1,1,1947-04-17,,0,8760805,
442054,0096001,2,大分県,オオイタケン,Oita,,,,佐伯市,サイキシ,Saiki-shi,,,,向島,ホウジマ,Hojima,１丁目,１チョウメ,1,,,,,1,1,0,0,0,0,1,1,1947-04-17,,0,,
442054,0096002,2,大分県,オオイタケン,Oita,,,,佐伯市,サイキシ,Saiki-shi,,,,向島,ホウジマ,Hojima,２丁目,２チョウメ,2,,,,,1,1,0,0,0,0,1,1,1947-04-17,,0,,
442054,0097000,1,大分県,オオイタケン,Oita,,,,佐伯市,サイキシ,Saiki-shi,,,,本匠大字井ノ上,ホンジョウオオアザイノウエ,,,,,,,,,0,0,0,0,0,0,1,1,1947-04-17,,0,,
442054,0098000,1,大分県,オオイタケン,Oita,,,,佐伯市,サイキシ,Saiki-shi,,,,本匠大字因尾,ホンジョウオオアザインビ,,,,,,,,,0,0,0,0,0,0,1,1,1947-04-17,,0,,
442054,0099000,1,大分県,オオイタケン,Oita,,,,佐伯市,サイキシ,Saiki-shi,,,,本匠大字宇津々,ホンジョウオオアザウツツ,,,,,,,,,0,0,0,0,0,0,1,1,1947-04-17,,0,,
442054,0100000,1,大分県,オオイタケン,Oita,,,,佐伯市,サイキシ,Saiki-shi,,,,本匠大字小川,ホンジョウオオアザオガワ,,,,,,,,,0,0,0,0,0,0,1,1,1947-04-17,,0,,
442054,0101000,1,大分県,オオイタケン,Oita,,,,佐伯市,サイキシ,Saiki-shi,,,,本匠大字小半,ホンジョウオオアザオナガラ,,,,,,,,,0,0,0,0,0,0,1,1,1947-04-17,,0,,
442054,0102000,1,大分県,オオイタケン,Oita,,,,佐伯市,サイキシ,Saiki-shi,,,,本匠大字笠掛,ホンジョウオオアザカサカケ,,,,,,,,,0,0,0,0,0,0,1,1,1947-04-17,,0,,
442054,0103000,1,大分県,オオイタケン,Oita,,,,佐伯市,サイキシ,Saiki-shi,,,,本匠大字風戸,ホンジョウオオアザカザト,,,,,,,,,0,0,0,0,0,0,1,1,1947-04-17,,0,,
442054,0104000,1,大分県,オオイタケン,Oita,,,,佐伯市,サイキシ,Saiki-shi,,,,本匠大字上津川,ホンジョウオオアザコウヅガワ,,,,,,,,,0,0,0,0,0,0,1,1,1947-04-17,,0,,
442054,0105000,1,大分県,オオイタケン,Oita,,,,佐伯市,サイキシ,Saiki-shi,,,,本匠大字堂ノ間,ホンジョウオオアザドウノマ,,,,,,,,,0,0,0,0,0,0,1,1,1947-04-17,,0,,
442054,0106000,1,大分県,オオイタケン,Oita,,,,佐伯市,サイキシ,Saiki-shi,,,,本匠大字波寄,ホンジョウオオアザハキ,,,,,,,,,0,0,0,0,0,0,1,1,1947-04-17,,0,,
442054,0107000,1,大分県,オオイタケン,Oita,,,,佐伯市,サイキシ,Saiki-shi,,,,本匠大字三股,ホンジョウオオアザミマタ,,,,,,,,,0,0,0,0,0,0,1,1,1947-04-17,,0,,
442054,0108000,1,大分県,オオイタケン,Oita,,,,佐伯市,サイキシ,Saiki-shi,,,,本匠大字山部,ホンジョウオオアザヤマブ,,,,,,,,,0,0,0,0,0,0,1,1,1947-04-17,,0,,
442054,0109000,1,大分県,オオイタケン,Oita,,,,佐伯市,サイキシ,Saiki-shi,,,,弥生大字井崎,ヤヨイオオアザイサキ,,,,,,,,,0,0,0,0,0,0,1,1,1947-04-17,,0,,
442054,0110000,1,大分県,オオイタケン,Oita,,,,佐伯市,サイキシ,Saiki-shi,,,,弥生大字江良,ヤヨイオオアザエラ,,,,,,,,,0,0,0,0,0,0,1,1,1947-04-17,,0,,
442054,0111000,1,大分県,オオイタケン,Oita,,,,佐伯市,サイキシ,Saiki-shi,,,,弥生大字大坂本,ヤヨイオオアザオオサカモト,,,,,,,,,0,0,0,0,0,0,1,1,1947-04-17,,0,,
442054,0112000,1,大分県,オオイタケン,Oita,,,,佐伯市,サイキシ,Saiki-shi,,,,弥生大字上小倉,ヤヨイオオアザカミオグラ,,,,,,,,,0,0,0,0,0,0,1,1,1947-04-17,,0,,
442054,0113000,1,大分県,オオイタケン,Oita,,,,佐伯市,サイキシ,Saiki-shi,,,,弥生大字門田,ヤヨイオオアザカンタ,,,,,,,,,0,0,0,0,0,0,1,1,1947-04-17,,0,,
442054,0114000,1,大分県,オオイタケン,Oita,,,,佐伯市,サイキシ,Saiki-shi,,,,弥生大字小田,ヤヨイオオアザコダ,,,,,,,,,0,0,0,0,0,0,1,1,1947-04-17,,0,,
442054,0115000,1,大分県,オオイタケン,Oita,,,,佐伯市,サイキシ,Saiki-shi,,,,弥生大字細田,ヤヨイオオアザサイタ,,,,,,,,,0,0,0,0,0,0,1,1,1947-04-17,,0,,
442054,0116000,1,大分県,オオイタケン,Oita,,,,佐伯市,サイキシ,Saiki-shi,,,,弥生大字尺間,ヤヨイオオアザシャクマ,,,,,,,,,0,0,0,0,0,0,1,1,1947-04-17,,0,,
442054,0117000,1,大分県,オオイタケン,Oita,,,,佐伯市,サイキシ,Saiki-shi,,,,弥生大字提内,ヤヨイオオアザヒサギウチ,,,,,,,,,0,0,0,0,0,0,1,1,1947-04-17,,0,,
442054,0118000,1,大分県,オオイタケン,Oita,,,,佐伯市,サイキシ,Saiki-shi,,,,弥生大字平井,ヤヨイオオアザヒライ,,,,,,,,,0,0,0,0,0,0,1,1,1947-04-17,,0,,
442054,0119000,1,大分県,オオイタケン,Oita,,,,佐伯市,サイキシ,Saiki-shi,,,,弥生大字山梨子,ヤヨイオオアザヤマナシ,,,,,,,,,0,0,0,0,0,0,1,1,1947-04-17,,0,,
442054,0120000,1,大分県,オオイタケン,Oita,,,,佐伯市,サイキシ,Saiki-shi,,,,弥生大字床木,ヤヨイオオアザユカギ,,,,,,,,,0,0,0,0,0,0,1,1,1947-04-17,,0,,
442054,0121000,1,大分県,オオイタケン,Oita,,,,佐伯市,サイキシ,Saiki-shi,,,,米水津大字色利浦,ヨノウヅオオアザイロリウラ,,,,,,,,,0,0,0,0,0,0,1,1,1947-04-17,,0,,
442054,0122000,1,大分県,オオイタケン,Oita,,,,佐伯市,サイキシ,Saiki-shi,,,,米水津大字浦代浦,ヨノウヅオオアザウラシロウラ,,,,,,,,,0,0,0,0,0,0,1,1,1947-04-17,,0,,
442054,0123000,1,大分県,オオイタケン,Oita,,,,佐伯市,サイキシ,Saiki-shi,,,,米水津大字宮野浦,ヨノウヅオオアザミヤノウラ,,,,,,,,,0,0,0,0,0,0,1,1,1947-04-17,,0,,
442054,0124000,1,大分県,オオイタケン,Oita,,,,佐伯市,サイキシ,Saiki-shi,,,,若宮町,ワカミヤマチ,Wakamiyamachi,,,,,,,,1,1,0,0,0,0,1,1,1947-04-17,,0,8760013,
442054,0125000,1,大分県,オオイタケン,Oita,,,,佐伯市,サイキシ,Saiki-shi,,,,東浜,ヒガシハマ,Higashihama,,,,,,,,1,1,0,0,0,0,1,1,1947-04-17,,0,8760821,
442054,0126000,1,大分県,オオイタケン,Oita,,,,佐伯市,サイキシ,Saiki-shi,,,,米水津大字小浦,ヨノウヅオオアザコウラ,,,,,,,,,0,0,0,0,0,0,1,1,1947-04-17,,0,,
442054,0127000,1,大分県,オオイタケン,Oita,,,,佐伯市,サイキシ,Saiki-shi,,,,米水津大字竹野浦,ヨノウヅオオアザタケノウラ,,,,,,,,,0,0,0,0,0,0,1,1,1947-04-17,,0,,
442054,0128000,1,大分県,オオイタケン,Oita,,,,佐伯市,サイキシ,Saiki-shi,,,,大字青山,オオアザアオヤマ,Aoyama,,,,,,,,0,0,0,0,0,0,1,1,1947-04-17,,0,8761513,
442062,0000101,3,大分県,オオイタケン,Oita,,,,臼杵市,ウスキシ,Usuki-shi,,,,,,,,,,あけぼの,アケボノ,,,0,0,0,1,0,0,0,0,1947-04-17,,0,,
442062,0000102,3,大分県,オオイタケン,Oita,,,,臼杵市,ウスキシ,Usuki-shi,,,,,,,,,,あすとぴあ,アストピア,,,0,0,0,1,0,0,0,0,1947-04-17,,0,,
442062,0000103,3,大分県,オオイタケン,Oita,,,,臼杵市,ウスキシ,Usuki-shi,,,,,,,,,,阿部川内,アベカワチ,,,0,0,0,1,0,0,0,0,1947-04-17,,0,,
442062,0000104,3,大分県,オオイタケン,Oita,,,,臼杵市,ウスキシ,Usuki-shi,,,,,,,,,,旭ヶ丘,アサヒガオカ,,,0,0,0,1,0,0,0,0,1947-04-17,,0,,
442062,0000105,3,大分県,オオイタケン,Oita,,,,臼杵市,ウスキシ,Usuki-shi,,,,,,,,,,井ノ上,イノウエ,,,0,0,0,1,0,0,0,0,1947-04-17,,0,,
442062,0000106,3,大分県,オオイタケン,Oita,,,,臼杵市,ウスキシ,Usuki-shi,,,,,,,,,,井岡,イノオカ,,,0,0,0,1,0,0,0,0,1947-04-17,,0,,
442062,0000107,3,大分県,オオイタケン,Oita,,,,臼杵市,ウスキシ,Usuki-shi,,,,,,,,,,井上,イノウエ,,,0,0,0,1,0,0,0,0,1947-04-17,,0,,
442062,0000108,3,大分県,オオイタケン,Oita,,,,臼杵市,ウスキシ,Usuki-shi,,,,,,,,,,井上鍛冶,イノウエカジ,,,0,0,0,1,0,0,0,0,1947-04-17,,0,,
442062,0000109,3,大分県,オオイタケン,Oita,,,,臼杵市,ウスキシ,Usuki-shi,,,,,,,,,,一ッ木,ヒトツギ,,,0,0,0,1,0,0,0,0,1947-04-17,,0,,
442062,0000110,3,大分県,オオイタケン,Oita,,,,臼杵市,ウスキシ,Usuki-shi,,,,,,,,,,芋地,イモヂ,,,0,0,0,1,0,0,0,0,1947-04-17,,0,,
442062,0000111,3,大分県,オオイタケン,Oita,,,,臼杵市,ウスキシ,Usuki-shi,,,,,,,,,,浦,ウラ,,,0,0,0,1,0,0,0,0,1947-04-17,,0,,
442062,0000112,3,大分県,オオイタケン,Oita,,,,臼杵市,ウスキシ,Usuki-shi,,,,,,,,,,駅前,エキマエ,,,0,0,0,1,0,0,0,0,1947-04-17,,0,,
442062,0000113,3,大分県,オオイタケン,Oita,,,,臼杵市,ウスキシ,Usuki-shi,,,,,,,,,,越崎,エツサキ,,,0,0,0,1,0,0,0,0,1947-04-17,,0,,
442062,0000114,3,大分県,オオイタケン,Oita,,,,臼杵市,ウスキシ,Usuki-shi,,,,,,,,,,遠久原,トオクバル,,,0,0,0,1,0,0,0,0,1947-04-17,,0,,
442062,0000115,3,大分県,オオイタケン,Oita,,,,臼杵市,ウスキシ,Usuki-shi,,,,,,,,,,塩田,シオタ,,,0,0,0,1,0,0,0,0,1947-04-17,,0,,
442062,0000116,3,大分県,オオイタケン,Oita,,,,臼杵市,ウスキシ,Usuki-shi,,,,,,,,,,塩入,シオイリ,,,0,0,0,1,0,0,0,0,1947-04-17,,0,,
442062,0000117,3,大分県,オオイタケン,Oita,,,,臼杵市,ウスキシ,Usuki-shi,,,,,,,,,,塩柏,シオガシワ,,,0,0,0,1,0,0,0,0,1947-04-17,,0,,
442062,0000118,3,大分県,オオイタケン,Oita,,,,臼杵市,ウスキシ,Usuki-shi,,,,,,,,,,於無礼,オムレ,,,0,0,0,1,0,0,0,0,1947-04-17,,0,,
442062,0000119,3,大分県,オオイタケン,Oita,,,,臼杵市,ウスキシ,Usuki-shi,,,,,,,,,,奥畑,オクバタ,,,0,0,0,1,0,0,0,0,1947-04-17,,0,,
442062,0000120,3,大分県,オオイタケン,Oita,,,,臼杵市,ウスキシ,Usuki-shi,,,,,,,,,,横町,ヨコマチ,,,0,0,0,1,0,0,0,0,1947-04-17,,0,,
442062,0000121,3,大分県,オオイタケン,Oita,,,,臼杵市,ウスキシ,Usuki-shi,,,,,,,,,,横網代,ヨコアジロ,,,0,0,0,1,0,0,0,0,1947-04-17,,0,,
442062,0000122,3,大分県,オオイタケン,Oita,,,,臼杵市,ウスキシ,Usuki-shi,,,,,,,,,,王座,オオザ,,,0,0,0,1,0,0,0,0,1947-04-17,,0,,
442062,0000123,3,大分県,オオイタケン,Oita,,,,臼杵市,ウスキシ,Usuki-shi,,,,,,,,,,温井,ヌルイ,,,0,0,0,1,0,0,0,0,1947-04-17,,0,,
442062,0000124,3,大分県,オオイタケン,Oita,,,,臼杵市,ウスキシ,Usuki-shi,,,,,,,,,,下り松,サガリマツ,,,0,0,0,1,0,0,0,0,1947-04-17,,0,,
442062,0000125,3,大分県,オオイタケン,Oita,,,,臼杵市,ウスキシ,Usuki-shi,,,,,,,,,,下宮本,シモミヤモト,,,0,0,0,1,0,0,0,0,1947-04-17,,0,,
442062,0000126,3,大分県,オオイタケン,Oita,,,,臼杵市,ウスキシ,Usuki-shi,,,,,,,,,,下市浜,シモイチハマ,,,0,0,0,1,0,0,0,0,1947-04-17,,0,,
442062,0000127,3,大分県,オオイタケン,Oita,,,,臼杵市,ウスキシ,Usuki-shi,,,,,,,,,,下西神野,シモニシガミノ,,,0,0,0,1,0,0,0,0,1947-04-17,,0,,
442062,0000128,3,大分県,オオイタケン,Oita,,,,臼杵市,ウスキシ,Usuki-shi,,,,,,,,,,下中尾,シモナカオ,,,0,0,0,1,0,0,0,0,1947-04-17,,0,,
442062,0000129,3,大分県,オオイタケン,Oita,,,,臼杵市,ウスキシ,Usuki-shi,,,,,,,,,,下忠野,シモチュウノ,,,0,0,0,1,0,0,0,0,1947-04-17,,0,,
442062,0000130,3,大分県,オオイタケン,Oita,,,,臼杵市,ウスキシ,Usuki-shi,,,,,,,,,,下通,シモカヨイ,,,0,0,0,1,0,0,0,0,1947-04-17,,0,,
442062,0000131,3,大分県,オオイタケン,Oita,,,,臼杵市,ウスキシ,Usuki-shi,,,,,,,,,,下田,シモダ,,,0,0,0,1,0,0,0,0,1947-04-17,,0,,
442062,0000132,3,大分県,オオイタケン,Oita,,,,臼杵市,ウスキシ,Usuki-shi,,,,,,,,,,下藤,シモフジ,,,0,0,0,1,0,0,0,0,1947-04-17,,0,,
442062,0000133,3,大分県,オオイタケン,Oita,,,,臼杵市,ウスキシ,Usuki-shi,,,,,,,,,,下落谷,シモオチダニ,,,0,0,0,1,0,0,0,0,1947-04-17,,0,,
442062,0000134,3,大分県,オオイタケン,Oita,,,,臼杵市,ウスキシ,Usuki-shi,,,,,,,,,,花の木,ハナノキ,,,0,0,0,1,0,0,0,0,1947-04-17,,0,,
442062,0000135,3,大分県,オオイタケン,Oita,,,,臼杵市,ウスキシ,Usuki-shi,,,,,,,,,,花園,ハナゾノ,,,0,0,0,1,0,0,0,0,1947-04-17,,0,,
442062,0000136,3,大分県,オオイタケン,Oita,,,,臼杵市,ウスキシ,Usuki-shi,,,,,,,,,,花原,ハナバル,,,0,0,0,1,0,0,0,0,1947-04-17,,0,,
442062,0000137,3,大分県,オオイタケン,Oita,,,,臼杵市,ウスキシ,Usuki-shi,,,,,,,,,,垣河内,カキカワラ,,,0,0,0,1,0,0,0,0,1947-04-17,,0,,
442062,0000138,3,大分県,オオイタケン,Oita,,,,臼杵市,ウスキシ,Usuki-shi,,,,,,,,,,柿ノ浦,カキノウラ,,,0,0,0,1,0,0,0,0,1947-04-17,,0,,
442062,0000139,3,大分県,オオイタケン,Oita,,,,臼杵市,ウスキシ,Usuki-shi,,,,,,,,,,笠良木,カサラギ,,,0,0,0,1,0,0,0,0,1947-04-17,,0,,
442062,0000140,3,大分県,オオイタケン,Oita,,,,臼杵市,ウスキシ,Usuki-shi,,,,,,,,,,割後場,ワリゴバ,,,0,0,0,1,0,0,0,0,1947-04-17,,0,,
442062,0000141,3,大分県,オオイタケン,Oita,,,,臼杵市,ウスキシ,Usuki-shi,,,,,,,,,,株ノ木,カブノキ,,,0,0,0,1,0,0,0,0,1947-04-17,,0,,
442062,0000142,3,大分県,オオイタケン,Oita,,,,臼杵市,ウスキシ,Usuki-shi,,,,,,,,,,丸岡,マルオカ,,,0,0,0,1,0,0,0,0,1947-04-17,,0,,
442062,0000143,3,大分県,オオイタケン,Oita,,,,臼杵市,ウスキシ,Usuki-shi,,,,,,,,,,岩屋,イワヤ,,,0,0,0,1,0,0,0,0,1947-04-17,,0,,
442062,0000144,3,大分県,オオイタケン,Oita,,,,臼杵市,ウスキシ,Usuki-shi,,,,,,,,,,岩屋川,イワヤガワ,,,0,0,0,1,0,0,0,0,1947-04-17,,0,,
442062,0000145,3,大分県,オオイタケン,Oita,,,,臼杵市,ウスキシ,Usuki-shi,,,,,,,,,,岩崎,イワサキ,,,0,0,0,1,0,0,0,0,1947-04-17,,0,,
442062,0000146,3,大分県,オオイタケン,Oita,,,,臼杵市,ウスキシ,Usuki-shi,,,,,,,,,,岩瀬,イワセ,,,0,0,0,1,0,0,0,0,1947-04-17,,0,,
442062,0000147,3,大分県,オオイタケン,Oita,,,,臼杵市,ウスキシ,Usuki-shi,,,,,,,,,,鬼塚,オニヅカ,,,0,0,0,1,0,0,0,0,1947-04-17,,0,,
442062,0000148,3,大分県,オオイタケン,Oita,,,,臼杵市,ウスキシ,Usuki-shi,,,,,,,,,,祇園西,ギオンニシ,,,0,0,0,1,0,0,0,0,1947-04-17,,0,,
442062,0000149,3,大分県,オオイタケン,Oita,,,,臼杵市,ウスキシ,Usuki-shi,,,,,,,,,,祇園中,ギオンナカ,,,0,0,0,1,0,0,0,0,1947-04-17,,0,,
442062,0000150,3,大分県,オオイタケン,Oita,,,,臼杵市,ウスキシ,Usuki-shi,,,,,,,,,,祇園東,ギオンヒガシ,,,0,0,0,1,0,0,0,0,1947-04-17,,0,,
442062,0000151,3,大分県,オオイタケン,Oita,,,,臼杵市,ウスキシ,Usuki-shi,,,,,,,,,,祇園南,ギオンミナミ,,,0,0,0,1,0,0,0,0,1947-04-17,,0,,
442062,0000152,3,大分県,オオイタケン,Oita,,,,臼杵市,ウスキシ,Usuki-shi,,,,,,,,,,吉岡,ヨシオカ,,,0,0,0,1,0,0,0,0,1947-04-17,,0,,
442062,0000153,3,大分県,オオイタケン,Oita,,,,臼杵市,ウスキシ,Usuki-shi,,,,,,,,,,吉小野,ヨシオノ,Yoshiono,,0,0,0,1,0,0,0,0,1947-04-17,,0,8750071,
442062,0000154,3,大分県,オオイタケン,Oita,,,,臼杵市,ウスキシ,Usuki-shi,,,,,,,,,,黍野,キビノ,,,0,0,0,1,0,0,0,0,1947-04-17,,0,,
442062,0000155,3,大分県,オオイタケン,Oita,,,,臼杵市,ウスキシ,Usuki-shi,,,,,,,,,,久保,クボ,,,0,0,0,1,0,0,0,0,1947-04-17,,0,,
442062,0000156,3,大分県,オオイタケン,Oita,,,,臼杵市,ウスキシ,Usuki-shi,,,,,,,,,,久保浦,クボウラ,,,0,0,0,1,0,0,0,0,1947-04-17,,0,,
442062,0000157,3,大分県,オオイタケン,Oita,,,,臼杵市,ウスキシ,Usuki-shi,,,,,,,,,,久木小野,クギオノ,Kugiono,,0,0,0,1,0,0,0,0,1947-04-17,,0,8750070,
442062,0000158,3,大分県,オオイタケン,Oita,,,,臼杵市,ウスキシ,Usuki-shi,,,,,,,,,,狭岡,ハザオカ,,,0,0,0,1,0,0,0,0,1947-04-17,,0,,
442062,0000159,3,大分県,オオイタケン,Oita,,,,臼杵市,ウスキシ,Usuki-shi,,,,,,,,,,桐木,キリギ,,,0,0,0,1,0,0,0,0,1947-04-17,,0,,
442062,0000160,3,大分県,オオイタケン,Oita,,,,臼杵市,ウスキシ,Usuki-shi,,,,,,,,,,熊崎,クマサキ,,,0,0,0,1,0,0,0,0,1947-04-17,,0,,
442062,0000161,3,大分県,オオイタケン,Oita,,,,臼杵市,ウスキシ,Usuki-shi,,,,,,,,,,熊崎本村,クマサキホンムラ,,,0,0,0,1,0,0,0,0,1947-04-17,,0,,
442062,0000162,3,大分県,オオイタケン,Oita,,,,臼杵市,ウスキシ,Usuki-shi,,,,,,,,,,熊迫,クマザコ,,,0,0,0,1,0,0,0,0,1947-04-17,,0,,
442062,0000163,3,大分県,オオイタケン,Oita,,,,臼杵市,ウスキシ,Usuki-shi,,,,,,,,,,栗林,クリバヤシ,,,0,0,0,1,0,0,0,0,1947-04-17,,0,,
442062,0000164,3,大分県,オオイタケン,Oita,,,,臼杵市,ウスキシ,Usuki-shi,,,,,,,,,,桑原,カバル,,,0,0,0,1,0,0,0,0,1947-04-17,,0,,
442062,0000165,3,大分県,オオイタケン,Oita,,,,臼杵市,ウスキシ,Usuki-shi,,,,,,,,,,桑尾,カノオ,,,0,0,0,1,0,0,0,0,1947-04-17,,0,,
442062,0000166,3,大分県,オオイタケン,Oita,,,,臼杵市,ウスキシ,Usuki-shi,,,,,,,,,,原,ハル,,,0,0,0,1,0,0,0,0,1947-04-17,,0,,
442062,0000167,3,大分県,オオイタケン,Oita,,,,臼杵市,ウスキシ,Usuki-shi,,,,,,,,,,原口団地,ハラグチダンチ,,,0,0,0,1,0,0,0,0,1947-04-17,,0,,
442062,0000168,3,大分県,オオイタケン,Oita,,,,臼杵市,ウスキシ,Usuki-shi,,,,,,,,,,戸屋平,トヤビラ,,,0,0,0,1,0,0,0,0,1947-04-17,,0,,
442062,0000169,3,大分県,オオイタケン,Oita,,,,臼杵市,ウスキシ,Usuki-shi,,,,,,,,,,戸室,トムロ,Tomuro,,0,0,0,1,0,0,0,0,1947-04-17,,0,8750051,
442062,0000170,3,大分県,オオイタケン,Oita,,,,臼杵市,ウスキシ,Usuki-shi,,,,,,,,,,鼓石,ツヅミイシ,,,0,0,0,1,0,0,0,0,1947-04-17,,0,,
442062,0000171,3,大分県,オオイタケン,Oita,,,,臼杵市,ウスキシ,Usuki-shi,,,,,,,,,,後河内,ウシロガワチ,,,0,0,0,1,0,0,0,0,1947-04-17,,0,,
442062,0000172,3,大分県,オオイタケン,Oita,,,,臼杵市,ウスキシ,Usuki-shi,,,,,,,,,,御霊園,ゴリョウゾノ,,,0,0,0,1,0,0,0,0,1947-04-17,,0,,
442062,0000173,3,大分県,オオイタケン,Oita,,,,臼杵市,ウスキシ,Usuki-shi,,,,,,,,,,広原,ヒロハラ,,,0,0,0,1,0,0,0,0,1947-04-17,,0,,
442062,0000174,3,大分県,オオイタケン,Oita,,,,臼杵市,ウスキシ,Usuki-shi,,,,,,,,,,港町東,ミナトマチヒガシ,,,0,0,0,1,0,0,0,0,1947-04-17,,0,,
442062,0000175,3,大分県,オオイタケン,Oita,,,,臼杵市,ウスキシ,Usuki-shi,,,,,,,,,,港町本通,ミナトマチホンドオリ,,,0,0,0,1,0,0,0,0,1947-04-17,,0,,
442062,0000176,3,大分県,オオイタケン,Oita,,,,臼杵市,ウスキシ,Usuki-shi,,,,,,,,,,荒瀬,アラセ,,,0,0,0,1,0,0,0,0,1947-04-17,,0,,
442062,0000177,3,大分県,オオイタケン,Oita,,,,臼杵市,ウスキシ,Usuki-shi,,,,,,,,,,荒田,アラタ,,,0,0,0,1,0,0,0,0,1947-04-17,,0,,
442062,0000178,3,大分県,オオイタケン,Oita,,,,臼杵市,ウスキシ,Usuki-shi,,,,,,,,,,香堂,コウドウ,,,0,0,0,1,0,0,0,0,1947-04-17,,0,,
442062,0000179,3,大分県,オオイタケン,Oita,,,,臼杵市,ウスキシ,Usuki-shi,,,,,,,,,,高須,タカズ,,,0,0,0,1,0,0,0,0,1947-04-17,,0,,
442062,0000180,3,大分県,オオイタケン,Oita,,,,臼杵市,ウスキシ,Usuki-shi,,,,,,,,,,高倉,タカクラ,,,0,0,0,1,0,0,0,0,1947-04-17,,0,,
442062,0000181,3,大分県,オオイタケン,Oita,,,,臼杵市,ウスキシ,Usuki-shi,,,,,,,,,,黒丸,クロマル,,,0,0,0,1,0,0,0,0,1947-04-17,,0,,
442062,0000182,3,大分県,オオイタケン,Oita,,,,臼杵市,ウスキシ,Usuki-shi,,,,,,,,,,黒岩,クロイワ,,,0,0,0,1,0,0,0,0,1947-04-17,,0,,
442062,0000183,3,大分県,オオイタケン,Oita,,,,臼杵市,ウスキシ,Usuki-shi,,,,,,,,,,黒坂,クロサカ,,,0,0,0,1,0,0,0,0,1947-04-17,,0,,
442062,0000184,3,大分県,オオイタケン,Oita,,,,臼杵市,ウスキシ,Usuki-shi,,,,,,,,,,黒土,クロツチ,,,0,0,0,1,0,0,0,0,1947-04-17,,0,,
442062,0000185,3,大分県,オオイタケン,Oita,,,,臼杵市,ウスキシ,Usuki-shi,,,,,,,,,,今俵,イマビョウ,,,0,0,0,1,0,0,0,0,1947-04-17,,0,,
442062,0000186,3,大分県,オオイタケン,Oita,,,,臼杵市,ウスキシ,Usuki-shi,,,,,,,,,,才原,サイバル,,,0,0,0,1,0,0,0,0,1947-04-17,,0,,
442062,0000187,3,大分県,オオイタケン,Oita,,,,臼杵市,ウスキシ,Usuki-shi,,,,,,,,,,才倉,サイクラ,,,0,0,0,1,0,0,0,0,1947-04-17,,0,,
442062,0000188,3,大分県,オオイタケン,Oita,,,,臼杵市,ウスキシ,Usuki-shi,,,,,,,,,,細枝,ホソエダ,,,0,0,0,1,0,0,0,0,1947-04-17,,0,,
442062,0000189,3,大分県,オオイタケン,Oita,,,,臼杵市,ウスキシ,Usuki-shi,,,,,,,,,,笹枝,ササエダ,,,0,0,0,1,0,0,0,0,1947-04-17,,0,,
442062,0000190,3,大分県,オオイタケン,Oita,,,,臼杵市,ウスキシ,Usuki-shi,,,,,,,,,,山ノ手,ヤマノテ,,,0,0,0,1,0,0,0,0,1947-04-17,,0,,
442062,0000191,3,大分県,オオイタケン,Oita,,,,臼杵市,ウスキシ,Usuki-shi,,,,,,,,,,山口,ヤマグチ,,,0,0,0,1,0,0,0,0,1947-04-17,,0,,
442062,0000192,3,大分県,オオイタケン,Oita,,,,臼杵市,ウスキシ,Usuki-shi,,,,,,,,,,山路,ヤマジ,,,0,0,0,1,0,0,0,0,1947-04-17,,0,,
442062,0000193,3,大分県,オオイタケン,Oita,,,,臼杵市,ウスキシ,Usuki-shi,,,,,,,,,,桟,カケハシ,,,0,0,0,1,0,0,0,0,1947-04-17,,0,,
442062,0000194,3,大分県,オオイタケン,Oita,,,,臼杵市,ウスキシ,Usuki-shi,,,,,,,,,,寺小路,テラコウジ,,,0,0,0,1,0,0,0,0,1947-04-17,,0,,
442062,0000195,3,大分県,オオイタケン,Oita,,,,臼杵市,ウスキシ,Usuki-shi,,,,,,,,,,持丸,モチマル,,,0,0,0,1,0,0,0,0,1947-04-17,,0,,
442062,0000196,3,大分県,オオイタケン,Oita,,,,臼杵市,ウスキシ,Usuki-shi,,,,,,,,,,持田,モチダ,,,0,0,0,1,0,0,0,0,1947-04-17,,0,,
442062,0000197,3,大分県,オオイタケン,Oita,,,,臼杵市,ウスキシ,Usuki-shi,,,,,,,,,,篠迫団地,シノザコダンチ,,,0,0,0,1,0,0,0,0,1947-04-17,,0,,
442062,0000198,3,大分県,オオイタケン,Oita,,,,臼杵市,ウスキシ,Usuki-shi,,,,,,,,,,芝尾,シバオ,,,0,0,0,1,0,0,0,0,1947-04-17,,0,,
442062,0000199,3,大分県,オオイタケン,Oita,,,,臼杵市,ウスキシ,Usuki-shi,,,,,,,,,,芝尾崎,シバオザキ,,,0,0,0,1,0,0,0,0,1947-04-17,,0,,
442062,0000200,3,大分県,オオイタケン,Oita,,,,臼杵市,ウスキシ,Usuki-shi,,,,,,,,,,若山,ワカヤマ,,,0,0,0,1,0,0,0,0,1947-04-17,,0,,
442062,0000201,3,大分県,オオイタケン,Oita,,,,臼杵市,ウスキシ,Usuki-shi,,,,,,,,,,若葉,ワカバ,,,0,0,0,1,0,0,0,0,1947-04-17,,0,,
442062,0000202,3,大分県,オオイタケン,Oita,,,,臼杵市,ウスキシ,Usuki-shi,,,,,,,,,,洲崎,スサキ,,,0,0,0,1,0,0,0,0,1947-04-17,,0,,
442062,0000203,3,大分県,オオイタケン,Oita,,,,臼杵市,ウスキシ,Usuki-shi,,,,,,,,,,出羽,イズルハ,,,0,0,0,1,0,0,0,0,1947-04-17,,0,,
442062,0000204,3,大分県,オオイタケン,Oita,,,,臼杵市,ウスキシ,Usuki-shi,,,,,,,,,,小園,コゾノ,,,0,0,0,1,0,0,0,0,1947-04-17,,0,,
442062,0000205,3,大分県,オオイタケン,Oita,,,,臼杵市,ウスキシ,Usuki-shi,,,,,,,,,,小屋川,ショウヤガワ,,,0,0,0,1,0,0,0,0,1947-04-17,,0,,
442062,0000206,3,大分県,オオイタケン,Oita,,,,臼杵市,ウスキシ,Usuki-shi,,,,,,,,,,小出,コイデ,,,0,0,0,1,0,0,0,0,1947-04-17,,0,,
442062,0000207,3,大分県,オオイタケン,Oita,,,,臼杵市,ウスキシ,Usuki-shi,,,,,,,,,,小切畑,コギリハタ,,,0,0,0,1,0,0,0,0,1947-04-17,,0,,
442062,0000208,3,大分県,オオイタケン,Oita,,,,臼杵市,ウスキシ,Usuki-shi,,,,,,,,,,小網代,コアジロ,,,0,0,0,1,0,0,0,0,1947-04-17,,0,,
442062,0000209,3,大分県,オオイタケン,Oita,,,,臼杵市,ウスキシ,Usuki-shi,,,,,,,,,,小六,コロク,,,0,0,0,1,0,0,0,0,1947-04-17,,0,,
442062,0000210,3,大分県,オオイタケン,Oita,,,,臼杵市,ウスキシ,Usuki-shi,,,,,,,,,,昭和,ショウワ,,,0,0,0,1,0,0,0,0,1947-04-17,,0,,
442062,0000211,3,大分県,オオイタケン,Oita,,,,臼杵市,ウスキシ,Usuki-shi,,,,,,,,,,松ヶ嶽,マツガタケ,,,0,0,0,1,0,0,0,0,1947-04-17,,0,,
442062,0000212,3,大分県,オオイタケン,Oita,,,,臼杵市,ウスキシ,Usuki-shi,,,,,,,,,,松原,マツバラ,,,0,0,0,1,0,0,0,0,1947-04-17,,0,,
442062,0000213,3,大分県,オオイタケン,Oita,,,,臼杵市,ウスキシ,Usuki-shi,,,,,,,,,,松尾,マツオ,,,0,0,0,1,0,0,0,0,1947-04-17,,0,,
442062,0000214,3,大分県,オオイタケン,Oita,,,,臼杵市,ウスキシ,Usuki-shi,,,,,,,,,,障子岩,ショウジイワ,,,0,0,0,1,0,0,0,0,1947-04-17,,0,,
442062,0000215,3,大分県,オオイタケン,Oita,,,,臼杵市,ウスキシ,Usuki-shi,,,,,,,,,,上塩田,カミシオタ,,,0,0,0,1,0,0,0,0,1947-04-17,,0,,
442062,0000216,3,大分県,オオイタケン,Oita,,,,臼杵市,ウスキシ,Usuki-shi,,,,,,,,,,上宮本,カミミヤモト,,,0,0,0,1,0,0,0,0,1947-04-17,,0,,
442062,0000217,3,大分県,オオイタケン,Oita,,,,臼杵市,ウスキシ,Usuki-shi,,,,,,,,,,上市浜,カミイチハマ,,,0,0,0,1,0,0,0,0,1947-04-17,,0,,
442062,0000218,3,大分県,オオイタケン,Oita,,,,臼杵市,ウスキシ,Usuki-shi,,,,,,,,,,上西神野,カミニシガミノ,,,0,0,0,1,0,0,0,0,1947-04-17,,0,,
442062,0000219,3,大分県,オオイタケン,Oita,,,,臼杵市,ウスキシ,Usuki-shi,,,,,,,,,,上忠野,カミチュウノ,,,0,0,0,1,0,0,0,0,1947-04-17,,0,,
442062,0000220,3,大分県,オオイタケン,Oita,,,,臼杵市,ウスキシ,Usuki-shi,,,,,,,,,,上通,カミカヨイ,,,0,0,0,1,0,0,0,0,1947-04-17,,0,,
442062,0000221,3,大分県,オオイタケン,Oita,,,,臼杵市,ウスキシ,Usuki-shi,,,,,,,,,,城崎,ジョウザキ,,,0,0,0,1,0,0,0,0,1947-04-17,,0,,
442062,0000222,3,大分県,オオイタケン,Oita,,,,臼杵市,ウスキシ,Usuki-shi,,,,,,,,,,城南,ジョウナン,,,0,0,0,1,0,0,0,0,1947-04-17,,0,,
442062,0000223,3,大分県,オオイタケン,Oita,,,,臼杵市,ウスキシ,Usuki-shi,,,,,,,,,,城北,ジョウホク,,,0,0,0,1,0,0,0,0,1947-04-17,,0,,
442062,0000224,3,大分県,オオイタケン,Oita,,,,臼杵市,ウスキシ,Usuki-shi,,,,,,,,,,浄光台,ジョウコウダイ,,,0,0,0,1,0,0,0,0,1947-04-17,,0,,
442062,0000225,3,大分県,オオイタケン,Oita,,,,臼杵市,ウスキシ,Usuki-shi,,,,,,,,,,畳屋町,タタミヤマチ,,,0,0,0,1,0,0,0,0,1947-04-17,,0,,
442062,0000226,3,大分県,オオイタケン,Oita,,,,臼杵市,ウスキシ,Usuki-shi,,,,,,,,,,新港町,シンミナトマチ,,,0,0,0,1,0,0,0,0,1947-04-17,,0,,
442062,0000227,3,大分県,オオイタケン,Oita,,,,臼杵市,ウスキシ,Usuki-shi,,,,,,,,,,新生,シンショウ,,,0,0,0,1,0,0,0,0,1947-04-17,,0,,
442062,0000228,3,大分県,オオイタケン,Oita,,,,臼杵市,ウスキシ,Usuki-shi,,,,,,,,,,新地,シンチ,,,0,0,0,1,0,0,0,0,1947-04-17,,0,,
442062,0000229,3,大分県,オオイタケン,Oita,,,,臼杵市,ウスキシ,Usuki-shi,,,,,,,,,,森木,モリギ,,,0,0,0,1,0,0,0,0,1947-04-17,,0,,
442062,0000230,3,大分県,オオイタケン,Oita,,,,臼杵市,ウスキシ,Usuki-shi,,,,,,,,,,深江,フカエ,Fukae,,0,0,0,1,0,0,0,0,1947-04-17,,0,8750031,
442062,0000231,3,大分県,オオイタケン,Oita,,,,臼杵市,ウスキシ,Usuki-shi,,,,,,,,,,神崎,コウザキ,,,0,0,0,1,0,0,0,0,1947-04-17,,0,,
442062,0000232,3,大分県,オオイタケン,Oita,,,,臼杵市,ウスキシ,Usuki-shi,,,,,,,,,,諏訪山,スワヤマ,,,0,0,0,1,0,0,0,0,1947-04-17,,0,,
442062,0000233,3,大分県,オオイタケン,Oita,,,,臼杵市,ウスキシ,Usuki-shi,,,,,,,,,,須久保,スクボ,,,0,0,0,1,0,0,0,0,1947-04-17,,0,,
442062,0000234,3,大分県,オオイタケン,Oita,,,,臼杵市,ウスキシ,Usuki-shi,,,,,,,,,,水地,ミズチ,,,0,0,0,1,0,0,0,0,1947-04-17,,0,,
442062,0000235,3,大分県,オオイタケン,Oita,,,,臼杵市,ウスキシ,Usuki-shi,,,,,,,,,,菅無田,スガムタ,,,0,0,0,1,0,0,0,0,1947-04-17,,0,,
442062,0000236,3,大分県,オオイタケン,Oita,,,,臼杵市,ウスキシ,Usuki-shi,,,,,,,,,,正願,ショウガン,,,0,0,0,1,0,0,0,0,1947-04-17,,0,,
442062,0000237,3,大分県,オオイタケン,Oita,,,,臼杵市,ウスキシ,Usuki-shi,,,,,,,,,,清水,シミズ,,,0,0,0,1,0,0,0,0,1947-04-17,,0,,
442062,0000238,3,大分県,オオイタケン,Oita,,,,臼杵市,ウスキシ,Usuki-shi,,,,,,,,,,清水原,ソウズバル,,,0,0,0,1,0,0,0,0,1947-04-17,,0,,
442062,0000239,3,大分県,オオイタケン,Oita,,,,臼杵市,ウスキシ,Usuki-shi,,,,,,,,,,清太郎,セイタロウ,,,0,0,0,1,0,0,0,0,1947-04-17,,0,,
442062,0000240,3,大分県,オオイタケン,Oita,,,,臼杵市,ウスキシ,Usuki-shi,,,,,,,,,,生の原,ショウノハル,,,0,0,0,1,0,0,0,0,1947-04-17,,0,,
442062,0000241,3,大分県,オオイタケン,Oita,,,,臼杵市,ウスキシ,Usuki-shi,,,,,,,,,,生野,ショウノ,,,0,0,0,1,0,0,0,0,1947-04-17,,0,,
442062,0000242,3,大分県,オオイタケン,Oita,,,,臼杵市,ウスキシ,Usuki-shi,,,,,,,,,,西海添,ニシカイゾエ,,,0,0,0,1,0,0,0,0,1947-04-17,,0,,
442062,0000243,3,大分県,オオイタケン,Oita,,,,臼杵市,ウスキシ,Usuki-shi,,,,,,,,,,西鍛冶屋,ニシカジヤ,,,0,0,0,1,0,0,0,0,1947-04-17,,0,,
442062,0000244,3,大分県,オオイタケン,Oita,,,,臼杵市,ウスキシ,Usuki-shi,,,,,,,,,,西福良,ニシフクラ,,,0,0,0,1,0,0,0,0,1947-04-17,,0,,
442062,0000245,3,大分県,オオイタケン,Oita,,,,臼杵市,ウスキシ,Usuki-shi,,,,,,,,,,石ノ上,イシノウエ,,,0,0,0,1,0,0,0,0,1947-04-17,,0,,
442062,0000246,3,大分県,オオイタケン,Oita,,,,臼杵市,ウスキシ,Usuki-shi,,,,,,,,,,赤迫,アカサコ,,,0,0,0,1,0,0,0,0,1947-04-17,,0,,
442062,0000247,3,大分県,オオイタケン,Oita,,,,臼杵市,ウスキシ,Usuki-shi,,,,,,,,,,赤峰,アカミネ,,,0,0,0,1,0,0,0,0,1947-04-17,,0,,
442062,0000248,3,大分県,オオイタケン,Oita,,,,臼杵市,ウスキシ,Usuki-shi,,,,,,,,,,折立,オリタテ,,,0,0,0,1,0,0,0,0,1947-04-17,,0,,
442062,0000249,3,大分県,オオイタケン,Oita,,,,臼杵市,ウスキシ,Usuki-shi,,,,,,,,,,千代田,チヨダ,,,0,0,0,1,0,0,0,0,1947-04-17,,0,,
442062,0000250,3,大分県,オオイタケン,Oita,,,,臼杵市,ウスキシ,Usuki-shi,,,,,,,,,,川原,カワハラ,,,0,0,0,1,0,0,0,0,1947-04-17,,0,,
442062,0000251,3,大分県,オオイタケン,Oita,,,,臼杵市,ウスキシ,Usuki-shi,,,,,,,,,,川原内,カワラウチ,,,0,0,0,1,0,0,0,0,1947-04-17,,0,,
442062,0000252,3,大分県,オオイタケン,Oita,,,,臼杵市,ウスキシ,Usuki-shi,,,,,,,,,,川平,カワヒラ,,,0,0,0,1,0,0,0,0,1947-04-17,,0,,
442062,0000253,3,大分県,オオイタケン,Oita,,,,臼杵市,ウスキシ,Usuki-shi,,,,,,,,,,川野,カワノ,,,0,0,0,1,0,0,0,0,1947-04-17,,0,,
442062,0000254,3,大分県,オオイタケン,Oita,,,,臼杵市,ウスキシ,Usuki-shi,,,,,,,,,,善法寺,ゼンボウジ,,,0,0,0,1,0,0,0,0,1947-04-17,,0,,
442062,0000255,3,大分県,オオイタケン,Oita,,,,臼杵市,ウスキシ,Usuki-shi,,,,,,,,,,双葉,フタバ,,,0,0,0,1,0,0,0,0,1947-04-17,,0,,
442062,0000256,3,大分県,オオイタケン,Oita,,,,臼杵市,ウスキシ,Usuki-shi,,,,,,,,,,掻懐,カキダキ,Kakidaki,,0,0,0,1,0,6414_*,0,0,1947-04-17,,0,8750073,
442062,0000257,3,大分県,オオイタケン,Oita,,,,臼杵市,ウスキシ,Usuki-shi,,,,,,,,,,蔵園,クラゾノ,,,0,0,0,1,0,0,0,0,1947-04-17,,0,,
442062,0000258,3,大分県,オオイタケン,Oita,,,,臼杵市,ウスキシ,Usuki-shi,,,,,,,,,,大間,オオマ,,,0,0,0,1,0,0,0,0,1947-04-17,,0,,
442062,0000259,3,大分県,オオイタケン,Oita,,,,臼杵市,ウスキシ,Usuki-shi,,,,,,,,,,大久保,オオクボ,,,0,0,0,1,0,0,0,0,1947-04-17,,0,,
442062,0000260,3,大分県,オオイタケン,Oita,,,,臼杵市,ウスキシ,Usuki-shi,,,,,,,,,,大橋,オオハシ,,,0,0,0,1,0,0,0,0,1947-04-17,,0,,
442062,0000261,3,大分県,オオイタケン,Oita,,,,臼杵市,ウスキシ,Usuki-shi,,,,,,,,,,大工川,ダイクガワ,,,0,0,0,1,0,0,0,0,1947-04-17,,0,,
442062,0000262,3,大分県,オオイタケン,Oita,,,,臼杵市,ウスキシ,Usuki-shi,,,,,,,,,,大山,オオヤマ,,,0,0,0,1,0,0,0,0,1947-04-17,,0,,
442062,0000263,3,大分県,オオイタケン,Oita,,,,臼杵市,ウスキシ,Usuki-shi,,,,,,,,,,大将軍,ダイショウグン,,,0,0,0,1,0,0,0,0,1947-04-17,,0,,
442062,0000264,3,大分県,オオイタケン,Oita,,,,臼杵市,ウスキシ,Usuki-shi,,,,,,,,,,大清水,オオソウズ,,,0,0,0,1,0,0,0,0,1947-04-17,,0,,
442062,0000265,3,大分県,オオイタケン,Oita,,,,臼杵市,ウスキシ,Usuki-shi,,,,,,,,,,大西,オオニシ,,,0,0,0,1,0,0,0,0,1947-04-17,,0,,
442062,0000266,3,大分県,オオイタケン,Oita,,,,臼杵市,ウスキシ,Usuki-shi,,,,,,,,,,大坪,オオツボ,,,0,0,0,1,0,0,0,0,1947-04-17,,0,,
442062,0000267,3,大分県,オオイタケン,Oita,,,,臼杵市,ウスキシ,Usuki-shi,,,,,,,,,,大内,オオウチ,,,0,0,0,1,0,0,0,0,1947-04-17,,0,,
442062,0000268,3,大分県,オオイタケン,Oita,,,,臼杵市,ウスキシ,Usuki-shi,,,,,,,,,,大野,オオノ,Ono,,0,0,0,1,0,0,0,0,1947-04-17,,0,8750004,
442062,0000269,3,大分県,オオイタケン,Oita,,,,臼杵市,ウスキシ,Usuki-shi,,,,,,,,,,谷山,タニヤマ,,,0,0,0,1,0,0,0,0,1947-04-17,,0,,
442062,0000270,3,大分県,オオイタケン,Oita,,,,臼杵市,ウスキシ,Usuki-shi,,,,,,,,,,鍛冶ノ前,カジノマエ,,,0,0,0,1,0,0,0,0,1947-04-17,,0,,
442062,0000271,3,大分県,オオイタケン,Oita,,,,臼杵市,ウスキシ,Usuki-shi,,,,,,,,,,鍛冶屋,カジヤ,,,0,0,0,1,0,0,0,0,1947-04-17,,0,,
442062,0000272,3,大分県,オオイタケン,Oita,,,,臼杵市,ウスキシ,Usuki-shi,,,,,,,,,,池原,イケバル,,,0,0,0,1,0,0,0,0,1947-04-17,,0,,
442062,0000273,3,大分県,オオイタケン,Oita,,,,臼杵市,ウスキシ,Usuki-shi,,,,,,,,,,竹下,タケシタ,,,0,0,0,1,0,0,0,0,1947-04-17,,0,,
442062,0000274,3,大分県,オオイタケン,Oita,,,,臼杵市,ウスキシ,Usuki-shi,,,,,,,,,,竹場,タケバ,,,0,0,0,1,0,0,0,0,1947-04-17,,0,,
442062,0000275,3,大分県,オオイタケン,Oita,,,,臼杵市,ウスキシ,Usuki-shi,,,,,,,,,,竹森,タケモリ,,,0,0,0,1,0,0,0,0,1947-04-17,,0,,
442062,0000276,3,大分県,オオイタケン,Oita,,,,臼杵市,ウスキシ,Usuki-shi,,,,,,,,,,竹部,タケベ,,,0,0,0,1,0,0,0,0,1947-04-17,,0,,
442062,0000277,3,大分県,オオイタケン,Oita,,,,臼杵市,ウスキシ,Usuki-shi,,,,,,,,,,竹脇,タケワキ,,,0,0,0,1,0,0,0,0,1947-04-17,,0,,
442062,0000278,3,大分県,オオイタケン,Oita,,,,臼杵市,ウスキシ,Usuki-shi,,,,,,,,,,中ノ川,ナカノカワ,,,0,0,0,1,0,0,0,0,1947-04-17,,0,,
442062,0000279,3,大分県,オオイタケン,Oita,,,,臼杵市,ウスキシ,Usuki-shi,,,,,,,,,,中山,ナカヤマ,,,0,0,0,1,0,0,0,0,1947-04-17,,0,,
442062,0000280,3,大分県,オオイタケン,Oita,,,,臼杵市,ウスキシ,Usuki-shi,,,,,,,,,,中市浜,ナカイチハマ,,,0,0,0,1,0,0,0,0,1947-04-17,,0,,
442062,0000281,3,大分県,オオイタケン,Oita,,,,臼杵市,ウスキシ,Usuki-shi,,,,,,,,,,中州,ナカス,,,0,0,0,1,0,0,0,0,1947-04-17,,0,,
442062,0000282,3,大分県,オオイタケン,Oita,,,,臼杵市,ウスキシ,Usuki-shi,,,,,,,,,,中須賀,ナカスカ,,,0,0,0,1,0,0,0,0,1947-04-17,,0,,
442062,0000283,3,大分県,オオイタケン,Oita,,,,臼杵市,ウスキシ,Usuki-shi,,,,,,,,,,中村,ナカムラ,,,0,0,0,1,0,0,0,0,1947-04-17,,0,,
442062,0000284,3,大分県,オオイタケン,Oita,,,,臼杵市,ウスキシ,Usuki-shi,,,,,,,,,,中尾,ナカオ,Nakao,,0,0,0,1,0,0,0,0,1947-04-17,,0,8750075,
442062,0000285,3,大分県,オオイタケン,Oita,,,,臼杵市,ウスキシ,Usuki-shi,,,,,,,,,,中野,ナカノ,,,0,0,0,1,0,0,0,0,1947-04-17,,0,,
442062,0000286,3,大分県,オオイタケン,Oita,,,,臼杵市,ウスキシ,Usuki-shi,,,,,,,,,,長小野,ナガオノ,,,0,0,0,1,0,0,0,0,1947-04-17,,0,,
442062,0000287,3,大分県,オオイタケン,Oita,,,,臼杵市,ウスキシ,Usuki-shi,,,,,,,,,,長谷,ナガタニ,,,0,0,0,1,0,0,0,0,1947-04-17,,0,,
442062,0000288,3,大分県,オオイタケン,Oita,,,,臼杵市,ウスキシ,Usuki-shi,,,,,,,,,,長浜,ナゴマ,,,0,0,0,1,0,0,0,0,1947-04-17,,0,,
442062,0000289,3,大分県,オオイタケン,Oita,,,,臼杵市,ウスキシ,Usuki-shi,,,,,,,,,,津留,ツル,,,0,0,0,1,0,0,0,0,1947-04-17,,0,,
442062,0000290,3,大分県,オオイタケン,Oita,,,,臼杵市,ウスキシ,Usuki-shi,,,,,,,,,,椎原,シイバル,,,0,0,0,1,0,0,0,0,1947-04-17,,0,,
442062,0000291,3,大分県,オオイタケン,Oita,,,,臼杵市,ウスキシ,Usuki-shi,,,,,,,,,,塚田,ツカダ,,,0,0,0,1,0,0,0,0,1947-04-17,,0,,
442062,0000292,3,大分県,オオイタケン,Oita,,,,臼杵市,ウスキシ,Usuki-shi,,,,,,,,,,坪江,ツボエ,,,0,0,0,1,0,0,0,0,1947-04-17,,0,,
442062,0000293,3,大分県,オオイタケン,Oita,,,,臼杵市,ウスキシ,Usuki-shi,,,,,,,,,,堤内,ヒサエウチ,,,0,0,0,1,0,0,0,0,1947-04-17,,0,,
442062,0000294,3,大分県,オオイタケン,Oita,,,,臼杵市,ウスキシ,Usuki-shi,,,,,,,,,,天手,アマデ,,,0,0,0,1,0,0,0,0,1947-04-17,,0,,
442062,0000295,3,大分県,オオイタケン,Oita,,,,臼杵市,ウスキシ,Usuki-shi,,,,,,,,,,店,ミセ,,,0,0,0,1,0,0,0,0,1947-04-17,,0,,
442062,0000296,3,大分県,オオイタケン,Oita,,,,臼杵市,ウスキシ,Usuki-shi,,,,,,,,,,田ノ口,タノクチ,,,0,0,0,1,0,0,0,0,1947-04-17,,0,,
442062,0000297,3,大分県,オオイタケン,Oita,,,,臼杵市,ウスキシ,Usuki-shi,,,,,,,,,,田の平,タノヒラ,,,0,0,0,1,0,0,0,0,1947-04-17,,0,,
442062,0000298,3,大分県,オオイタケン,Oita,,,,臼杵市,ウスキシ,Usuki-shi,,,,,,,,,,田井,タイ,Tai,,0,0,0,1,0,0,0,0,1947-04-17,,0,8750003,
442062,0000299,3,大分県,オオイタケン,Oita,,,,臼杵市,ウスキシ,Usuki-shi,,,,,,,,,,田井ヶ迫,タイガサコ,,,0,0,0,1,0,0,0,0,1947-04-17,,0,,
442062,0000300,3,大分県,オオイタケン,Oita,,,,臼杵市,ウスキシ,Usuki-shi,,,,,,,,,,田崎,タザキ,,,0,0,0,1,0,0,0,0,1947-04-17,,0,,
442062,0000301,3,大分県,オオイタケン,Oita,,,,臼杵市,ウスキシ,Usuki-shi,,,,,,,,,,田篠川,タシノガワ,,,0,0,0,1,0,0,0,0,1947-04-17,,0,,
442062,0000302,3,大分県,オオイタケン,Oita,,,,臼杵市,ウスキシ,Usuki-shi,,,,,,,,,,田代,タシロ,,,0,0,0,1,0,0,0,0,1947-04-17,,0,,
442062,0000303,3,大分県,オオイタケン,Oita,,,,臼杵市,ウスキシ,Usuki-shi,,,,,,,,,,田中,タナカ,,,0,0,0,1,0,0,0,0,1947-04-17,,0,,
442062,0000304,3,大分県,オオイタケン,Oita,,,,臼杵市,ウスキシ,Usuki-shi,,,,,,,,,,田町,タマチ,,,0,0,0,1,0,0,0,0,1947-04-17,,0,,
442062,0000305,3,大分県,オオイタケン,Oita,,,,臼杵市,ウスキシ,Usuki-shi,,,,,,,,,,田良原,タラワラ,,,0,0,0,1,0,0,0,0,1947-04-17,,0,,
442062,0000306,3,大分県,オオイタケン,Oita,,,,臼杵市,ウスキシ,Usuki-shi,,,,,,,,,,田良木,タラギ,,,0,0,0,1,0,0,0,0,1947-04-17,,0,,
442062,0000307,3,大分県,オオイタケン,Oita,,,,臼杵市,ウスキシ,Usuki-shi,,,,,,,,,,土橋,ツチバシ,,,0,0,0,1,0,0,0,0,1947-04-17,,0,,
442062,0000308,3,大分県,オオイタケン,Oita,,,,臼杵市,ウスキシ,Usuki-shi,,,,,,,,,,唐人町,トウジンマチ,,,0,0,0,1,0,0,0,0,1947-04-17,,0,,
442062,0000309,3,大分県,オオイタケン,Oita,,,,臼杵市,ウスキシ,Usuki-shi,,,,,,,,,,東海添,ヒガシカイゾエ,,,0,0,0,1,0,0,0,0,1947-04-17,,0,,
442062,0000310,3,大分県,オオイタケン,Oita,,,,臼杵市,ウスキシ,Usuki-shi,,,,,,,,,,東光寺,トウコウジ,,,0,0,0,1,0,0,0,0,1947-04-17,,0,,
442062,0000311,3,大分県,オオイタケン,Oita,,,,臼杵市,ウスキシ,Usuki-shi,,,,,,,,,,東鍛冶屋,ヒガシカジヤ,,,0,0,0,1,0,0,0,0,1947-04-17,,0,,
442062,0000312,3,大分県,オオイタケン,Oita,,,,臼杵市,ウスキシ,Usuki-shi,,,,,,,,,,東福良,ヒガシフクラ,,,0,0,0,1,0,0,0,0,1947-04-17,,0,,
442062,0000313,3,大分県,オオイタケン,Oita,,,,臼杵市,ウスキシ,Usuki-shi,,,,,,,,,,筒井,ツツイ,,,0,0,0,1,0,0,0,0,1947-04-17,,0,,
442062,0000314,3,大分県,オオイタケン,Oita,,,,臼杵市,ウスキシ,Usuki-shi,,,,,,,,,,藤ノ尾,フジノオ,,,0,0,0,1,0,0,0,0,1947-04-17,,0,,
442062,0000315,3,大分県,オオイタケン,Oita,,,,臼杵市,ウスキシ,Usuki-shi,,,,,,,,,,藤田,トウダ,,,0,0,0,1,0,0,0,0,1947-04-17,,0,,
442062,0000316,3,大分県,オオイタケン,Oita,,,,臼杵市,ウスキシ,Usuki-shi,,,,,,,,,,道安,ミチヤス,,,0,0,0,1,0,0,0,0,1947-04-17,,0,,
442062,0000317,3,大分県,オオイタケン,Oita,,,,臼杵市,ウスキシ,Usuki-shi,,,,,,,,,,徳尾,トクノオ,,,0,0,0,1,0,0,0,0,1947-04-17,,0,,
442062,0000318,3,大分県,オオイタケン,Oita,,,,臼杵市,ウスキシ,Usuki-shi,,,,,,,,,,栃原,トチハラ,,,0,0,0,1,0,0,0,0,1947-04-17,,0,,
442062,0000319,3,大分県,オオイタケン,Oita,,,,臼杵市,ウスキシ,Usuki-shi,,,,,,,,,,内園,ウチゾノ,,,0,0,0,1,0,0,0,0,1947-04-17,,0,,
442062,0000320,3,大分県,オオイタケン,Oita,,,,臼杵市,ウスキシ,Usuki-shi,,,,,,,,,,内河野,ウチガワノ,,,0,0,0,1,0,0,0,0,1947-04-17,,0,,
442062,0000321,3,大分県,オオイタケン,Oita,,,,臼杵市,ウスキシ,Usuki-shi,,,,,,,,,,内畑,ウチバタ,,,0,0,0,1,0,0,0,0,1947-04-17,,0,,
442062,0000322,3,大分県,オオイタケン,Oita,,,,臼杵市,ウスキシ,Usuki-shi,,,,,,,,,,内平,ウチビラ,,,0,0,0,1,0,0,0,0,1947-04-17,,0,,
442062,0000323,3,大分県,オオイタケン,Oita,,,,臼杵市,ウスキシ,Usuki-shi,,,,,,,,,,鍋田,ナベタ,,,0,0,0,1,0,0,0,0,1947-04-17,,0,,
442062,0000324,3,大分県,オオイタケン,Oita,,,,臼杵市,ウスキシ,Usuki-shi,,,,,,,,,,南海添,ミナミカイゾエ,,,0,0,0,1,0,0,0,0,1947-04-17,,0,,
442062,0000325,3,大分県,オオイタケン,Oita,,,,臼杵市,ウスキシ,Usuki-shi,,,,,,,,,,日当,ヒナタ,,,0,0,0,1,0,0,0,0,1947-04-17,,0,,
442062,0000326,3,大分県,オオイタケン,Oita,,,,臼杵市,ウスキシ,Usuki-shi,,,,,,,,,,波津久,ハヅク,,,0,0,0,1,0,0,0,0,1947-04-17,,0,,
442062,0000327,3,大分県,オオイタケン,Oita,,,,臼杵市,ウスキシ,Usuki-shi,,,,,,,,,,破磯,ハソ,,,0,0,0,1,0,0,0,0,1947-04-17,,0,,
442062,0000328,3,大分県,オオイタケン,Oita,,,,臼杵市,ウスキシ,Usuki-shi,,,,,,,,,,馬代,バダイ,,,0,0,0,1,0,0,0,0,1947-04-17,,0,,
442062,0000329,3,大分県,オオイタケン,Oita,,,,臼杵市,ウスキシ,Usuki-shi,,,,,,,,,,柏,カシワ,,,0,0,0,1,0,0,0,0,1947-04-17,,0,,
442062,0000330,3,大分県,オオイタケン,Oita,,,,臼杵市,ウスキシ,Usuki-shi,,,,,,,,,,泊,トマリ,,,0,0,0,1,0,0,0,0,1947-04-17,,0,,
442062,0000331,3,大分県,オオイタケン,Oita,,,,臼杵市,ウスキシ,Usuki-shi,,,,,,,,,,泊ヶ内,トマリガウチ,,,0,0,0,1,0,0,0,0,1947-04-17,,0,,
442062,0000332,3,大分県,オオイタケン,Oita,,,,臼杵市,ウスキシ,Usuki-shi,,,,,,,,,,白岩,シライワ,,,0,0,0,1,0,0,0,0,1947-04-17,,0,,
442062,0000333,3,大分県,オオイタケン,Oita,,,,臼杵市,ウスキシ,Usuki-shi,,,,,,,,,,白谷,シラタニ,,,0,0,0,1,0,0,0,0,1947-04-17,,0,,
442062,0000334,3,大分県,オオイタケン,Oita,,,,臼杵市,ウスキシ,Usuki-shi,,,,,,,,,,迫,サコ,,,0,0,0,1,0,0,0,0,1947-04-17,,0,,
442062,0000335,3,大分県,オオイタケン,Oita,,,,臼杵市,ウスキシ,Usuki-shi,,,,,,,,,,畑,ハタ,,,0,0,0,1,0,0,0,0,1947-04-17,,0,,
442062,0000336,3,大分県,オオイタケン,Oita,,,,臼杵市,ウスキシ,Usuki-shi,,,,,,,,,,八熊,ハチクマ,,,0,0,0,1,0,0,0,0,1947-04-17,,0,,
442062,0000337,3,大分県,オオイタケン,Oita,,,,臼杵市,ウスキシ,Usuki-shi,,,,,,,,,,八郎,ハチロウ,,,0,0,0,1,0,0,0,0,1947-04-17,,0,,
442062,0000338,3,大分県,オオイタケン,Oita,,,,臼杵市,ウスキシ,Usuki-shi,,,,,,,,,,半三,ハンザ,,,0,0,0,1,0,0,0,0,1947-04-17,,0,,
442062,0000339,3,大分県,オオイタケン,Oita,,,,臼杵市,ウスキシ,Usuki-shi,,,,,,,,,,板井畑,イタイバタ,,,0,0,0,1,0,0,0,0,1947-04-17,,0,,
442062,0000340,3,大分県,オオイタケン,Oita,,,,臼杵市,ウスキシ,Usuki-shi,,,,,,,,,,板屋,イタヤ,,,0,0,0,1,0,0,0,0,1947-04-17,,0,,
442062,0000341,3,大分県,オオイタケン,Oita,,,,臼杵市,ウスキシ,Usuki-shi,,,,,,,,,,板川野,イタガワノ,,,0,0,0,1,0,0,0,0,1947-04-17,,0,,
442062,0000342,3,大分県,オオイタケン,Oita,,,,臼杵市,ウスキシ,Usuki-shi,,,,,,,,,,板知屋,イタチヤ,Itachiya,,0,0,0,1,0,0,0,0,1947-04-17,,0,8750034,
442062,0000343,3,大分県,オオイタケン,Oita,,,,臼杵市,ウスキシ,Usuki-shi,,,,,,,,,,備後尾,ビゴオ,,,0,0,0,1,0,0,0,0,1947-04-17,,0,,
442062,0000344,3,大分県,オオイタケン,Oita,,,,臼杵市,ウスキシ,Usuki-shi,,,,,,,,,,尾原,オバル,,,0,0,0,1,0,0,0,0,1947-04-17,,0,,
442062,0000345,3,大分県,オオイタケン,Oita,,,,臼杵市,ウスキシ,Usuki-shi,,,,,,,,,,尾本,オモト,,,0,0,0,1,0,0,0,0,1947-04-17,,0,,
442062,0000346,3,大分県,オオイタケン,Oita,,,,臼杵市,ウスキシ,Usuki-shi,,,,,,,,,,浜,ハマ,,,0,0,0,1,0,0,0,0,1947-04-17,,0,,
442062,0000347,3,大分県,オオイタケン,Oita,,,,臼杵市,ウスキシ,Usuki-shi,,,,,,,,,,浜町,ハママチ,,,0,0,0,1,0,0,0,0,1947-04-17,,0,,
442062,0000348,3,大分県,オオイタケン,Oita,,,,臼杵市,ウスキシ,Usuki-shi,,,,,,,,,,浜田,ハマダ,,,0,0,0,1,0,0,0,0,1947-04-17,,0,,
442062,0000349,3,大分県,オオイタケン,Oita,,,,臼杵市,ウスキシ,Usuki-shi,,,,,,,,,,風瀬,カザセ,,,0,0,0,1,0,0,0,0,1947-04-17,,0,,
442062,0000350,3,大分県,オオイタケン,Oita,,,,臼杵市,ウスキシ,Usuki-shi,,,,,,,,,,風成,カザナシ,Kazanashi,,0,0,0,1,0,0,0,0,1947-04-17,,0,8750032,
442062,0000351,3,大分県,オオイタケン,Oita,,,,臼杵市,ウスキシ,Usuki-shi,,,,,,,,,,福原,フクバル,,,0,0,0,1,0,0,0,0,1947-04-17,,0,,
442062,0000352,3,大分県,オオイタケン,Oita,,,,臼杵市,ウスキシ,Usuki-shi,,,,,,,,,,福青田,フクセダ,,,0,0,0,1,0,0,0,0,1947-04-17,,0,,
442062,0000353,3,大分県,オオイタケン,Oita,,,,臼杵市,ウスキシ,Usuki-shi,,,,,,,,,,払川,ハライガワ,,,0,0,0,1,0,0,0,0,1947-04-17,,0,,
442062,0000354,3,大分県,オオイタケン,Oita,,,,臼杵市,ウスキシ,Usuki-shi,,,,,,,,,,平,ヒラ,,,0,0,0,1,0,0,0,0,1947-04-17,,0,,
442062,0000355,3,大分県,オオイタケン,Oita,,,,臼杵市,ウスキシ,Usuki-shi,,,,,,,,,,平岡,ヒラオカ,,,0,0,0,1,0,0,0,0,1947-04-17,,0,,
442062,0000356,3,大分県,オオイタケン,Oita,,,,臼杵市,ウスキシ,Usuki-shi,,,,,,,,,,平原,ヒラバル,,,0,0,0,1,0,0,0,0,1947-04-17,,0,,
442062,0000357,3,大分県,オオイタケン,Oita,,,,臼杵市,ウスキシ,Usuki-shi,,,,,,,,,,平清水,ヒラソウズ,,,0,0,0,1,0,0,0,0,1947-04-17,,0,,
442062,0000358,3,大分県,オオイタケン,Oita,,,,臼杵市,ウスキシ,Usuki-shi,,,,,,,,,,平畑,ヒラハタ,,,0,0,0,1,0,0,0,0,1947-04-17,,0,,
442062,0000359,3,大分県,オオイタケン,Oita,,,,臼杵市,ウスキシ,Usuki-shi,,,,,,,,,,平尾,ヒラオ,,,0,0,0,1,0,0,0,0,1947-04-17,,0,,
442062,0000360,3,大分県,オオイタケン,Oita,,,,臼杵市,ウスキシ,Usuki-shi,,,,,,,,,,平野,ヒラノ,,,0,0,0,1,0,0,0,0,1947-04-17,,0,,
442062,0000361,3,大分県,オオイタケン,Oita,,,,臼杵市,ウスキシ,Usuki-shi,,,,,,,,,,豊倉,トヨクラ,,,0,0,0,1,0,0,0,0,1947-04-17,,0,,
442062,0000362,3,大分県,オオイタケン,Oita,,,,臼杵市,ウスキシ,Usuki-shi,,,,,,,,,,望月,モチヅキ,Mochizuki,,0,0,0,1,0,0,0,0,1947-04-17,,0,8750063,
442062,0000363,3,大分県,オオイタケン,Oita,,,,臼杵市,ウスキシ,Usuki-shi,,,,,,,,,,北ノ口,キタノクチ,,,0,0,0,1,0,0,0,0,1947-04-17,,0,,
442062,0000364,3,大分県,オオイタケン,Oita,,,,臼杵市,ウスキシ,Usuki-shi,,,,,,,,,,北ノ川,キタノカワ,,,0,0,0,1,0,0,0,0,1947-04-17,,0,,
442062,0000365,3,大分県,オオイタケン,Oita,,,,臼杵市,ウスキシ,Usuki-shi,,,,,,,,,,北海添,キタカイゾエ,,,0,0,0,1,0,0,0,0,1947-04-17,,0,,
442062,0000366,3,大分県,オオイタケン,Oita,,,,臼杵市,ウスキシ,Usuki-shi,,,,,,,,,,牧原,マキバル,,,0,0,0,1,0,0,0,0,1947-04-17,,0,,
442062,0000367,3,大分県,オオイタケン,Oita,,,,臼杵市,ウスキシ,Usuki-shi,,,,,,,,,,本村,ホンムラ,,,0,0,0,1,0,0,0,0,1947-04-17,,0,,
442062,0000368,3,大分県,オオイタケン,Oita,,,,臼杵市,ウスキシ,Usuki-shi,,,,,,,,,,本丁,ホンチョウ,,,0,0,0,1,0,0,0,0,1947-04-17,,0,,
442062,0000369,3,大分県,オオイタケン,Oita,,,,臼杵市,ウスキシ,Usuki-shi,,,,,,,,,,本町,ホンマチ,,,0,0,0,1,0,0,0,0,1947-04-17,,0,,
442062,0000370,3,大分県,オオイタケン,Oita,,,,臼杵市,ウスキシ,Usuki-shi,,,,,,,,,,名塚,ナヅカ,,,0,0,0,1,0,0,0,0,1947-04-17,,0,,
442062,0000371,3,大分県,オオイタケン,Oita,,,,臼杵市,ウスキシ,Usuki-shi,,,,,,,,,,明光,ミョウコウ,,,0,0,0,1,0,0,0,0,1947-04-17,,0,,
442062,0000372,3,大分県,オオイタケン,Oita,,,,臼杵市,ウスキシ,Usuki-shi,,,,,,,,,,明星,ミョウジョウ,,,0,0,0,1,0,0,0,0,1947-04-17,,0,,
442062,0000373,3,大分県,オオイタケン,Oita,,,,臼杵市,ウスキシ,Usuki-shi,,,,,,,,,,鳴川,ナルカワ,,,0,0,0,1,0,0,0,0,1947-04-17,,0,,
442062,0000374,3,大分県,オオイタケン,Oita,,,,臼杵市,ウスキシ,Usuki-shi,,,,,,,,,,木ヶ畑,キガハタ,,,0,0,0,1,0,0,0,0,1947-04-17,,0,,
442062,0000375,3,大分県,オオイタケン,Oita,,,,臼杵市,ウスキシ,Usuki-shi,,,,,,,,,,木下,キノシタ,,,0,0,0,1,0,0,0,0,1947-04-17,,0,,
442062,0000376,3,大分県,オオイタケン,Oita,,,,臼杵市,ウスキシ,Usuki-shi,,,,,,,,,,木所,キトコロ,,,0,0,0,1,0,0,0,0,1947-04-17,,0,,
442062,0000377,3,大分県,オオイタケン,Oita,,,,臼杵市,ウスキシ,Usuki-shi,,,,,,,,,,目明,メアキ,,,0,0,0,1,0,0,0,0,1947-04-17,,0,,
442062,0000378,3,大分県,オオイタケン,Oita,,,,臼杵市,ウスキシ,Usuki-shi,,,,,,,,,,門前,モンゼ,,,0,0,0,1,0,0,0,0,1947-04-17,,0,,
442062,0000379,3,大分県,オオイタケン,Oita,,,,臼杵市,ウスキシ,Usuki-shi,,,,,,,,,,門田,カドタ,,,0,0,0,1,0,0,0,0,1947-04-17,,0,,
442062,0000380,3,大分県,オオイタケン,Oita,,,,臼杵市,ウスキシ,Usuki-shi,,,,,,,,,,野口,ノグチ,,,0,0,0,1,0,0,0,0,1947-04-17,,0,,
442062,0000381,3,大分県,オオイタケン,Oita,,,,臼杵市,ウスキシ,Usuki-shi,,,,,,,,,,野村,ノムラ,,,0,0,0,1,0,0,0,0,1947-04-17,,0,,
442062,0000382,3,大分県,オオイタケン,Oita,,,,臼杵市,ウスキシ,Usuki-shi,,,,,,,,,,野津市,ノツイチ,,,0,0,0,1,0,0,0,0,1947-04-17,,0,,
442062,0000383,3,大分県,オオイタケン,Oita,,,,臼杵市,ウスキシ,Usuki-shi,,,,,,,,,,弥生,ヤヨイ,,,0,0,0,1,0,0,0,0,1947-04-17,,0,,
442062,0000384,3,大分県,オオイタケン,Oita,,,,臼杵市,ウスキシ,Usuki-shi,,,,,,,,,,友田,トモダ,,,0,0,0,1,0,0,0,0,1947-04-17,,0,,
442062,0000385,3,大分県,オオイタケン,Oita,,,,臼杵市,ウスキシ,Usuki-shi,,,,,,,,,,落合,オチアイ,,,0,0,0,1,0,0,0,0,1947-04-17,,0,,
442062,0000386,3,大分県,オオイタケン,Oita,,,,臼杵市,ウスキシ,Usuki-shi,,,,,,,,,,落谷,オチダニ,,,0,0,0,1,0,0,0,0,1947-04-17,,0,,
442062,0000387,3,大分県,オオイタケン,Oita,,,,臼杵市,ウスキシ,Usuki-shi,,,,,,,,,,利野,トシノ,,,0,0,0,1,0,0,0,0,1947-04-17,,0,,
442062,0000388,3,大分県,オオイタケン,Oita,,,,臼杵市,ウスキシ,Usuki-shi,,,,,,,,,,立野,タテノ,,,0,0,0,1,0,0,0,0,1947-04-17,,0,,
442062,0000389,3,大分県,オオイタケン,Oita,,,,臼杵市,ウスキシ,Usuki-shi,,,,,,,,,,溜水,タマリミズ,,,0,0,0,1,0,0,0,0,1947-04-17,,0,,
442062,0000390,3,大分県,オオイタケン,Oita,,,,臼杵市,ウスキシ,Usuki-shi,,,,,,,,,,緑,ミドリ,,,0,0,0,1,0,0,0,0,1947-04-17,,0,,
442062,0000391,3,大分県,オオイタケン,Oita,,,,臼杵市,ウスキシ,Usuki-shi,,,,,,,,,,林,ハヤシ,,,0,0,0,1,0,0,0,0,1947-04-17,,0,,
442062,0000392,3,大分県,オオイタケン,Oita,,,,臼杵市,ウスキシ,Usuki-shi,,,,,,,,,,六ヶ迫,ロクカサコ,,,0,0,0,1,0,0,0,0,1947-04-17,,0,,
442062,0000393,3,大分県,オオイタケン,Oita,,,,臼杵市,ウスキシ,Usuki-shi,,,,,,,,,,蕨野,ワラビノ,,,0,0,0,1,0,0,0,0,1947-04-17,,0,,
442062,0000394,3,大分県,オオイタケン,Oita,,,,臼杵市,ウスキシ,Usuki-shi,,,,,,,,,,硴江,カキエ,,,0,0,0,1,0,0,0,0,1947-04-17,,0,,
442062,0000395,3,大分県,オオイタケン,Oita,,,,臼杵市,ウスキシ,Usuki-shi,,,,,,,,,,苙場,オロバ,,,0,0,0,1,0,0,0,0,1947-04-17,,0,,
442062,0000396,3,大分県,オオイタケン,Oita,,,,臼杵市,ウスキシ,Usuki-shi,,,,,,,,,,藪田,ヤブタ,,,0,0,0,1,0,0,0,0,1947-04-17,,0,,
442062,0001000,1,大分県,オオイタケン,Oita,,,,臼杵市,ウスキシ,Usuki-shi,,,,大字家野,オオアザイエノ,Ieno,,,,,,,,0,0,0,0,0,0,1,1,1947-04-17,,0,8750065,
442062,0002000,1,大分県,オオイタケン,Oita,,,,臼杵市,ウスキシ,Usuki-shi,,,,大字板知屋,オオアザイタチヤ,Itachiya,,,,,,,,0,0,0,0,0,0,1,1,1947-04-17,,0,8750034,
442062,0003000,1,大分県,オオイタケン,Oita,,,,臼杵市,ウスキシ,Usuki-shi,,,,大字市浜,オオアザイチハマ,Ichihama,,,,,,,,0,0,0,0,0,0,1,1,1947-04-17,,0,8750052,
442062,0004000,1,大分県,オオイタケン,Oita,,,,臼杵市,ウスキシ,Usuki-shi,,,,大字稲田,オオアザイナダ,Inada,,,,,,,,0,0,0,0,0,0,1,1,1947-04-17,,0,8750082,
442062,0005000,1,大分県,オオイタケン,Oita,,,,臼杵市,ウスキシ,Usuki-shi,,,,大字井村,オオアザイムラ,Imura,,,,,,,,0,0,0,0,0,0,1,1,1947-04-17,,0,8750083,
442062,0006000,1,大分県,オオイタケン,Oita,,,,臼杵市,ウスキシ,Usuki-shi,,,,大字臼杵,オオアザウスキ,Usuki,,,,,,,,0,0,0,0,0,0,1,1,1947-04-17,,0,8750041,
442062,0007000,1,大分県,オオイタケン,Oita,,,,臼杵市,ウスキシ,Usuki-shi,,,,大字江無田,オオアザエムタ,Emuta,,,,,,,,0,0,0,0,0,0,1,1,1947-04-17,,0,8750023,
442062,0008000,1,大分県,オオイタケン,Oita,,,,臼杵市,ウスキシ,Usuki-shi,,,,大字大泊,オオアザオオトマリ,Otomari,,,,,,,,0,0,0,0,0,0,1,1,1947-04-17,,0,8750033,
442062,0009000,1,大分県,オオイタケン,Oita,,,,臼杵市,ウスキシ,Usuki-shi,,,,大字大野,オオアザオオノ,Ono,,,,,,,,0,0,0,0,0,0,1,1,1947-04-17,,0,8750004,
442062,0010000,1,大分県,オオイタケン,Oita,,,,臼杵市,ウスキシ,Usuki-shi,,,,大字大浜,オオアザオオハマ,Ohama,,,,,,,,0,0,0,0,0,0,1,1,1947-04-17,,0,8750012,
442062,0011000,1,大分県,オオイタケン,Oita,,,,臼杵市,ウスキシ,Usuki-shi,,,,大字乙見,オオアザオトミ,Otomi,,,,,,,,0,0,0,0,0,0,1,1,1947-04-17,,0,8750077,
442062,0012000,1,大分県,オオイタケン,Oita,,,,臼杵市,ウスキシ,Usuki-shi,,,,大字海添,オオアザカイゾエ,Kaizoe,,,,,,,,0,0,0,0,0,0,1,1,1947-04-17,,0,8750042,
442062,0014000,1,大分県,オオイタケン,Oita,,,,臼杵市,ウスキシ,Usuki-shi,,,,大字風成,オオアザカザナシ,Kazanashi,,,,,,,,0,0,0,0,0,0,1,1,1947-04-17,,0,8750032,
442062,0015000,1,大分県,オオイタケン,Oita,,,,臼杵市,ウスキシ,Usuki-shi,,,,大字久木小野,オオアザクギオノ,Kugiono,,,,,,,,0,0,0,0,0,0,1,1,1947-04-17,,0,8750070,
442062,0016000,1,大分県,オオイタケン,Oita,,,,臼杵市,ウスキシ,Usuki-shi,,,,大字佐志生,オオアザサシウ,Sashiu,,,,,,,,0,0,0,0,0,0,1,1,1947-04-17,,0,8750001,
442062,0017000,1,大分県,オオイタケン,Oita,,,,臼杵市,ウスキシ,Usuki-shi,,,,大字左津留,オオアザサヅル,Sazuru,,,,,,,,0,0,0,0,0,0,1,1,1947-04-17,,0,8750074,
442062,0018000,1,大分県,オオイタケン,Oita,,,,臼杵市,ウスキシ,Usuki-shi,,,,大字下ノ江,オオアザシタノエ,Shitanoe,,,,,,,,0,0,0,0,0,0,1,1,1947-04-17,,0,8750002,
442062,0019000,1,大分県,オオイタケン,Oita,,,,臼杵市,ウスキシ,Usuki-shi,,,,大字末広,オオアザスエヒロ,Suehiro,,,,,,,,0,0,0,0,0,0,1,1,1947-04-17,,0,8750022,
442062,0020000,1,大分県,オオイタケン,Oita,,,,臼杵市,ウスキシ,Usuki-shi,,,,大字諏訪,オオアザスワ,Suwa,,,,,,,,0,0,0,0,0,0,1,1,1947-04-17,,0,8750011,
442062,0021000,1,大分県,オオイタケン,Oita,,,,臼杵市,ウスキシ,Usuki-shi,,,,大字田井,オオアザタイ,Tai,,,,,,,,0,0,0,0,0,0,1,1,1947-04-17,,0,8750003,
442062,0022000,1,大分県,オオイタケン,Oita,,,,臼杵市,ウスキシ,Usuki-shi,,,,大字高山,オオアザタカヤマ,Takayama,,,,,,,,0,0,0,0,0,0,1,1,1947-04-17,,0,8750078,
442062,0023000,1,大分県,オオイタケン,Oita,,,,臼杵市,ウスキシ,Usuki-shi,,,,大字岳谷,オオアザタケヤ,Takeya,,,,,,,,0,0,0,0,0,0,1,1,1947-04-17,,0,8750084,
442062,0024000,1,大分県,オオイタケン,Oita,,,,臼杵市,ウスキシ,Usuki-shi,,,,大字武山,オオアザタケヤマ,Takeyama,,,,,,,,0,0,0,0,0,0,1,1,1947-04-17,,0,8750079,
442062,0025000,1,大分県,オオイタケン,Oita,,,,臼杵市,ウスキシ,Usuki-shi,,,,大字田尻,オオアザタジリ,Tajiri,,,,,,,,0,0,0,0,0,0,1,1,1947-04-17,,0,8750021,
442062,0026000,1,大分県,オオイタケン,Oita,,,,臼杵市,ウスキシ,Usuki-shi,,,,大字戸室,オオアザトムロ,Tomuro,,,,,,,,1,1,0,0,0,0,1,1,1947-04-17,,0,8750051,
442062,0027000,1,大分県,オオイタケン,Oita,,,,臼杵市,ウスキシ,Usuki-shi,,,,大字中臼杵,オオアザナカウスキ,Nakausuki,,,,,,,,0,0,0,0,0,0,1,1,1947-04-17,,0,8750072,
442062,0028000,1,大分県,オオイタケン,Oita,,,,臼杵市,ウスキシ,Usuki-shi,,,,大字中尾,オオアザナカオ,Nakao,,,,,,,,0,0,0,0,0,0,1,1,1947-04-17,,0,8750075,
442062,0029000,1,大分県,オオイタケン,Oita,,,,臼杵市,ウスキシ,Usuki-shi,,,,大字中津浦,オオアザナカツウラ,Nakatsura,,,,,,,,0,0,0,0,0,0,1,1,1947-04-17,,0,8750013,
442062,0030000,1,大分県,オオイタケン,Oita,,,,臼杵市,ウスキシ,Usuki-shi,,,,大字二王座,オオアザニオウザ,Nioza,,,,,,,,0,0,0,0,0,0,1,1,1947-04-17,,0,8750043,
442062,0031000,1,大分県,オオイタケン,Oita,,,,臼杵市,ウスキシ,Usuki-shi,,,,大字野田,オオアザノダ,Noda,,,,,,,,0,0,0,0,0,0,1,1,1947-04-17,,0,8750062,
442062,0032000,1,大分県,オオイタケン,Oita,,,,臼杵市,ウスキシ,Usuki-shi,,,,大字東神野,オオアザヒガシコウノ,Higashikono,,,,,,,,0,0,0,0,0,0,1,1,1947-04-17,,0,8750076,
442062,0033000,1,大分県,オオイタケン,Oita,,,,臼杵市,ウスキシ,Usuki-shi,,,,大字深江,オオアザフカエ,Fukae,,,,,,,,0,0,0,0,0,0,1,1,1947-04-17,,0,8750031,
442062,0034000,1,大分県,オオイタケン,Oita,,,,臼杵市,ウスキシ,Usuki-shi,,,,大字深田,オオアザフカタ,Fukata,,,,,,,,0,0,0,0,0,0,1,1,1947-04-17,,0,8750064,
442062,0035000,1,大分県,オオイタケン,Oita,,,,臼杵市,ウスキシ,Usuki-shi,,,,大字福良,オオアザフクラ,Fukura,,,,,,,,0,0,0,0,0,0,1,1,1947-04-17,,0,8750053,
442062,0036000,1,大分県,オオイタケン,Oita,,,,臼杵市,ウスキシ,Usuki-shi,,,,大字藤河内,オオアザフジカワウチ,Fujikawachi,,,,,,,,0,0,0,0,0,0,1,1,1947-04-17,,0,8750081,
442062,0037000,1,大分県,オオイタケン,Oita,,,,臼杵市,ウスキシ,Usuki-shi,,,,大字前田,オオアザマエダ,Maeda,,,,,,,,0,0,0,0,0,0,1,1,1947-04-17,,0,8750061,
442062,0038000,1,大分県,オオイタケン,Oita,,,,臼杵市,ウスキシ,Usuki-shi,,,,大字望月,オオアザモチヅキ,Mochizuki,,,,,,,,0,0,0,0,0,0,1,1,1947-04-17,,0,8750063,
442062,0039000,1,大分県,オオイタケン,Oita,,,,臼杵市,ウスキシ,Usuki-shi,,,,大字吉小野,オオアザヨシオノ,Yoshiono,,,,,,,,0,0,0,0,0,0,1,1,1947-04-17,,0,8750071,
442062,0040000,1,大分県,オオイタケン,Oita,,,,臼杵市,ウスキシ,Usuki-shi,,,,野津町大字秋山,ノツマチオオアザアキヤマ,,,,,,,,,0,0,0,0,0,0,1,1,1947-04-17,,0,,
442062,0041000,1,大分県,オオイタケン,Oita,,,,臼杵市,ウスキシ,Usuki-shi,,,,野津町大字岩屋,ノツマチオオアザイワヤ,,,,,,,,,0,0,0,0,0,0,1,1,1947-04-17,,0,,
442062,0042000,1,大分県,オオイタケン,Oita,,,,臼杵市,ウスキシ,Usuki-shi,,,,野津町大字烏嶽,ノツマチオオアザウガク,,,,,,,,,0,0,0,0,0,0,1,1,1947-04-17,,0,,
442062,0043000,1,大分県,オオイタケン,Oita,,,,臼杵市,ウスキシ,Usuki-shi,,,,野津町大字老松,ノツマチオオアザオイマツ,,,,,,,,,0,0,0,0,0,0,1,1,1947-04-17,,0,,
442062,0044000,1,大分県,オオイタケン,Oita,,,,臼杵市,ウスキシ,Usuki-shi,,,,野津町大字王子,ノツマチオオアザオウジ,,,,,,,,,0,0,0,0,0,0,1,1,1947-04-17,,0,,
442062,0045000,1,大分県,オオイタケン,Oita,,,,臼杵市,ウスキシ,Usuki-shi,,,,野津町大字落谷,ノツマチオオアザオチダニ,,,,,,,,,0,0,0,0,0,0,1,1,1947-04-17,,0,,
442062,0046000,1,大分県,オオイタケン,Oita,,,,臼杵市,ウスキシ,Usuki-shi,,,,野津町大字垣河内,ノツマチオオアザカキガワチ,,,,,,,,,0,0,0,0,0,0,1,1,1947-04-17,,0,,
442062,0047000,1,大分県,オオイタケン,Oita,,,,臼杵市,ウスキシ,Usuki-shi,,,,野津町大字亀甲,ノツマチオオアザカメコウ,,,,,,,,,0,0,0,0,0,0,1,1,1947-04-17,,0,,
442062,0048000,1,大分県,オオイタケン,Oita,,,,臼杵市,ウスキシ,Usuki-shi,,,,野津町大字西寒田,ノツマチオオアザササムタ,,,,,,,,,0,0,0,0,0,0,1,1,1947-04-17,,0,,
442062,0049000,1,大分県,オオイタケン,Oita,,,,臼杵市,ウスキシ,Usuki-shi,,,,野津町大字白岩,ノツマチオオアザシライワ,,,,,,,,,0,0,0,0,0,0,1,1,1947-04-17,,0,,
442062,0050000,1,大分県,オオイタケン,Oita,,,,臼杵市,ウスキシ,Usuki-shi,,,,野津町大字清水原,ノツマチオオアザソウズバル,,,,,,,,,0,0,0,0,0,0,1,1,1947-04-17,,0,,
442062,0051000,1,大分県,オオイタケン,Oita,,,,臼杵市,ウスキシ,Usuki-shi,,,,野津町大字千塚,ノツマチオオアザチヅカ,,,,,,,,,0,0,0,0,0,0,1,1,1947-04-17,,0,,
442062,0052000,1,大分県,オオイタケン,Oita,,,,臼杵市,ウスキシ,Usuki-shi,,,,野津町大字泊,ノツマチオオアザトマリ,,,,,,,,,0,0,0,0,0,0,1,1,1947-04-17,,0,,
442062,0053000,1,大分県,オオイタケン,Oita,,,,臼杵市,ウスキシ,Usuki-shi,,,,野津町大字西神野,ノツマチオオアザニシカミノ,,,,,,,,,0,0,0,0,0,0,1,1,1947-04-17,,0,,
442062,0054000,1,大分県,オオイタケン,Oita,,,,臼杵市,ウスキシ,Usuki-shi,,,,野津町大字西畑,ノツマチオオアザニシハタ,,,,,,,,,0,0,0,0,0,0,1,1,1947-04-17,,0,,
442062,0055000,1,大分県,オオイタケン,Oita,,,,臼杵市,ウスキシ,Usuki-shi,,,,野津町大字野津市,ノツマチオオアザノツイチ,,,,,,,,,0,0,0,0,0,0,1,1,1947-04-17,,0,,
442062,0056000,1,大分県,オオイタケン,Oita,,,,臼杵市,ウスキシ,Usuki-shi,,,,野津町大字八里合,ノツマチオオアザハチリゴウ,,,,,,,,,0,0,0,0,0,0,1,1,1947-04-17,,0,,
442062,0057000,1,大分県,オオイタケン,Oita,,,,臼杵市,ウスキシ,Usuki-shi,,,,野津町大字原,ノツマチオオアザハル,,,,,,,,,0,0,0,0,0,0,1,1,1947-04-17,,0,,
442062,0058000,1,大分県,オオイタケン,Oita,,,,臼杵市,ウスキシ,Usuki-shi,,,,野津町大字東谷,ノツマチオオアザヒガシタニ,,,,,,,,,0,0,0,0,0,0,1,1,1947-04-17,,0,,
442062,0059000,1,大分県,オオイタケン,Oita,,,,臼杵市,ウスキシ,Usuki-shi,,,,野津町大字福良木,ノツマチオオアザフクラギ,,,,,,,,,0,0,0,0,0,0,1,1,1947-04-17,,0,,
442062,0060000,1,大分県,オオイタケン,Oita,,,,臼杵市,ウスキシ,Usuki-shi,,,,野津町大字藤小野,ノツマチオオアザフジオノ,,,,,,,,,0,0,0,0,0,0,1,1,1947-04-17,,0,,
442062,0061000,1,大分県,オオイタケン,Oita,,,,臼杵市,ウスキシ,Usuki-shi,,,,野津町大字前河内,ノツマチオオアザマエガワチ,,,,,,,,,0,0,0,0,0,0,1,1,1947-04-17,,0,,
442062,0062000,1,大分県,オオイタケン,Oita,,,,臼杵市,ウスキシ,Usuki-shi,,,,野津町大字都原,ノツマチオオアザミヤコバル,,,,,,,,,0,0,0,0,0,0,1,1,1947-04-17,,0,,
442062,0063000,1,大分県,オオイタケン,Oita,,,,臼杵市,ウスキシ,Usuki-shi,,,,野津町大字宮原,ノツマチオオアザミヤバル,,,,,,,,,0,0,0,0,0,0,1,1,1947-04-17,,0,,
442062,0064000,1,大分県,オオイタケン,Oita,,,,臼杵市,ウスキシ,Usuki-shi,,,,野津町大字山頭,ノツマチオオアザヤマズ,,,,,,,,,0,0,0,0,0,0,1,1,1947-04-17,,0,,
442062,0065000,1,大分県,オオイタケン,Oita,,,,臼杵市,ウスキシ,Usuki-shi,,,,野津町大字柚野木,ノツマチオオアザユノキ,,,,,,,,,0,0,0,0,0,0,1,1,1947-04-17,,0,,
442062,0066000,1,大分県,オオイタケン,Oita,,,,臼杵市,ウスキシ,Usuki-shi,,,,野津町大字吉田,ノツマチオオアザヨシダ,,,,,,,,,0,0,0,0,0,0,1,1,1947-04-17,,0,,
442062,0067000,1,大分県,オオイタケン,Oita,,,,臼杵市,ウスキシ,Usuki-shi,,,,大字搔懐,オオアザカキダキ,,,,,,,,,0,0,0,0,0,0,1,0,1947-04-17,,1,,
442071,0000101,3,大分県,オオイタケン,Oita,,,,津久見市,ツクミシ,Tsukumi-shi,,,,,,,,,,カシヤ,カシヤ,,,0,0,0,1,0,0,0,0,1947-04-17,,0,,
442071,0000102,3,大分県,オオイタケン,Oita,,,,津久見市,ツクミシ,Tsukumi-shi,,,,,,,,,,伊崎,イサキ,,,0,0,0,1,0,0,0,0,1947-04-17,,0,,
442071,0000103,3,大分県,オオイタケン,Oita,,,,津久見市,ツクミシ,Tsukumi-shi,,,,,,,,,,浦代,ウラシロ,,,0,0,0,1,0,0,0,0,1947-04-17,,0,,
442071,0000104,3,大分県,オオイタケン,Oita,,,,津久見市,ツクミシ,Tsukumi-shi,,,,,,,,,,栄町,サカエマチ,,,0,0,0,1,0,0,0,0,1947-04-17,,0,,
442071,0000105,3,大分県,オオイタケン,Oita,,,,津久見市,ツクミシ,Tsukumi-shi,,,,,,,,,,下川内,シモガワチ,,,0,0,0,1,0,0,0,0,1947-04-17,,0,,
442071,0000106,3,大分県,オオイタケン,Oita,,,,津久見市,ツクミシ,Tsukumi-shi,,,,,,,,,,垣篭,カキコモリ,,,0,0,0,1,0,0,0,0,1947-04-17,,0,,
442071,0000107,3,大分県,オオイタケン,Oita,,,,津久見市,ツクミシ,Tsukumi-shi,,,,,,,,,,釜戸,カマド,,,0,0,0,1,0,0,0,0,1947-04-17,,0,,
442071,0000108,3,大分県,オオイタケン,Oita,,,,津久見市,ツクミシ,Tsukumi-shi,,,,,,,,,,間元,マモト,,,0,0,0,1,0,0,0,0,1947-04-17,,0,,
442071,0000109,3,大分県,オオイタケン,Oita,,,,津久見市,ツクミシ,Tsukumi-shi,,,,,,,,,,岩屋口,イワヤグチ,,,0,0,0,1,0,0,0,0,1947-04-17,,0,,
442071,0000110,3,大分県,オオイタケン,Oita,,,,津久見市,ツクミシ,Tsukumi-shi,,,,,,,,,,鬼丸,オニマル,,,0,0,0,1,0,0,0,0,1947-04-17,,0,,
442071,0000111,3,大分県,オオイタケン,Oita,,,,津久見市,ツクミシ,Tsukumi-shi,,,,,,,,,,久保,クボ,,,0,0,0,1,0,0,0,0,1947-04-17,,0,,
442071,0000112,3,大分県,オオイタケン,Oita,,,,津久見市,ツクミシ,Tsukumi-shi,,,,,,,,,,久保泊,クボドマリ,,,0,0,0,1,0,0,0,0,1947-04-17,,0,,
442071,0000113,3,大分県,オオイタケン,Oita,,,,津久見市,ツクミシ,Tsukumi-shi,,,,,,,,,,串ヶ脇,クシガワキ,,,0,0,0,1,0,0,0,0,1947-04-17,,0,,
442071,0000114,3,大分県,オオイタケン,Oita,,,,津久見市,ツクミシ,Tsukumi-shi,,,,,,,,,,原,ハル,,,0,0,0,1,0,0,0,0,1947-04-17,,0,,
442071,0000115,3,大分県,オオイタケン,Oita,,,,津久見市,ツクミシ,Tsukumi-shi,,,,,,,,,,広浦,ヒラウラ,,,0,0,0,1,0,0,0,0,1947-04-17,,0,,
442071,0000116,3,大分県,オオイタケン,Oita,,,,津久見市,ツクミシ,Tsukumi-shi,,,,,,,,,,江ノ浦,エノウラ,,,0,0,0,1,0,0,0,0,1947-04-17,,0,,
442071,0000117,3,大分県,オオイタケン,Oita,,,,津久見市,ツクミシ,Tsukumi-shi,,,,,,,,,,江ノ浦越,エノウラゴエ,,,0,0,0,1,0,0,0,0,1947-04-17,,0,,
442071,0000118,3,大分県,オオイタケン,Oita,,,,津久見市,ツクミシ,Tsukumi-shi,,,,,,,,,,荒代,アラジロ,,,0,0,0,1,0,0,0,0,1947-04-17,,0,,
442071,0000119,3,大分県,オオイタケン,Oita,,,,津久見市,ツクミシ,Tsukumi-shi,,,,,,,,,,高浜,タカハマ,,,0,0,0,1,0,0,0,0,1947-04-17,,0,,
442071,0000120,3,大分県,オオイタケン,Oita,,,,津久見市,ツクミシ,Tsukumi-shi,,,,,,,,,,狩床,カリドコ,,,0,0,0,1,0,0,0,0,1947-04-17,,0,,
442071,0000121,3,大分県,オオイタケン,Oita,,,,津久見市,ツクミシ,Tsukumi-shi,,,,,,,,,,松ヶ浦,マツガウラ,,,0,0,0,1,0,0,0,0,1947-04-17,,0,,
442071,0000122,3,大分県,オオイタケン,Oita,,,,津久見市,ツクミシ,Tsukumi-shi,,,,,,,,,,松川,マツカワ,,,0,0,0,1,0,0,0,0,1947-04-17,,0,,
442071,0000123,3,大分県,オオイタケン,Oita,,,,津久見市,ツクミシ,Tsukumi-shi,,,,,,,,,,新開,シンガイ,,,0,0,0,1,0,0,0,0,1947-04-17,,0,,
442071,0000124,3,大分県,オオイタケン,Oita,,,,津久見市,ツクミシ,Tsukumi-shi,,,,,,,,,,新地,シンチ,,,0,0,0,1,0,0,0,0,1947-04-17,,0,,
442071,0000125,3,大分県,オオイタケン,Oita,,,,津久見市,ツクミシ,Tsukumi-shi,,,,,,,,,,深良津,フカラヅ,,,0,0,0,1,0,0,0,0,1947-04-17,,0,,
442071,0000126,3,大分県,オオイタケン,Oita,,,,津久見市,ツクミシ,Tsukumi-shi,,,,,,,,,,仁宅,ニタク,,,0,0,0,1,0,0,0,0,1947-04-17,,0,,
442071,0000127,3,大分県,オオイタケン,Oita,,,,津久見市,ツクミシ,Tsukumi-shi,,,,,,,,,,成守,ナリモリ,,,0,0,0,1,0,0,0,0,1947-04-17,,0,,
442071,0000128,3,大分県,オオイタケン,Oita,,,,津久見市,ツクミシ,Tsukumi-shi,,,,,,,,,,西ノ内,ニシノウチ,,,0,0,0,1,0,0,0,0,1947-04-17,,0,,
442071,0000129,3,大分県,オオイタケン,Oita,,,,津久見市,ツクミシ,Tsukumi-shi,,,,,,,,,,西泊,ニシドマリ,,,0,0,0,1,0,0,0,0,1947-04-17,,0,,
442071,0000130,3,大分県,オオイタケン,Oita,,,,津久見市,ツクミシ,Tsukumi-shi,,,,,,,,,,赤崎,アカサキ,,,0,0,0,1,0,0,0,0,1947-04-17,,0,,
442071,0000131,3,大分県,オオイタケン,Oita,,,,津久見市,ツクミシ,Tsukumi-shi,,,,,,,,,,千怒越,チヌゴエ,,,0,0,0,1,0,0,0,0,1947-04-17,,0,,
442071,0000132,3,大分県,オオイタケン,Oita,,,,津久見市,ツクミシ,Tsukumi-shi,,,,,,,,,,千怒崎,チヌザキ,,,0,0,0,1,0,0,0,0,1947-04-17,,0,,
442071,0000133,3,大分県,オオイタケン,Oita,,,,津久見市,ツクミシ,Tsukumi-shi,,,,,,,,,,蔵富,クラトミ,,,0,0,0,1,0,0,0,0,1947-04-17,,0,,
442071,0000134,3,大分県,オオイタケン,Oita,,,,津久見市,ツクミシ,Tsukumi-shi,,,,,,,,,,大元,オオモト,,,0,0,0,1,0,0,0,0,1947-04-17,,0,,
442071,0000135,3,大分県,オオイタケン,Oita,,,,津久見市,ツクミシ,Tsukumi-shi,,,,,,,,,,大村,オオムラ,,,0,0,0,1,0,0,0,0,1947-04-17,,0,,
442071,0000136,3,大分県,オオイタケン,Oita,,,,津久見市,ツクミシ,Tsukumi-shi,,,,,,,,,,谷川,タニガワ,,,0,0,0,1,0,0,0,0,1947-04-17,,0,,
442071,0000137,3,大分県,オオイタケン,Oita,,,,津久見市,ツクミシ,Tsukumi-shi,,,,,,,,,,鍛冶屋,カジヤ,,,0,0,0,1,0,0,0,0,1947-04-17,,0,,
442071,0000138,3,大分県,オオイタケン,Oita,,,,津久見市,ツクミシ,Tsukumi-shi,,,,,,,,,,中ノ内,ナカノウチ,,,0,0,0,1,0,0,0,0,1947-04-17,,0,,
442071,0000139,3,大分県,オオイタケン,Oita,,,,津久見市,ツクミシ,Tsukumi-shi,,,,,,,,,,中村,ナカムラ,,,0,0,0,1,0,0,0,0,1947-04-17,,0,,
442071,0000140,3,大分県,オオイタケン,Oita,,,,津久見市,ツクミシ,Tsukumi-shi,,,,,,,,,,長幸,チョウコウ,,,0,0,0,1,0,0,0,0,1947-04-17,,0,,
442071,0000141,3,大分県,オオイタケン,Oita,,,,津久見市,ツクミシ,Tsukumi-shi,,,,,,,,,,長目,ナガメ,Nagame,,0,0,0,1,0,0,0,0,1947-04-17,,0,8792476,
442071,0000142,3,大分県,オオイタケン,Oita,,,,津久見市,ツクミシ,Tsukumi-shi,,,,,,,,,,長野,ナガノ,,,0,0,0,1,0,0,0,0,1947-04-17,,0,,
442071,0000143,3,大分県,オオイタケン,Oita,,,,津久見市,ツクミシ,Tsukumi-shi,,,,,,,,,,田ノ浦,タノウラ,,,0,0,0,1,0,0,0,0,1947-04-17,,0,,
442071,0000144,3,大分県,オオイタケン,Oita,,,,津久見市,ツクミシ,Tsukumi-shi,,,,,,,,,,田尾,タオ,,,0,0,0,1,0,0,0,0,1947-04-17,,0,,
442071,0000145,3,大分県,オオイタケン,Oita,,,,津久見市,ツクミシ,Tsukumi-shi,,,,,,,,,,刀自ヶ浦,トジガウラ,,,0,0,0,1,0,0,0,0,1947-04-17,,0,,
442071,0000146,3,大分県,オオイタケン,Oita,,,,津久見市,ツクミシ,Tsukumi-shi,,,,,,,,,,楠屋,クスヤ,,,0,0,0,1,0,0,0,0,1947-04-17,,0,,
442071,0000147,3,大分県,オオイタケン,Oita,,,,津久見市,ツクミシ,Tsukumi-shi,,,,,,,,,,畑,ハタ,,,0,0,0,1,0,0,0,0,1947-04-17,,0,,
442071,0000148,3,大分県,オオイタケン,Oita,,,,津久見市,ツクミシ,Tsukumi-shi,,,,,,,,,,鳩浦,ハトウラ,,,0,0,0,1,0,0,0,0,1947-04-17,,0,,
442071,0000149,3,大分県,オオイタケン,Oita,,,,津久見市,ツクミシ,Tsukumi-shi,,,,,,,,,,福,フク,,,0,0,0,1,0,0,0,0,1947-04-17,,0,,
442071,0000150,3,大分県,オオイタケン,Oita,,,,津久見市,ツクミシ,Tsukumi-shi,,,,,,,,,,福良,フクラ,,,0,0,0,1,0,0,0,0,1947-04-17,,0,,
442071,0000151,3,大分県,オオイタケン,Oita,,,,津久見市,ツクミシ,Tsukumi-shi,,,,,,,,,,平岩,ヒライワ,,,0,0,0,1,0,0,0,0,1947-04-17,,0,,
442071,0000152,3,大分県,オオイタケン,Oita,,,,津久見市,ツクミシ,Tsukumi-shi,,,,,,,,,,坊主石,ボウズイシ,,,0,0,0,1,0,0,0,0,1947-04-17,,0,,
442071,0000153,3,大分県,オオイタケン,Oita,,,,津久見市,ツクミシ,Tsukumi-shi,,,,,,,,,,網代,アジロ,Ajiro,,0,0,0,1,0,0,0,0,1947-04-17,,0,8792682,
442071,0000154,3,大分県,オオイタケン,Oita,,,,津久見市,ツクミシ,Tsukumi-shi,,,,,,,,,,与四郎,ヨシロウ,,,0,0,0,1,0,0,0,0,1947-04-17,,0,,
442071,0000155,3,大分県,オオイタケン,Oita,,,,津久見市,ツクミシ,Tsukumi-shi,,,,,,,,,,落ノ浦,オチノウラ,,,0,0,0,1,0,0,0,0,1947-04-17,,0,,
442071,0000156,3,大分県,オオイタケン,Oita,,,,津久見市,ツクミシ,Tsukumi-shi,,,,,,,,,,両家,リョウケ,,,0,0,0,1,0,0,0,0,1947-04-17,,0,,
442071,0000157,3,大分県,オオイタケン,Oita,,,,津久見市,ツクミシ,Tsukumi-shi,,,,,,,,,,路木,ロギ,,,0,0,0,1,0,0,0,0,1947-04-17,,0,,
442071,0000158,3,大分県,オオイタケン,Oita,,,,津久見市,ツクミシ,Tsukumi-shi,,,,,,,,,,槢木,スルギ,,,0,0,0,1,0,0,0,0,1947-04-17,,0,,
442071,0001000,1,大分県,オオイタケン,Oita,,,,津久見市,ツクミシ,Tsukumi-shi,,,,井無田町,イムタマチ,Imutamachi,,,,,,,,1,1,0,0,0,0,1,1,1947-04-17,,0,8792445,
442071,0002000,1,大分県,オオイタケン,Oita,,,,津久見市,ツクミシ,Tsukumi-shi,,,,入船西町,イリフネニシマチ,Irifune Nishimachi,,,,,,,,1,1,0,0,0,0,1,1,1947-04-17,,0,8792458,
442071,0003000,1,大分県,オオイタケン,Oita,,,,津久見市,ツクミシ,Tsukumi-shi,,,,入船東町,イリフネヒガシマチ,Irifune Higashimachi,,,,,,,,1,1,0,0,0,0,1,1,1947-04-17,,0,8792459,
442071,0004000,1,大分県,オオイタケン,Oita,,,,津久見市,ツクミシ,Tsukumi-shi,,,,大字網代,オオアザアジロ,Ajiro,,,,,,,,0,0,0,0,0,0,1,1,1947-04-17,,0,8792682,
442071,0005000,1,大分県,オオイタケン,Oita,,,,津久見市,ツクミシ,Tsukumi-shi,,,,大字堅浦,オオアザカタウラ,Kataura,,,,,,,,0,0,0,0,0,0,1,1,1947-04-17,,0,8792475,
442071,0006000,1,大分県,オオイタケン,Oita,,,,津久見市,ツクミシ,Tsukumi-shi,,,,大字上青江,オオアザカミアオエ,Kamiaoe,,,,,,,,0,0,0,0,0,0,1,1,1947-04-17,,0,8792461,
442071,0007000,1,大分県,オオイタケン,Oita,,,,津久見市,ツクミシ,Tsukumi-shi,,,,大字下青江,オオアザシモアオエ,Shimoaoe,,,,,,,,0,0,0,0,0,0,1,1,1947-04-17,,0,8792446,
442071,0008000,1,大分県,オオイタケン,Oita,,,,津久見市,ツクミシ,Tsukumi-shi,,,,大字千怒,オオアザチヌ,Chinu,,,,,,,,0,0,0,0,0,0,1,1,1947-04-17,,0,8792401,
442071,0009000,1,大分県,オオイタケン,Oita,,,,津久見市,ツクミシ,Tsukumi-shi,,,,大字津久見,オオアザツクミ,Tsukumi,,,,,,,,0,0,0,0,0,0,1,1,1947-04-17,,0,8792421,
442071,0010000,1,大分県,オオイタケン,Oita,,,,津久見市,ツクミシ,Tsukumi-shi,,,,大字徳浦,オオアザトクウラ,Tokura,,,,,,,,0,0,0,0,0,0,1,1,1947-04-17,,0,8792474,
442071,0011000,1,大分県,オオイタケン,Oita,,,,津久見市,ツクミシ,Tsukumi-shi,,,,大字長目,オオアザナガメ,Nagame,,,,,,,,0,0,0,0,0,0,1,1,1947-04-17,,0,8792476,
442071,0012000,1,大分県,オオイタケン,Oita,,,,津久見市,ツクミシ,Tsukumi-shi,,,,大字日見,オオアザヒミ,Himi,,,,,,,,0,0,0,0,0,0,1,1,1947-04-17,,0,8792681,
442071,0013000,1,大分県,オオイタケン,Oita,,,,津久見市,ツクミシ,Tsukumi-shi,,,,大字保戸島,オオアザホトジマ,Hotojima,,,,,,,,0,0,0,0,0,0,1,1,1947-04-17,,0,8792501,
442071,0014000,1,大分県,オオイタケン,Oita,,,,津久見市,ツクミシ,Tsukumi-shi,,,,大字八戸,オオアザヤト,Yato,,,,,,,,0,0,0,0,0,0,1,1,1947-04-17,,0,8792422,
442071,0015000,1,大分県,オオイタケン,Oita,,,,津久見市,ツクミシ,Tsukumi-shi,,,,大字四浦,オオアザヨウラ,Yora,,,,,,,,0,0,0,0,0,0,1,1,1947-04-17,,0,8792683,
442071,0016000,1,大分県,オオイタケン,Oita,,,,津久見市,ツクミシ,Tsukumi-shi,,,,大友町,オオトモマチ,Otomomachi,,,,,,,,1,1,0,0,0,0,1,1,1947-04-17,,0,8792431,
442071,0017000,1,大分県,オオイタケン,Oita,,,,津久見市,ツクミシ,Tsukumi-shi,,,,岡町,オカマチ,Okamachi,,,,,,,,1,1,0,0,0,0,1,1,1947-04-17,,0,8792455,
442071,0018000,1,大分県,オオイタケン,Oita,,,,津久見市,ツクミシ,Tsukumi-shi,,,,上宮本町,カミミヤモトマチ,Kamimiyamotomachi,,,,,,,,1,1,0,0,0,0,1,1,1947-04-17,,0,8792436,
442071,0019000,1,大分県,オオイタケン,Oita,,,,津久見市,ツクミシ,Tsukumi-shi,,,,合ノ元町,ゴウノモトマチ,Gonomotomachi,,,,,,,,1,1,0,0,0,0,1,1,1947-04-17,,0,8792471,
442071,0020000,1,大分県,オオイタケン,Oita,,,,津久見市,ツクミシ,Tsukumi-shi,,,,小園町,コゾノマチ,Kozonomachi,,,,,,,,1,1,0,0,0,0,1,1,1947-04-17,,0,8792453,
442071,0021000,1,大分県,オオイタケン,Oita,,,,津久見市,ツクミシ,Tsukumi-shi,,,,地蔵町,ジゾウマチ,Jizomachi,,,,,,,,1,1,0,0,0,0,1,1,1947-04-17,,0,8792454,
442071,0022000,1,大分県,オオイタケン,Oita,,,,津久見市,ツクミシ,Tsukumi-shi,,,,志手町,シテマチ,Shitemachi,,,,,,,,1,1,0,0,0,0,1,1,1947-04-17,,0,8792457,
442071,0023000,1,大分県,オオイタケン,Oita,,,,津久見市,ツクミシ,Tsukumi-shi,,,,新町,シンマチ,Shimmachi,,,,,,,,1,1,0,0,0,0,1,1,1947-04-17,,0,8792451,
442071,0024000,1,大分県,オオイタケン,Oita,,,,津久見市,ツクミシ,Tsukumi-shi,,,,セメント町,セメントマチ,Sementomachi,,,,,,,,1,1,0,0,0,0,1,1,1947-04-17,,0,8792443,
442071,0025000,1,大分県,オオイタケン,Oita,,,,津久見市,ツクミシ,Tsukumi-shi,,,,高洲町,タカスマチ,Takasumachi,,,,,,,,0,0,0,0,0,0,1,1,1947-04-17,,0,8792412,
442071,0025000,1,大分県,オオイタケン,Oita,,,,津久見市,ツクミシ,Tsukumi-shi,,,,高洲町,タカスマチ,Takasumachi,,,,,,,,1,1,0,0,0,0,1,1,1947-04-17,,0,8792412,
442071,0026000,1,大分県,オオイタケン,Oita,,,,津久見市,ツクミシ,Tsukumi-shi,,,,立花町,タチバナマチ,Tachibanamachi,,,,,,,,1,1,0,0,0,0,1,1,1947-04-17,,0,8792434,
442071,0027000,1,大分県,オオイタケン,Oita,,,,津久見市,ツクミシ,Tsukumi-shi,,,,中央町,チュウオウマチ,Chuomachi,,,,,,,,0,0,0,0,0,0,1,1,1947-04-17,,0,8792441,
442071,0027000,1,大分県,オオイタケン,Oita,,,,津久見市,ツクミシ,Tsukumi-shi,,,,中央町,チュウオウマチ,Chuomachi,,,,,,,,1,1,0,0,0,0,1,1,1947-04-17,,0,8792441,
442071,0028000,1,大分県,オオイタケン,Oita,,,,津久見市,ツクミシ,Tsukumi-shi,,,,徳浦本町,トクウラホンマチ,Tokura Hommachi,,,,,,,,1,1,0,0,0,0,1,1,1947-04-17,,0,8792472,
442071,0029000,1,大分県,オオイタケン,Oita,,,,津久見市,ツクミシ,Tsukumi-shi,,,,徳浦宮町,トクウラミヤマチ,Tokura Miyamachi,,,,,,,,1,1,0,0,0,0,1,1,1947-04-17,,0,8792473,
442071,0030000,1,大分県,オオイタケン,Oita,,,,津久見市,ツクミシ,Tsukumi-shi,,,,中田町,ナカダマチ,Nakadamachi,,,,,,,,1,1,0,0,0,0,1,1,1947-04-17,,0,8792433,
442071,0031000,1,大分県,オオイタケン,Oita,,,,津久見市,ツクミシ,Tsukumi-shi,,,,中町,ナカマチ,Nakamachi,,,,,,,,1,1,0,0,0,0,1,1,1947-04-17,,0,8792452,
442071,0032000,1,大分県,オオイタケン,Oita,,,,津久見市,ツクミシ,Tsukumi-shi,,,,文京町,ブンキョウマチ,Bunkyomachi,,,,,,,,1,1,0,0,0,0,1,1,1947-04-17,,0,8792432,
442071,0033000,1,大分県,オオイタケン,Oita,,,,津久見市,ツクミシ,Tsukumi-shi,,,,港町,ミナトマチ,Minatomachi,,,,,,,,0,0,0,0,0,0,1,1,1947-04-17,,0,8792442,
442071,0033000,1,大分県,オオイタケン,Oita,,,,津久見市,ツクミシ,Tsukumi-shi,,,,港町,ミナトマチ,Minatomachi,,,,,,,,1,1,0,0,0,0,1,1,1947-04-17,,0,8792442,
442071,0034000,1,大分県,オオイタケン,Oita,,,,津久見市,ツクミシ,Tsukumi-shi,,,,宮本町,ミヤモトマチ,Miyamotomachi,,,,,,,,1,1,0,0,0,0,1,1,1947-04-17,,0,8792435,
442071,0035000,1,大分県,オオイタケン,Oita,,,,津久見市,ツクミシ,Tsukumi-shi,,,,元町,モトマチ,Motomachi,,,,,,,,1,1,0,0,0,0,1,1,1947-04-17,,0,8792444,
442071,0036000,1,大分県,オオイタケン,Oita,,,,津久見市,ツクミシ,Tsukumi-shi,,,,門前町,モンゼマチ,Monzemmachi,,,,,,,,1,1,0,0,0,0,1,1,1947-04-17,,0,8792456,
442071,0037000,1,大分県,オオイタケン,Oita,,,,津久見市,ツクミシ,Tsukumi-shi,,,,大字津久見浦,オオアザツクミウラ,Tsukumiura,,,,,,,,0,0,0,0,0,0,1,1,1947-04-17,,0,8792413,
442071,0038000,1,大分県,オオイタケン,Oita,,,,津久見市,ツクミシ,Tsukumi-shi,,,,岩屋町,イワヤマチ,Iwayamachi,,,,,,,,1,1,0,0,0,0,1,1,1947-04-17,,0,8792411,
442089,0000101,3,大分県,オオイタケン,Oita,,,,竹田市,タケタシ,Taketa-shi,,,,,,,,,,ツチトリ,ツチトリ,,,0,0,0,1,0,0,0,0,1947-04-17,,0,,
442089,0000102,3,大分県,オオイタケン,Oita,,,,竹田市,タケタシ,Taketa-shi,,,,,,,,,,ヒブリ,ヒブリ,,,0,0,0,1,0,0,0,0,1947-04-17,,0,,
442089,0000103,3,大分県,オオイタケン,Oita,,,,竹田市,タケタシ,Taketa-shi,,,,,,,,,,ミサコ,ミサコ,,,0,0,0,1,0,0,0,0,1947-04-17,,0,,
442089,0000104,3,大分県,オオイタケン,Oita,,,,竹田市,タケタシ,Taketa-shi,,,,,,,,,,阿鹿野,アジカノ,,,0,0,0,1,0,0,0,0,1947-04-17,,0,,
442089,0000105,3,大分県,オオイタケン,Oita,,,,竹田市,タケタシ,Taketa-shi,,,,,,,,,,阿蔵野,アゾノ,,,0,0,0,1,0,0,0,0,1947-04-17,,0,,
442089,0000106,3,大分県,オオイタケン,Oita,,,,竹田市,タケタシ,Taketa-shi,,,,,,,,,,阿藏,アゾウ,,,0,0,0,1,0,0,0,0,1947-04-17,,0,,
442089,0000107,3,大分県,オオイタケン,Oita,,,,竹田市,タケタシ,Taketa-shi,,,,,,,,,,粟生,アオウ,,,0,0,0,1,0,0,0,0,1947-04-17,,0,,
442089,0000108,3,大分県,オオイタケン,Oita,,,,竹田市,タケタシ,Taketa-shi,,,,,,,,,,鞍ヶ田尾,クラカタオ,,,0,0,0,1,0,0,0,0,1947-04-17,,0,,
442089,0000109,3,大分県,オオイタケン,Oita,,,,竹田市,タケタシ,Taketa-shi,,,,,,,,,,伊藤原,イトウバル,,,0,0,0,1,0,0,0,0,1947-04-17,,0,,
442089,0000110,3,大分県,オオイタケン,Oita,,,,竹田市,タケタシ,Taketa-shi,,,,,,,,,,井戸,イド,,,0,0,0,1,0,0,0,0,1947-04-17,,0,,
442089,0000111,3,大分県,オオイタケン,Oita,,,,竹田市,タケタシ,Taketa-shi,,,,,,,,,,井手添,イデゾエ,,,0,0,0,1,0,0,0,0,1947-04-17,,0,,
442089,0000112,3,大分県,オオイタケン,Oita,,,,竹田市,タケタシ,Taketa-shi,,,,,,,,,,井手野,イデノ,,,0,0,0,1,0,0,0,0,1947-04-17,,0,,
442089,0000113,3,大分県,オオイタケン,Oita,,,,竹田市,タケタシ,Taketa-shi,,,,,,,,,,井伏,イブセ,,,0,0,0,1,0,0,0,0,1947-04-17,,0,,
442089,0000114,3,大分県,オオイタケン,Oita,,,,竹田市,タケタシ,Taketa-shi,,,,,,,,,,井堀,イバリ,,,0,0,0,1,0,0,0,0,1947-04-17,,0,,
442089,0000115,3,大分県,オオイタケン,Oita,,,,竹田市,タケタシ,Taketa-shi,,,,,,,,,,一俵野,イチビノ,,,0,0,0,1,0,0,0,0,1947-04-17,,0,,
442089,0000116,3,大分県,オオイタケン,Oita,,,,竹田市,タケタシ,Taketa-shi,,,,,,,,,,稲葉,イナバ,,,0,0,0,1,0,0,0,0,1947-04-17,,0,,
442089,0000117,3,大分県,オオイタケン,Oita,,,,竹田市,タケタシ,Taketa-shi,,,,,,,,,,宇曽,ウソ,,,0,0,0,1,0,0,0,0,1947-04-17,,0,,
442089,0000118,3,大分県,オオイタケン,Oita,,,,竹田市,タケタシ,Taketa-shi,,,,,,,,,,宇土,ウド,,,0,0,0,1,0,0,0,0,1947-04-17,,0,,
442089,0000119,3,大分県,オオイタケン,Oita,,,,竹田市,タケタシ,Taketa-shi,,,,,,,,,,羽恵,ハエ,,,0,0,0,1,0,0,0,0,1947-04-17,,0,,
442089,0000120,3,大分県,オオイタケン,Oita,,,,竹田市,タケタシ,Taketa-shi,,,,,,,,,,臼井迫,ウスイザコ,,,0,0,0,1,0,0,0,0,1947-04-17,,0,,
442089,0000121,3,大分県,オオイタケン,Oita,,,,竹田市,タケタシ,Taketa-shi,,,,,,,,,,浦久保,ウラクボ,,,0,0,0,1,0,0,0,0,1947-04-17,,0,,
442089,0000122,3,大分県,オオイタケン,Oita,,,,竹田市,タケタシ,Taketa-shi,,,,,,,,,,瓜尾,ウリオ,,,0,0,0,1,0,0,0,0,1947-04-17,,0,,
442089,0000123,3,大分県,オオイタケン,Oita,,,,竹田市,タケタシ,Taketa-shi,,,,,,,,,,猿口,サルグチ,,,0,0,0,1,0,0,0,0,1947-04-17,,0,,
442089,0000124,3,大分県,オオイタケン,Oita,,,,竹田市,タケタシ,Taketa-shi,,,,,,,,,,遠矢,トオヤ,,,0,0,0,1,0,0,0,0,1947-04-17,,0,,
442089,0000125,3,大分県,オオイタケン,Oita,,,,竹田市,タケタシ,Taketa-shi,,,,,,,,,,塩手,シオテ,,,0,0,0,1,0,0,0,0,1947-04-17,,0,,
442089,0000126,3,大分県,オオイタケン,Oita,,,,竹田市,タケタシ,Taketa-shi,,,,,,,,,,塩付,シオツキ,,,0,0,0,1,0,0,0,0,1947-04-17,,0,,
442089,0000127,3,大分県,オオイタケン,Oita,,,,竹田市,タケタシ,Taketa-shi,,,,,,,,,,横平,ヨコヒラ,,,0,0,0,1,0,0,0,0,1947-04-17,,0,,
442089,0000128,3,大分県,オオイタケン,Oita,,,,竹田市,タケタシ,Taketa-shi,,,,,,,,,,横枕,ヨコマクラ,,,0,0,0,1,0,0,0,0,1947-04-17,,0,,
442089,0000129,3,大分県,オオイタケン,Oita,,,,竹田市,タケタシ,Taketa-shi,,,,,,,,,,岡倉,オカクラ,,,0,0,0,1,0,0,0,0,1947-04-17,,0,,
442089,0000130,3,大分県,オオイタケン,Oita,,,,竹田市,タケタシ,Taketa-shi,,,,,,,,,,荻ノ迫,オギノサコ,,,0,0,0,1,0,0,0,0,1947-04-17,,0,,
442089,0000131,3,大分県,オオイタケン,Oita,,,,竹田市,タケタシ,Taketa-shi,,,,,,,,,,荻原,オギワラ,,,0,0,0,1,0,0,0,0,1947-04-17,,0,,
442089,0000132,3,大分県,オオイタケン,Oita,,,,竹田市,タケタシ,Taketa-shi,,,,,,,,,,荻迫,オギサコ,,,0,0,0,1,0,0,0,0,1947-04-17,,0,,
442089,0000133,3,大分県,オオイタケン,Oita,,,,竹田市,タケタシ,Taketa-shi,,,,,,,,,,下ノ原,シモノハル,,,0,0,0,1,0,0,0,0,1947-04-17,,0,,
442089,0000134,3,大分県,オオイタケン,Oita,,,,竹田市,タケタシ,Taketa-shi,,,,,,,,,,下河原,シモガワラ,,,0,0,0,1,0,0,0,0,1947-04-17,,0,,
442089,0000135,3,大分県,オオイタケン,Oita,,,,竹田市,タケタシ,Taketa-shi,,,,,,,,,,下原,シモバル,,,0,0,0,1,0,0,0,0,1947-04-17,,0,,
442089,0000136,3,大分県,オオイタケン,Oita,,,,竹田市,タケタシ,Taketa-shi,,,,,,,,,,下戸,シモト,,,0,0,0,1,0,0,0,0,1947-04-17,,0,,
442089,0000137,3,大分県,オオイタケン,Oita,,,,竹田市,タケタシ,Taketa-shi,,,,,,,,,,下行年,シモユキドシ,,,0,0,0,1,0,0,0,0,1947-04-17,,0,,
442089,0000138,3,大分県,オオイタケン,Oita,,,,竹田市,タケタシ,Taketa-shi,,,,,,,,,,下坂田,シモサカダ,Shimosakada,,0,0,0,1,0,0,0,0,1947-04-17,,0,8780151,
442089,0000139,3,大分県,オオイタケン,Oita,,,,竹田市,タケタシ,Taketa-shi,,,,,,,,,,下志土知,シモシトチ,Shimoshitochi,,0,0,0,1,0,0,0,0,1947-04-17,,0,8780152,
442089,0000140,3,大分県,オオイタケン,Oita,,,,竹田市,タケタシ,Taketa-shi,,,,,,,,,,下深迫,シモフカサコ,,,0,0,0,1,0,0,0,0,1947-04-17,,0,,
442089,0000141,3,大分県,オオイタケン,Oita,,,,竹田市,タケタシ,Taketa-shi,,,,,,,,,,下菅生,シモスゴウ,,,0,0,0,1,0,0,0,0,1947-04-17,,0,,
442089,0000142,3,大分県,オオイタケン,Oita,,,,竹田市,タケタシ,Taketa-shi,,,,,,,,,,下村,シタムラ,,,0,0,0,1,0,0,0,0,1947-04-17,,0,,
442089,0000143,3,大分県,オオイタケン,Oita,,,,竹田市,タケタシ,Taketa-shi,,,,,,,,,,下滝水,シモタキミズ,,,0,0,0,1,0,0,0,0,1947-04-17,,0,,
442089,0000144,3,大分県,オオイタケン,Oita,,,,竹田市,タケタシ,Taketa-shi,,,,,,,,,,下竹,シモタケ,,,0,0,0,1,0,0,0,0,1947-04-17,,0,,
442089,0000145,3,大分県,オオイタケン,Oita,,,,竹田市,タケタシ,Taketa-shi,,,,,,,,,,下津江,シモツエ,,,0,0,0,1,0,0,0,0,1947-04-17,,0,,
442089,0000146,3,大分県,オオイタケン,Oita,,,,竹田市,タケタシ,Taketa-shi,,,,,,,,,,下迫,シモザコ,,,0,0,0,1,0,0,0,0,1947-04-17,,0,,
442089,0000147,3,大分県,オオイタケン,Oita,,,,竹田市,タケタシ,Taketa-shi,,,,,,,,,,下平田,シモヒラタ,,,0,0,0,1,0,0,0,0,1947-04-17,,0,,
442089,0000148,3,大分県,オオイタケン,Oita,,,,竹田市,タケタシ,Taketa-shi,,,,,,,,,,下片ヶ瀬,シモカタガセ,,,0,0,0,1,0,0,0,0,1947-04-17,,0,,
442089,0000149,3,大分県,オオイタケン,Oita,,,,竹田市,タケタシ,Taketa-shi,,,,,,,,,,下木,シタギ,,,0,0,0,1,0,0,0,0,1947-04-17,,0,,
442089,0000150,3,大分県,オオイタケン,Oita,,,,竹田市,タケタシ,Taketa-shi,,,,,,,,,,下矢倉,シモヤクラ,,,0,0,0,1,0,0,0,0,1947-04-17,,0,,
442089,0000151,3,大分県,オオイタケン,Oita,,,,竹田市,タケタシ,Taketa-shi,,,,,,,,,,加生島,カジョウジマ,,,0,0,0,1,0,0,0,0,1947-04-17,,0,,
442089,0000152,3,大分県,オオイタケン,Oita,,,,竹田市,タケタシ,Taketa-shi,,,,,,,,,,加良登,カラト,,,0,0,0,1,0,0,0,0,1947-04-17,,0,,
442089,0000153,3,大分県,オオイタケン,Oita,,,,竹田市,タケタシ,Taketa-shi,,,,,,,,,,家古屋,ヤコヤ,,,0,0,0,1,0,0,0,0,1947-04-17,,0,,
442089,0000154,3,大分県,オオイタケン,Oita,,,,竹田市,タケタシ,Taketa-shi,,,,,,,,,,河宇田,カウダ,,,0,0,0,1,0,0,0,0,1947-04-17,,0,,
442089,0000155,3,大分県,オオイタケン,Oita,,,,竹田市,タケタシ,Taketa-shi,,,,,,,,,,河原立,カワラダテ,,,0,0,0,1,0,0,0,0,1947-04-17,,0,,
442089,0000156,3,大分県,オオイタケン,Oita,,,,竹田市,タケタシ,Taketa-shi,,,,,,,,,,河内,カワチ,,,0,0,0,1,0,0,0,0,1947-04-17,,0,,
442089,0000157,3,大分県,オオイタケン,Oita,,,,竹田市,タケタシ,Taketa-shi,,,,,,,,,,火振,ヒブリ,,,0,0,0,1,0,0,0,0,1947-04-17,,0,,
442089,0000158,3,大分県,オオイタケン,Oita,,,,竹田市,タケタシ,Taketa-shi,,,,,,,,,,火渡,ヒワタリ,,,0,0,0,1,0,0,0,0,1947-04-17,,0,,
442089,0000159,3,大分県,オオイタケン,Oita,,,,竹田市,タケタシ,Taketa-shi,,,,,,,,,,柿ノ木,カキノキ,,,0,0,0,1,0,0,0,0,1947-04-17,,0,,
442089,0000160,3,大分県,オオイタケン,Oita,,,,竹田市,タケタシ,Taketa-shi,,,,,,,,,,柿木,カキノキ,,,0,0,0,1,0,0,0,0,1947-04-17,,0,,
442089,0000161,3,大分県,オオイタケン,Oita,,,,竹田市,タケタシ,Taketa-shi,,,,,,,,,,岳麓寺,ガクロクジ,,,0,0,0,1,0,0,0,0,1947-04-17,,0,,
442089,0000162,3,大分県,オオイタケン,Oita,,,,竹田市,タケタシ,Taketa-shi,,,,,,,,,,梶屋,カジヤ,,,0,0,0,1,0,0,0,0,1947-04-17,,0,,
442089,0000163,3,大分県,オオイタケン,Oita,,,,竹田市,タケタシ,Taketa-shi,,,,,,,,,,滑瀬,ヌメリゼ,,,0,0,0,1,0,0,0,0,1947-04-17,,0,,
442089,0000164,3,大分県,オオイタケン,Oita,,,,竹田市,タケタシ,Taketa-shi,,,,,,,,,,栢木,カヤギ,,,0,0,0,1,0,0,0,0,1947-04-17,,0,,
442089,0000165,3,大分県,オオイタケン,Oita,,,,竹田市,タケタシ,Taketa-shi,,,,,,,,,,刈小野,カリオノ,Kariono,,0,0,0,1,0,0,0,0,1947-04-17,,0,8780164,
442089,0000166,3,大分県,オオイタケン,Oita,,,,竹田市,タケタシ,Taketa-shi,,,,,,,,,,甘橡,アマクヌギ,,,0,0,0,1,0,0,0,0,1947-04-17,,0,,
442089,0000167,3,大分県,オオイタケン,Oita,,,,竹田市,タケタシ,Taketa-shi,,,,,,,,,,丸山,マルヤマ,,,0,0,0,1,0,0,0,0,1947-04-17,,0,,
442089,0000168,3,大分県,オオイタケン,Oita,,,,竹田市,タケタシ,Taketa-shi,,,,,,,,,,岩瀬,イワセ,Iwase,,0,0,0,1,0,0,0,0,1947-04-17,,0,8780022,
442089,0000169,3,大分県,オオイタケン,Oita,,,,竹田市,タケタシ,Taketa-shi,,,,,,,,,,岩本,イワモト,Iwamoto,,0,0,0,1,0,0,0,0,1947-04-17,,0,8780031,
442089,0000170,3,大分県,オオイタケン,Oita,,,,竹田市,タケタシ,Taketa-shi,,,,,,,,,,鬼ヶ城,オニガジョウ,,,0,0,0,1,0,0,0,0,1947-04-17,,0,,
442089,0000171,3,大分県,オオイタケン,Oita,,,,竹田市,タケタシ,Taketa-shi,,,,,,,,,,鬼森,オニモリ,,,0,0,0,1,0,0,0,0,1947-04-17,,0,,
442089,0000172,3,大分県,オオイタケン,Oita,,,,竹田市,タケタシ,Taketa-shi,,,,,,,,,,鬼田,オンダ,,,0,0,0,1,0,0,0,0,1947-04-17,,0,,
442089,0000173,3,大分県,オオイタケン,Oita,,,,竹田市,タケタシ,Taketa-shi,,,,,,,,,,吉野,ヨシノ,,,0,0,0,1,0,0,0,0,1947-04-17,,0,,
442089,0000174,3,大分県,オオイタケン,Oita,,,,竹田市,タケタシ,Taketa-shi,,,,,,,,,,久原,クバル,,,0,0,0,1,0,0,0,0,1947-04-17,,0,,
442089,0000175,3,大分県,オオイタケン,Oita,,,,竹田市,タケタシ,Taketa-shi,,,,,,,,,,久住,クジュウ,,,0,0,0,1,0,0,0,0,1947-04-17,,0,,
442089,0000176,3,大分県,オオイタケン,Oita,,,,竹田市,タケタシ,Taketa-shi,,,,,,,,,,久小野,ヒサシオノ,,,0,0,0,1,0,0,0,0,1947-04-17,,0,,
442089,0000177,3,大分県,オオイタケン,Oita,,,,竹田市,タケタシ,Taketa-shi,,,,,,,,,,久保,クボ,,,0,0,0,1,0,0,0,0,1947-04-17,,0,,
442089,0000178,3,大分県,オオイタケン,Oita,,,,竹田市,タケタシ,Taketa-shi,,,,,,,,,,宮園,ミヤゾノ,,,0,0,0,1,0,0,0,0,1947-04-17,,0,,
442089,0000179,3,大分県,オオイタケン,Oita,,,,竹田市,タケタシ,Taketa-shi,,,,,,,,,,宮原,ミヤバル,,,0,0,0,1,0,0,0,0,1947-04-17,,0,,
442089,0000180,3,大分県,オオイタケン,Oita,,,,竹田市,タケタシ,Taketa-shi,,,,,,,,,,宮戸,ミヤド,,,0,0,0,1,0,0,0,0,1947-04-17,,0,,
442089,0000181,3,大分県,オオイタケン,Oita,,,,竹田市,タケタシ,Taketa-shi,,,,,,,,,,弓折,ユミオリ,,,0,0,0,1,0,0,0,0,1947-04-17,,0,,
442089,0000182,3,大分県,オオイタケン,Oita,,,,竹田市,タケタシ,Taketa-shi,,,,,,,,,,弓木,ユミギ,,,0,0,0,1,0,0,0,0,1947-04-17,,0,,
442089,0000183,3,大分県,オオイタケン,Oita,,,,竹田市,タケタシ,Taketa-shi,,,,,,,,,,境川,サカイガワ,,,0,0,0,1,0,0,0,0,1947-04-17,,0,,
442089,0000184,3,大分県,オオイタケン,Oita,,,,竹田市,タケタシ,Taketa-shi,,,,,,,,,,橋宇津,ハシウヅ,,,0,0,0,1,0,0,0,0,1947-04-17,,0,,
442089,0000185,3,大分県,オオイタケン,Oita,,,,竹田市,タケタシ,Taketa-shi,,,,,,,,,,橋本,ハシノモト,,,0,0,0,1,0,0,0,0,1947-04-17,,0,,
442089,0000186,3,大分県,オオイタケン,Oita,,,,竹田市,タケタシ,Taketa-shi,,,,,,,,,,鏡,カガミ,,,0,0,0,1,0,0,0,0,1947-04-17,,0,,
442089,0000187,3,大分県,オオイタケン,Oita,,,,竹田市,タケタシ,Taketa-shi,,,,,,,,,,玉来,タマライ,Tamarai,,0,0,0,1,0,0,0,0,1947-04-17,,0,8780024,
442089,0000188,3,大分県,オオイタケン,Oita,,,,竹田市,タケタシ,Taketa-shi,,,,,,,,,,芹川,セリカワ,,,0,0,0,1,0,0,0,0,1947-04-17,,0,,
442089,0000189,3,大分県,オオイタケン,Oita,,,,竹田市,タケタシ,Taketa-shi,,,,,,,,,,金剛寺,コンゴウジ,,,0,0,0,1,0,0,0,0,1947-04-17,,0,,
442089,0000190,3,大分県,オオイタケン,Oita,,,,竹田市,タケタシ,Taketa-shi,,,,,,,,,,熊地,クマジ,,,0,0,0,1,0,0,0,0,1947-04-17,,0,,
442089,0000191,3,大分県,オオイタケン,Oita,,,,竹田市,タケタシ,Taketa-shi,,,,,,,,,,栗戸,クリド,,,0,0,0,1,0,0,0,0,1947-04-17,,0,,
442089,0000192,3,大分県,オオイタケン,Oita,,,,竹田市,タケタシ,Taketa-shi,,,,,,,,,,桑畑,クワバタ,,,0,0,0,1,0,0,0,0,1947-04-17,,0,,
442089,0000193,3,大分県,オオイタケン,Oita,,,,竹田市,タケタシ,Taketa-shi,,,,,,,,,,桑木,クワギ,,,0,0,0,1,0,0,0,0,1947-04-17,,0,,
442089,0000194,3,大分県,オオイタケン,Oita,,,,竹田市,タケタシ,Taketa-shi,,,,,,,,,,君ヶ園,キミガソノ,Kimigasono,,0,0,0,1,0,0,0,0,1947-04-17,,0,8780023,
442089,0000195,3,大分県,オオイタケン,Oita,,,,竹田市,タケタシ,Taketa-shi,,,,,,,,,,恵良,エラ,,,0,0,0,1,0,0,0,0,1947-04-17,,0,,
442089,0000196,3,大分県,オオイタケン,Oita,,,,竹田市,タケタシ,Taketa-shi,,,,,,,,,,恵良原,エラハル,,,0,0,0,1,0,0,0,0,1947-04-17,,0,,
442089,0000197,3,大分県,オオイタケン,Oita,,,,竹田市,タケタシ,Taketa-shi,,,,,,,,,,穴井迫,アナイザコ,Anaizako,,0,0,0,1,0,0,0,0,1947-04-17,,0,8780021,
442089,0000198,3,大分県,オオイタケン,Oita,,,,竹田市,タケタシ,Taketa-shi,,,,,,,,,,建宮,タテミヤ,,,0,0,0,1,0,0,0,0,1947-04-17,,0,,
442089,0000199,3,大分県,オオイタケン,Oita,,,,竹田市,タケタシ,Taketa-shi,,,,,,,,,,原,ハル,,,0,0,0,1,0,0,0,0,1947-04-17,,0,,
442089,0000200,3,大分県,オオイタケン,Oita,,,,竹田市,タケタシ,Taketa-shi,,,,,,,,,,原口,ハラグチ,,,0,0,0,1,0,0,0,0,1947-04-17,,0,,
442089,0000201,3,大分県,オオイタケン,Oita,,,,竹田市,タケタシ,Taketa-shi,,,,,,,,,,原山,ハルヤマ,,,0,0,0,1,0,0,0,0,1947-04-17,,0,,
442089,0000202,3,大分県,オオイタケン,Oita,,,,竹田市,タケタシ,Taketa-shi,,,,,,,,,,古園,フルゾノ,Furuzono,,0,0,0,1,0,0,0,0,1947-04-17,,0,8780146,
442089,0000203,3,大分県,オオイタケン,Oita,,,,竹田市,タケタシ,Taketa-shi,,,,,,,,,,古屋敷,フルヤシキ,,,0,0,0,1,0,0,0,0,1947-04-17,,0,,
442089,0000204,3,大分県,オオイタケン,Oita,,,,竹田市,タケタシ,Taketa-shi,,,,,,,,,,古賀,コガ,,,0,0,0,1,0,0,0,0,1947-04-17,,0,,
442089,0000205,3,大分県,オオイタケン,Oita,,,,竹田市,タケタシ,Taketa-shi,,,,,,,,,,古市,フルイチ,,,0,0,0,1,0,0,0,0,1947-04-17,,0,,
442089,0000206,3,大分県,オオイタケン,Oita,,,,竹田市,タケタシ,Taketa-shi,,,,,,,,,,五反切,ゴタンギレ,,,0,0,0,1,0,0,0,0,1947-04-17,,0,,
442089,0000207,3,大分県,オオイタケン,Oita,,,,竹田市,タケタシ,Taketa-shi,,,,,,,,,,御園,オゾノ,,,0,0,0,1,0,0,0,0,1947-04-17,,0,,
442089,0000208,3,大分県,オオイタケン,Oita,,,,竹田市,タケタシ,Taketa-shi,,,,,,,,,,向園,ムカイゾノ,,,0,0,0,1,0,0,0,0,1947-04-17,,0,,
442089,0000209,3,大分県,オオイタケン,Oita,,,,竹田市,タケタシ,Taketa-shi,,,,,,,,,,向岳,ムコウダケ,,,0,0,0,1,0,0,0,0,1947-04-17,,0,,
442089,0000210,3,大分県,オオイタケン,Oita,,,,竹田市,タケタシ,Taketa-shi,,,,,,,,,,向原,ムコウバル,,,0,0,0,1,0,0,0,0,1947-04-17,,0,,
442089,0000211,3,大分県,オオイタケン,Oita,,,,竹田市,タケタシ,Taketa-shi,,,,,,,,,,向山手,ムコウヤマテ,,,0,0,0,1,0,0,0,0,1947-04-17,,0,,
442089,0000212,3,大分県,オオイタケン,Oita,,,,竹田市,タケタシ,Taketa-shi,,,,,,,,,,荒巻,アラマキ,,,0,0,0,1,0,0,0,0,1947-04-17,,0,,
442089,0000213,3,大分県,オオイタケン,Oita,,,,竹田市,タケタシ,Taketa-shi,,,,,,,,,,高源寺,コウゲンジ,,,0,0,0,1,0,0,0,0,1947-04-17,,0,,
442089,0000214,3,大分県,オオイタケン,Oita,,,,竹田市,タケタシ,Taketa-shi,,,,,,,,,,高山,タカヤマ,,,0,0,0,1,0,0,0,0,1947-04-17,,0,,
442089,0000215,3,大分県,オオイタケン,Oita,,,,竹田市,タケタシ,Taketa-shi,,,,,,,,,,高伏,タカブシ,Takabushi,,0,0,0,1,0,0,0,0,1947-04-17,,0,8780144,
442089,0000216,3,大分県,オオイタケン,Oita,,,,竹田市,タケタシ,Taketa-shi,,,,,,,,,,高野岳,コウノタケ,,,0,0,0,1,0,0,0,0,1947-04-17,,0,,
442089,0000217,3,大分県,オオイタケン,Oita,,,,竹田市,タケタシ,Taketa-shi,,,,,,,,,,轟木,トドロキ,,,0,0,0,1,0,0,0,0,1947-04-17,,0,,
442089,0000218,3,大分県,オオイタケン,Oita,,,,竹田市,タケタシ,Taketa-shi,,,,,,,,,,国形,クニガタ,,,0,0,0,1,0,0,0,0,1947-04-17,,0,,
442089,0000219,3,大分県,オオイタケン,Oita,,,,竹田市,タケタシ,Taketa-shi,,,,,,,,,,国重,クニシゲ,,,0,0,0,1,0,0,0,0,1947-04-17,,0,,
442089,0000220,3,大分県,オオイタケン,Oita,,,,竹田市,タケタシ,Taketa-shi,,,,,,,,,,国方,クニガタ,,,0,0,0,1,0,0,0,0,1947-04-17,,0,,
442089,0000221,3,大分県,オオイタケン,Oita,,,,竹田市,タケタシ,Taketa-shi,,,,,,,,,,今村,イマムラ,,,0,0,0,1,0,0,0,0,1947-04-17,,0,,
442089,0000222,3,大分県,オオイタケン,Oita,,,,竹田市,タケタシ,Taketa-shi,,,,,,,,,,紺屋,コウヤ,,,0,0,0,1,0,0,0,0,1947-04-17,,0,,
442089,0000223,3,大分県,オオイタケン,Oita,,,,竹田市,タケタシ,Taketa-shi,,,,,,,,,,坂下,サカシタ,,,0,0,0,1,0,0,0,0,1947-04-17,,0,,
442089,0000224,3,大分県,オオイタケン,Oita,,,,竹田市,タケタシ,Taketa-shi,,,,,,,,,,坂小野津留,サカオノツル,,,0,0,0,1,0,0,0,0,1947-04-17,,0,,
442089,0000225,3,大分県,オオイタケン,Oita,,,,竹田市,タケタシ,Taketa-shi,,,,,,,,,,坂折,サカオリ,,,0,0,0,1,0,0,0,0,1947-04-17,,0,,
442089,0000226,3,大分県,オオイタケン,Oita,,,,竹田市,タケタシ,Taketa-shi,,,,,,,,,,崎山,サキヤマ,,,0,0,0,1,0,0,0,0,1947-04-17,,0,,
442089,0000227,3,大分県,オオイタケン,Oita,,,,竹田市,タケタシ,Taketa-shi,,,,,,,,,,桜瀬,サクラゼ,,,0,0,0,1,0,0,0,0,1947-04-17,,0,,
442089,0000228,3,大分県,オオイタケン,Oita,,,,竹田市,タケタシ,Taketa-shi,,,,,,,,,,桜町,サクラマチ,,,0,0,0,1,0,0,0,0,1947-04-17,,0,,
442089,0000229,3,大分県,オオイタケン,Oita,,,,竹田市,タケタシ,Taketa-shi,,,,,,,,,,笹川,ササガワ,,,0,0,0,1,0,0,0,0,1947-04-17,,0,,
442089,0000230,3,大分県,オオイタケン,Oita,,,,竹田市,タケタシ,Taketa-shi,,,,,,,,,,笹平,ササビラ,,,0,0,0,1,0,0,0,0,1947-04-17,,0,,
442089,0000231,3,大分県,オオイタケン,Oita,,,,竹田市,タケタシ,Taketa-shi,,,,,,,,,,笹無田,ササムタ,,,0,0,0,1,0,0,0,0,1947-04-17,,0,,
442089,0000232,3,大分県,オオイタケン,Oita,,,,竹田市,タケタシ,Taketa-shi,,,,,,,,,,三本松,サンボンマツ,,,0,0,0,1,0,0,0,0,1947-04-17,,0,,
442089,0000233,3,大分県,オオイタケン,Oita,,,,竹田市,タケタシ,Taketa-shi,,,,,,,,,,山浦,ヤマウラ,,,0,0,0,1,0,0,0,0,1947-04-17,,0,,
442089,0000234,3,大分県,オオイタケン,Oita,,,,竹田市,タケタシ,Taketa-shi,,,,,,,,,,山崎,ヤマザキ,,,0,0,0,1,0,0,0,0,1947-04-17,,0,,
442089,0000235,3,大分県,オオイタケン,Oita,,,,竹田市,タケタシ,Taketa-shi,,,,,,,,,,山手,ヤマテ,,,0,0,0,1,0,0,0,0,1947-04-17,,0,,
442089,0000236,3,大分県,オオイタケン,Oita,,,,竹田市,タケタシ,Taketa-shi,,,,,,,,,,山中,ヤマナカ,,,0,0,0,1,0,0,0,0,1947-04-17,,0,,
442089,0000237,3,大分県,オオイタケン,Oita,,,,竹田市,タケタシ,Taketa-shi,,,,,,,,,,山田,ヤマダ,,,0,0,0,1,0,0,0,0,1947-04-17,,0,,
442089,0000238,3,大分県,オオイタケン,Oita,,,,竹田市,タケタシ,Taketa-shi,,,,,,,,,,山路,ヤマジ,,,0,0,0,1,0,0,0,0,1947-04-17,,0,,
442089,0000239,3,大分県,オオイタケン,Oita,,,,竹田市,タケタシ,Taketa-shi,,,,,,,,,,四ッ口,ヨツクチ,,,0,0,0,1,0,0,0,0,1947-04-17,,0,,
442089,0000240,3,大分県,オオイタケン,Oita,,,,竹田市,タケタシ,Taketa-shi,,,,,,,,,,姿,スガタ,,,0,0,0,1,0,0,0,0,1947-04-17,,0,,
442089,0000241,3,大分県,オオイタケン,Oita,,,,竹田市,タケタシ,Taketa-shi,,,,,,,,,,市,イチ,,,0,0,0,1,0,0,0,0,1947-04-17,,0,,
442089,0000242,3,大分県,オオイタケン,Oita,,,,竹田市,タケタシ,Taketa-shi,,,,,,,,,,市用,イチモチ,Ichimochi,,0,0,0,1,0,0,0,0,1947-04-17,,0,8780153,
442089,0000243,3,大分県,オオイタケン,Oita,,,,竹田市,タケタシ,Taketa-shi,,,,,,,,,,志土知,シトチ,Shitochi,,0,0,0,1,0,0,0,0,1947-04-17,,0,8780155,
442089,0000244,3,大分県,オオイタケン,Oita,,,,竹田市,タケタシ,Taketa-shi,,,,,,,,,,枝,エダ,Eda,,0,0,0,1,0,0,0,0,1947-04-17,,0,8780002,
442089,0000245,3,大分県,オオイタケン,Oita,,,,竹田市,タケタシ,Taketa-shi,,,,,,,,,,紙漉,カミスキ,,,0,0,0,1,0,0,0,0,1947-04-17,,0,,
442089,0000246,3,大分県,オオイタケン,Oita,,,,竹田市,タケタシ,Taketa-shi,,,,,,,,,,寺ノ前,テラノマエ,,,0,0,0,1,0,0,0,0,1947-04-17,,0,,
442089,0000247,3,大分県,オオイタケン,Oita,,,,竹田市,タケタシ,Taketa-shi,,,,,,,,,,寺原,テラバル,,,0,0,0,1,0,0,0,0,1947-04-17,,0,,
442089,0000248,3,大分県,オオイタケン,Oita,,,,竹田市,タケタシ,Taketa-shi,,,,,,,,,,次倉,ツギクラ,Tsugikura,,0,0,0,1,0,0,0,0,1947-04-17,,0,8780571,
442089,0000249,3,大分県,オオイタケン,Oita,,,,竹田市,タケタシ,Taketa-shi,,,,,,,,,,鹿口,カグチ,,,0,0,0,1,0,0,0,0,1947-04-17,,0,,
442089,0000250,3,大分県,オオイタケン,Oita,,,,竹田市,タケタシ,Taketa-shi,,,,,,,,,,七里,シチリ,,,0,0,0,1,0,0,0,0,1947-04-17,,0,,
442089,0000251,3,大分県,オオイタケン,Oita,,,,竹田市,タケタシ,Taketa-shi,,,,,,,,,,七里田,シチリダ,,,0,0,0,1,0,0,0,0,1947-04-17,,0,,
442089,0000252,3,大分県,オオイタケン,Oita,,,,竹田市,タケタシ,Taketa-shi,,,,,,,,,,室,ムロ,,,0,0,0,1,0,0,0,0,1947-04-17,,0,,
442089,0000253,3,大分県,オオイタケン,Oita,,,,竹田市,タケタシ,Taketa-shi,,,,,,,,,,漆迫,ウルシサコ,,,0,0,0,1,0,0,0,0,1947-04-17,,0,,
442089,0000254,3,大分県,オオイタケン,Oita,,,,竹田市,タケタシ,Taketa-shi,,,,,,,,,,篠田,シノダ,,,0,0,0,1,0,0,0,0,1947-04-17,,0,,
442089,0000255,3,大分県,オオイタケン,Oita,,,,竹田市,タケタシ,Taketa-shi,,,,,,,,,,篠尾,ササノオ,,,0,0,0,1,0,0,0,0,1947-04-17,,0,,
442089,0000256,3,大分県,オオイタケン,Oita,,,,竹田市,タケタシ,Taketa-shi,,,,,,,,,,芝原,シバハル,,,0,0,0,1,0,0,0,0,1947-04-17,,0,,
442089,0000257,3,大分県,オオイタケン,Oita,,,,竹田市,タケタシ,Taketa-shi,,,,,,,,,,社家,シャケ,,,0,0,0,1,0,0,0,0,1947-04-17,,0,,
442089,0000258,3,大分県,オオイタケン,Oita,,,,竹田市,タケタシ,Taketa-shi,,,,,,,,,,十一,ジュウイチ,,,0,0,0,1,0,0,0,0,1947-04-17,,0,,
442089,0000259,3,大分県,オオイタケン,Oita,,,,竹田市,タケタシ,Taketa-shi,,,,,,,,,,十角,トスミ,,,0,0,0,1,0,0,0,0,1947-04-17,,0,,
442089,0000260,3,大分県,オオイタケン,Oita,,,,竹田市,タケタシ,Taketa-shi,,,,,,,,,,十川,ソウカワ,,,0,0,0,1,0,0,0,0,1947-04-17,,0,,
442089,0000261,3,大分県,オオイタケン,Oita,,,,竹田市,タケタシ,Taketa-shi,,,,,,,,,,出合,デアイ,,,0,0,0,1,0,0,0,0,1947-04-17,,0,,
442089,0000262,3,大分県,オオイタケン,Oita,,,,竹田市,タケタシ,Taketa-shi,,,,,,,,,,小河内,オゴウチ,,,0,0,0,1,0,0,0,0,1947-04-17,,0,,
442089,0000263,3,大分県,オオイタケン,Oita,,,,竹田市,タケタシ,Taketa-shi,,,,,,,,,,小賀,コガ,,,0,0,0,1,0,0,0,0,1947-04-17,,0,,
442089,0000264,3,大分県,オオイタケン,Oita,,,,竹田市,タケタシ,Taketa-shi,,,,,,,,,,小岩本,コイワモト,,,0,0,0,1,0,0,0,0,1947-04-17,,0,,
442089,0000265,3,大分県,オオイタケン,Oita,,,,竹田市,タケタシ,Taketa-shi,,,,,,,,,,小高野,コダカノ,,,0,0,0,1,0,0,0,0,1947-04-17,,0,,
442089,0000266,3,大分県,オオイタケン,Oita,,,,竹田市,タケタシ,Taketa-shi,,,,,,,,,,小坂,オサカ,,,0,0,0,1,0,0,0,0,1947-04-17,,0,,
442089,0000267,3,大分県,オオイタケン,Oita,,,,竹田市,タケタシ,Taketa-shi,,,,,,,,,,小新藤,コシンドウ,,,0,0,0,1,0,0,0,0,1947-04-17,,0,,
442089,0000268,3,大分県,オオイタケン,Oita,,,,竹田市,タケタシ,Taketa-shi,,,,,,,,,,小川,オガワ,Ogawa,,0,0,0,1,0,0,0,0,1947-04-17,,0,8780141,
442089,0000269,3,大分県,オオイタケン,Oita,,,,竹田市,タケタシ,Taketa-shi,,,,,,,,,,小倉,オクラ,,,0,0,0,1,0,0,0,0,1947-04-17,,0,,
442089,0000270,3,大分県,オオイタケン,Oita,,,,竹田市,タケタシ,Taketa-shi,,,,,,,,,,小仲尾,コナカオ,,,0,0,0,1,0,0,0,0,1947-04-17,,0,,
442089,0000271,3,大分県,オオイタケン,Oita,,,,竹田市,タケタシ,Taketa-shi,,,,,,,,,,小津留,オヅル,,,0,0,0,1,0,0,0,0,1947-04-17,,0,,
442089,0000272,3,大分県,オオイタケン,Oita,,,,竹田市,タケタシ,Taketa-shi,,,,,,,,,,小塚,オヅカ,Ozuka,,0,0,0,1,0,0,0,0,1947-04-17,,0,8796181,
442089,0000273,3,大分県,オオイタケン,Oita,,,,竹田市,タケタシ,Taketa-shi,,,,,,,,,,小畑,オバタケ,,,0,0,0,1,0,0,0,0,1947-04-17,,0,,
442089,0000274,3,大分県,オオイタケン,Oita,,,,竹田市,タケタシ,Taketa-shi,,,,,,,,,,小平田,コビラタ,,,0,0,0,1,0,0,0,0,1947-04-17,,0,,
442089,0000275,3,大分県,オオイタケン,Oita,,,,竹田市,タケタシ,Taketa-shi,,,,,,,,,,小峰,オムネ,,,0,0,0,1,0,0,0,0,1947-04-17,,0,,
442089,0000276,3,大分県,オオイタケン,Oita,,,,竹田市,タケタシ,Taketa-shi,,,,,,,,,,小野,オノ,,,0,0,0,1,0,0,0,0,1947-04-17,,0,,
442089,0000277,3,大分県,オオイタケン,Oita,,,,竹田市,タケタシ,Taketa-shi,,,,,,,,,,小柳,コヤナギ,,,0,0,0,1,0,0,0,0,1947-04-17,,0,,
442089,0000278,3,大分県,オオイタケン,Oita,,,,竹田市,タケタシ,Taketa-shi,,,,,,,,,,小路,コウジ,,,0,0,0,1,0,0,0,0,1947-04-17,,0,,
442089,0000279,3,大分県,オオイタケン,Oita,,,,竹田市,タケタシ,Taketa-shi,,,,,,,,,,庄司,ショウジ,,,0,0,0,1,0,0,0,0,1947-04-17,,0,,
442089,0000280,3,大分県,オオイタケン,Oita,,,,竹田市,タケタシ,Taketa-shi,,,,,,,,,,上角,ウエツノ,,,0,0,0,1,0,0,0,0,1947-04-17,,0,,
442089,0000281,3,大分県,オオイタケン,Oita,,,,竹田市,タケタシ,Taketa-shi,,,,,,,,,,上行年,カミユキドシ,,,0,0,0,1,0,0,0,0,1947-04-17,,0,,
442089,0000282,3,大分県,オオイタケン,Oita,,,,竹田市,タケタシ,Taketa-shi,,,,,,,,,,上今,カミイマ,,,0,0,0,1,0,0,0,0,1947-04-17,,0,,
442089,0000283,3,大分県,オオイタケン,Oita,,,,竹田市,タケタシ,Taketa-shi,,,,,,,,,,上坂下,カミサカシタ,,,0,0,0,1,0,0,0,0,1947-04-17,,0,,
442089,0000284,3,大分県,オオイタケン,Oita,,,,竹田市,タケタシ,Taketa-shi,,,,,,,,,,上坂田西,カミサカダニシ,,,0,0,0,1,0,0,0,0,1947-04-17,,0,,
442089,0000285,3,大分県,オオイタケン,Oita,,,,竹田市,タケタシ,Taketa-shi,,,,,,,,,,上坂田東,カミサカダヒガシ,,,0,0,0,1,0,0,0,0,1947-04-17,,0,,
442089,0000286,3,大分県,オオイタケン,Oita,,,,竹田市,タケタシ,Taketa-shi,,,,,,,,,,上鹿口,カミカグチ,,,0,0,0,1,0,0,0,0,1947-04-17,,0,,
442089,0000287,3,大分県,オオイタケン,Oita,,,,竹田市,タケタシ,Taketa-shi,,,,,,,,,,上深迫,カミフカサコ,,,0,0,0,1,0,0,0,0,1947-04-17,,0,,
442089,0000288,3,大分県,オオイタケン,Oita,,,,竹田市,タケタシ,Taketa-shi,,,,,,,,,,上菅生,カミスゴウ,,,0,0,0,1,0,0,0,0,1947-04-17,,0,,
442089,0000289,3,大分県,オオイタケン,Oita,,,,竹田市,タケタシ,Taketa-shi,,,,,,,,,,上畑,カミハタ,Kamihata,,0,0,0,1,0,0,0,0,1947-04-17,,0,8780163,
442089,0000290,3,大分県,オオイタケン,Oita,,,,竹田市,タケタシ,Taketa-shi,,,,,,,,,,上平田,カミヒラタ,,,0,0,0,1,0,0,0,0,1947-04-17,,0,,
442089,0000291,3,大分県,オオイタケン,Oita,,,,竹田市,タケタシ,Taketa-shi,,,,,,,,,,上片ヶ瀬,カミカタカゼ,,,0,0,0,1,0,0,0,0,1947-04-17,,0,,
442089,0000292,3,大分県,オオイタケン,Oita,,,,竹田市,タケタシ,Taketa-shi,,,,,,,,,,上野,ウエノ,,,0,0,0,1,0,0,0,0,1947-04-17,,0,,
442089,0000293,3,大分県,オオイタケン,Oita,,,,竹田市,タケタシ,Taketa-shi,,,,,,,,,,城後,ジョウゴ,,,0,0,0,1,0,0,0,0,1947-04-17,,0,,
442089,0000294,3,大分県,オオイタケン,Oita,,,,竹田市,タケタシ,Taketa-shi,,,,,,,,,,城北町,ジョウホクマチ,,,0,0,0,1,0,0,0,0,1947-04-17,,0,,
442089,0000295,3,大分県,オオイタケン,Oita,,,,竹田市,タケタシ,Taketa-shi,,,,,,,,,,浄土,ジョウド,,,0,0,0,1,0,0,0,0,1947-04-17,,0,,
442089,0000296,3,大分県,オオイタケン,Oita,,,,竹田市,タケタシ,Taketa-shi,,,,,,,,,,振顔野,フルガオノ,,,0,0,0,1,0,0,0,0,1947-04-17,,0,,
442089,0000297,3,大分県,オオイタケン,Oita,,,,竹田市,タケタシ,Taketa-shi,,,,,,,,,,新屋敷,シンヤシキ,,,0,0,0,1,0,0,0,0,1947-04-17,,0,,
442089,0000298,3,大分県,オオイタケン,Oita,,,,竹田市,タケタシ,Taketa-shi,,,,,,,,,,新田,ニイダ,,,0,0,0,1,0,0,0,0,1947-04-17,,0,,
442089,0000299,3,大分県,オオイタケン,Oita,,,,竹田市,タケタシ,Taketa-shi,,,,,,,,,,新藤,シンドウ,,,0,0,0,1,0,0,0,0,1947-04-17,,0,,
442089,0000300,3,大分県,オオイタケン,Oita,,,,竹田市,タケタシ,Taketa-shi,,,,,,,,,,新道,シンドウ,,,0,0,0,1,0,0,0,0,1947-04-17,,0,,
442089,0000301,3,大分県,オオイタケン,Oita,,,,竹田市,タケタシ,Taketa-shi,,,,,,,,,,森屋,モリヤ,,,0,0,0,1,0,0,0,0,1947-04-17,,0,,
442089,0000302,3,大分県,オオイタケン,Oita,,,,竹田市,タケタシ,Taketa-shi,,,,,,,,,,深瀬,フカゼ,,,0,0,0,1,0,0,0,0,1947-04-17,,0,,
442089,0000303,3,大分県,オオイタケン,Oita,,,,竹田市,タケタシ,Taketa-shi,,,,,,,,,,真菰,マコモ,,,0,0,0,1,0,0,0,0,1947-04-17,,0,,
442089,0000304,3,大分県,オオイタケン,Oita,,,,竹田市,タケタシ,Taketa-shi,,,,,,,,,,真米,マゴメ,,,0,0,0,1,0,0,0,0,1947-04-17,,0,,
442089,0000305,3,大分県,オオイタケン,Oita,,,,竹田市,タケタシ,Taketa-shi,,,,,,,,,,真法院,シンポウイン,,,0,0,0,1,0,0,0,0,1947-04-17,,0,,
442089,0000306,3,大分県,オオイタケン,Oita,,,,竹田市,タケタシ,Taketa-shi,,,,,,,,,,神ノ原,カミノハラ,,,0,0,0,1,0,0,0,0,1947-04-17,,0,,
442089,0000307,3,大分県,オオイタケン,Oita,,,,竹田市,タケタシ,Taketa-shi,,,,,,,,,,神宮寺,ジングウジ,,,0,0,0,1,0,0,0,0,1947-04-17,,0,,
442089,0000308,3,大分県,オオイタケン,Oita,,,,竹田市,タケタシ,Taketa-shi,,,,,,,,,,神原,コウバル,Kobaru,,0,0,0,1,0,0,0,0,1947-04-17,,0,8780574,
442089,0000309,3,大分県,オオイタケン,Oita,,,,竹田市,タケタシ,Taketa-shi,,,,,,,,,,神馬,カンバ,,,0,0,0,1,0,0,0,0,1947-04-17,,0,,
442089,0000310,3,大分県,オオイタケン,Oita,,,,竹田市,タケタシ,Taketa-shi,,,,,,,,,,神鉢,コウバチ,,,0,0,0,1,0,0,0,0,1947-04-17,,0,,
442089,0000311,3,大分県,オオイタケン,Oita,,,,竹田市,タケタシ,Taketa-shi,,,,,,,,,,須郷,スゴウ,,,0,0,0,1,0,0,0,0,1947-04-17,,0,,
442089,0000312,3,大分県,オオイタケン,Oita,,,,竹田市,タケタシ,Taketa-shi,,,,,,,,,,須崎,スサキ,,,0,0,0,1,0,0,0,0,1947-04-17,,0,,
442089,0000313,3,大分県,オオイタケン,Oita,,,,竹田市,タケタシ,Taketa-shi,,,,,,,,,,水ヶ迫,ミズガサコ,,,0,0,0,1,0,0,0,0,1947-04-17,,0,,
442089,0000314,3,大分県,オオイタケン,Oita,,,,竹田市,タケタシ,Taketa-shi,,,,,,,,,,水口,ミズクチ,,,0,0,0,1,0,0,0,0,1947-04-17,,0,,
442089,0000315,3,大分県,オオイタケン,Oita,,,,竹田市,タケタシ,Taketa-shi,,,,,,,,,,杉園,スギゾノ,,,0,0,0,1,0,0,0,0,1947-04-17,,0,,
442089,0000316,3,大分県,オオイタケン,Oita,,,,竹田市,タケタシ,Taketa-shi,,,,,,,,,,杉小野,スギオノ,,,0,0,0,1,0,0,0,0,1947-04-17,,0,,
442089,0000317,3,大分県,オオイタケン,Oita,,,,竹田市,タケタシ,Taketa-shi,,,,,,,,,,菅生,スゴウ,Sugo,,0,0,0,1,0,0,0,0,1947-04-17,,0,8796184,
442089,0000318,3,大分県,オオイタケン,Oita,,,,竹田市,タケタシ,Taketa-shi,,,,,,,,,,瀬ノ口,セノクチ,,,0,0,0,1,0,0,0,0,1947-04-17,,0,,
442089,0000319,3,大分県,オオイタケン,Oita,,,,竹田市,タケタシ,Taketa-shi,,,,,,,,,,瀬口,セグチ,,,0,0,0,1,0,0,0,0,1947-04-17,,0,,
442089,0000320,3,大分県,オオイタケン,Oita,,,,竹田市,タケタシ,Taketa-shi,,,,,,,,,,瀬目,セメ,,,0,0,0,1,0,0,0,0,1947-04-17,,0,,
442089,0000321,3,大分県,オオイタケン,Oita,,,,竹田市,タケタシ,Taketa-shi,,,,,,,,,,政所,マドコロ,,,0,0,0,1,0,0,0,0,1947-04-17,,0,,
442089,0000322,3,大分県,オオイタケン,Oita,,,,竹田市,タケタシ,Taketa-shi,,,,,,,,,,西園,ニシゾノ,,,0,0,0,1,0,0,0,0,1947-04-17,,0,,
442089,0000323,3,大分県,オオイタケン,Oita,,,,竹田市,タケタシ,Taketa-shi,,,,,,,,,,西原,ニシバル,,,0,0,0,1,0,0,0,0,1947-04-17,,0,,
442089,0000324,3,大分県,オオイタケン,Oita,,,,竹田市,タケタシ,Taketa-shi,,,,,,,,,,西戸上,ニシトウエ,,,0,0,0,1,0,0,0,0,1947-04-17,,0,,
442089,0000325,3,大分県,オオイタケン,Oita,,,,竹田市,タケタシ,Taketa-shi,,,,,,,,,,青柳,アオヤ,,,0,0,0,1,0,0,0,0,1947-04-17,,0,,
442089,0000326,3,大分県,オオイタケン,Oita,,,,竹田市,タケタシ,Taketa-shi,,,,,,,,,,石ノ原,イシノハル,,,0,0,0,1,0,0,0,0,1947-04-17,,0,,
442089,0000327,3,大分県,オオイタケン,Oita,,,,竹田市,タケタシ,Taketa-shi,,,,,,,,,,石井,イシイ,,,0,0,0,1,0,0,0,0,1947-04-17,,0,,
442089,0000328,3,大分県,オオイタケン,Oita,,,,竹田市,タケタシ,Taketa-shi,,,,,,,,,,石原,イシワラ,,,0,0,0,1,0,0,0,0,1947-04-17,,0,,
442089,0000329,3,大分県,オオイタケン,Oita,,,,竹田市,タケタシ,Taketa-shi,,,,,,,,,,石田,イシダ,,,0,0,0,1,0,0,0,0,1947-04-17,,0,,
442089,0000330,3,大分県,オオイタケン,Oita,,,,竹田市,タケタシ,Taketa-shi,,,,,,,,,,赤岩,アカイワ,,,0,0,0,1,0,0,0,0,1947-04-17,,0,,
442089,0000331,3,大分県,オオイタケン,Oita,,,,竹田市,タケタシ,Taketa-shi,,,,,,,,,,赤坂,アカサコ,,,0,0,0,1,0,0,0,0,1947-04-17,,0,,
442089,0000332,3,大分県,オオイタケン,Oita,,,,竹田市,タケタシ,Taketa-shi,,,,,,,,,,赤川,アカガワ,,,0,0,0,1,0,0,0,0,1947-04-17,,0,,
442089,0000333,3,大分県,オオイタケン,Oita,,,,竹田市,タケタシ,Taketa-shi,,,,,,,,,,切渡,キリワタリ,,,0,0,0,1,0,0,0,0,1947-04-17,,0,,
442089,0000334,3,大分県,オオイタケン,Oita,,,,竹田市,タケタシ,Taketa-shi,,,,,,,,,,折立,オリタテ,,,0,0,0,1,0,0,0,0,1947-04-17,,0,,
442089,0000335,3,大分県,オオイタケン,Oita,,,,竹田市,タケタシ,Taketa-shi,,,,,,,,,,千引,センビキ,,,0,0,0,1,0,0,0,0,1947-04-17,,0,,
442089,0000336,3,大分県,オオイタケン,Oita,,,,竹田市,タケタシ,Taketa-shi,,,,,,,,,,千人塚,センニンヅカ,,,0,0,0,1,0,0,0,0,1947-04-17,,0,,
442089,0000337,3,大分県,オオイタケン,Oita,,,,竹田市,タケタシ,Taketa-shi,,,,,,,,,,川宇田,カワウダ,,,0,0,0,1,0,0,0,0,1947-04-17,,0,,
442089,0000338,3,大分県,オオイタケン,Oita,,,,竹田市,タケタシ,Taketa-shi,,,,,,,,,,川向,カワムコウ,,,0,0,0,1,0,0,0,0,1947-04-17,,0,,
442089,0000339,3,大分県,オオイタケン,Oita,,,,竹田市,タケタシ,Taketa-shi,,,,,,,,,,泉水,センズイ,,,0,0,0,1,0,0,0,0,1947-04-17,,0,,
442089,0000340,3,大分県,オオイタケン,Oita,,,,竹田市,タケタシ,Taketa-shi,,,,,,,,,,前,マエ,,,0,0,0,1,0,0,0,0,1947-04-17,,0,,
442089,0000341,3,大分県,オオイタケン,Oita,,,,竹田市,タケタシ,Taketa-shi,,,,,,,,,,前原,マヘハラ,,,0,0,0,1,0,0,0,0,1947-04-17,,0,,
442089,0000342,3,大分県,オオイタケン,Oita,,,,竹田市,タケタシ,Taketa-shi,,,,,,,,,,倉小野,クラオノ,,,0,0,0,1,0,0,0,0,1947-04-17,,0,,
442089,0000343,3,大分県,オオイタケン,Oita,,,,竹田市,タケタシ,Taketa-shi,,,,,,,,,,巣原,スワラ,,,0,0,0,1,0,0,0,0,1947-04-17,,0,,
442089,0000344,3,大分県,オオイタケン,Oita,,,,竹田市,タケタシ,Taketa-shi,,,,,,,,,,相原,アイバル,,,0,0,0,1,0,0,0,0,1947-04-17,,0,,
442089,0000345,3,大分県,オオイタケン,Oita,,,,竹田市,タケタシ,Taketa-shi,,,,,,,,,,草深,クサブカ,,,0,0,0,1,0,0,0,0,1947-04-17,,0,,
442089,0000346,3,大分県,オオイタケン,Oita,,,,竹田市,タケタシ,Taketa-shi,,,,,,,,,,代,ダイ,,,0,0,0,1,0,0,0,0,1947-04-17,,0,,
442089,0000347,3,大分県,オオイタケン,Oita,,,,竹田市,タケタシ,Taketa-shi,,,,,,,,,,台,ダイ,,,0,0,0,1,0,0,0,0,1947-04-17,,0,,
442089,0000348,3,大分県,オオイタケン,Oita,,,,竹田市,タケタシ,Taketa-shi,,,,,,,,,,大口,オオグチ,,,0,0,0,1,0,0,0,0,1947-04-17,,0,,
442089,0000349,3,大分県,オオイタケン,Oita,,,,竹田市,タケタシ,Taketa-shi,,,,,,,,,,大仲寺,ダイチュウジ,,,0,0,0,1,0,0,0,0,1947-04-17,,0,,
442089,0000350,3,大分県,オオイタケン,Oita,,,,竹田市,タケタシ,Taketa-shi,,,,,,,,,,大津留,オオツル,,,0,0,0,1,0,0,0,0,1947-04-17,,0,,
442089,0000351,3,大分県,オオイタケン,Oita,,,,竹田市,タケタシ,Taketa-shi,,,,,,,,,,大畑,オオバタケ,,,0,0,0,1,0,0,0,0,1947-04-17,,0,,
442089,0000352,3,大分県,オオイタケン,Oita,,,,竹田市,タケタシ,Taketa-shi,,,,,,,,,,鷹ノ巣,タカノス,,,0,0,0,1,0,0,0,0,1947-04-17,,0,,
442089,0000353,3,大分県,オオイタケン,Oita,,,,竹田市,タケタシ,Taketa-shi,,,,,,,,,,滝部,タキベ,,,0,0,0,1,0,0,0,0,1947-04-17,,0,,
442089,0000354,3,大分県,オオイタケン,Oita,,,,竹田市,タケタシ,Taketa-shi,,,,,,,,,,沢水,ソウミ,,,0,0,0,1,0,0,0,0,1947-04-17,,0,,
442089,0000355,3,大分県,オオイタケン,Oita,,,,竹田市,タケタシ,Taketa-shi,,,,,,,,,,濁淵,ニゴリブチ,,,0,0,0,1,0,0,0,0,1947-04-17,,0,,
442089,0000356,3,大分県,オオイタケン,Oita,,,,竹田市,タケタシ,Taketa-shi,,,,,,,,,,谷,タニ,,,0,0,0,1,0,0,0,0,1947-04-17,,0,,
442089,0000357,3,大分県,オオイタケン,Oita,,,,竹田市,タケタシ,Taketa-shi,,,,,,,,,,谷門,タニカド,,,0,0,0,1,0,0,0,0,1947-04-17,,0,,
442089,0000358,3,大分県,オオイタケン,Oita,,,,竹田市,タケタシ,Taketa-shi,,,,,,,,,,炭竈津留,スミカマドツル,,,0,0,0,1,0,0,0,0,1947-04-17,,0,,
442089,0000359,3,大分県,オオイタケン,Oita,,,,竹田市,タケタシ,Taketa-shi,,,,,,,,,,池原,チワラ,,,0,0,0,1,0,0,0,0,1947-04-17,,0,,
442089,0000360,3,大分県,オオイタケン,Oita,,,,竹田市,タケタシ,Taketa-shi,,,,,,,,,,池部,イケベ,,,0,0,0,1,0,0,0,0,1947-04-17,,0,,
442089,0000361,3,大分県,オオイタケン,Oita,,,,竹田市,タケタシ,Taketa-shi,,,,,,,,,,竹田町,タケタマチ,Taketamachi,,0,0,0,1,0,0,0,0,1947-04-17,,0,8780012,
442089,0000362,3,大分県,オオイタケン,Oita,,,,竹田市,タケタシ,Taketa-shi,,,,,,,,,,茶屋ノ辻,チャヤノツジ,,,0,0,0,1,0,0,0,0,1947-04-17,,0,,
442089,0000363,3,大分県,オオイタケン,Oita,,,,竹田市,タケタシ,Taketa-shi,,,,,,,,,,中,ナカ,Naka,,0,0,0,1,0,0,0,0,1947-04-17,,0,8780004,
442089,0000364,3,大分県,オオイタケン,Oita,,,,竹田市,タケタシ,Taketa-shi,,,,,,,,,,中園,ナカゾノ,,,0,0,0,1,0,0,0,0,1947-04-17,,0,,
442089,0000365,3,大分県,オオイタケン,Oita,,,,竹田市,タケタシ,Taketa-shi,,,,,,,,,,中角,ナカツノ,Nakatsuno,,0,0,0,1,0,0,0,0,1947-04-17,,0,8780573,
442089,0000366,3,大分県,オオイタケン,Oita,,,,竹田市,タケタシ,Taketa-shi,,,,,,,,,,中山,ナカヤマ,,,0,0,0,1,0,0,0,0,1947-04-17,,0,,
442089,0000367,3,大分県,オオイタケン,Oita,,,,竹田市,タケタシ,Taketa-shi,,,,,,,,,,中村,ナカムラ,,,0,0,0,1,0,0,0,0,1947-04-17,,0,,
442089,0000368,3,大分県,オオイタケン,Oita,,,,竹田市,タケタシ,Taketa-shi,,,,,,,,,,中通,ナカドオリ,,,0,0,0,1,0,0,0,0,1947-04-17,,0,,
442089,0000369,3,大分県,オオイタケン,Oita,,,,竹田市,タケタシ,Taketa-shi,,,,,,,,,,中尾,ナカオ,,,0,0,0,1,0,0,0,0,1947-04-17,,0,,
442089,0000370,3,大分県,オオイタケン,Oita,,,,竹田市,タケタシ,Taketa-shi,,,,,,,,,,中尾園,ナカオゾノ,,,0,0,0,1,0,0,0,0,1947-04-17,,0,,
442089,0000371,3,大分県,オオイタケン,Oita,,,,竹田市,タケタシ,Taketa-shi,,,,,,,,,,仲原,ナカバル,,,0,0,0,1,0,0,0,0,1947-04-17,,0,,
442089,0000372,3,大分県,オオイタケン,Oita,,,,竹田市,タケタシ,Taketa-shi,,,,,,,,,,仲村,ナカムラ,,,0,0,0,1,0,0,0,0,1947-04-17,,0,,
442089,0000373,3,大分県,オオイタケン,Oita,,,,竹田市,タケタシ,Taketa-shi,,,,,,,,,,長慶,チョウケン,,,0,0,0,1,0,0,0,0,1947-04-17,,0,,
442089,0000374,3,大分県,オオイタケン,Oita,,,,竹田市,タケタシ,Taketa-shi,,,,,,,,,,長小野,ナガオノ,,,0,0,0,1,0,0,0,0,1947-04-17,,0,,
442089,0000375,3,大分県,オオイタケン,Oita,,,,竹田市,タケタシ,Taketa-shi,,,,,,,,,,長田,ナガタ,,,0,0,0,1,0,0,0,0,1947-04-17,,0,,
442089,0000376,3,大分県,オオイタケン,Oita,,,,竹田市,タケタシ,Taketa-shi,,,,,,,,,,長田尾,ナガタオ,,,0,0,0,1,0,0,0,0,1947-04-17,,0,,
442089,0000377,3,大分県,オオイタケン,Oita,,,,竹田市,タケタシ,Taketa-shi,,,,,,,,,,長迫,ナガサコ,,,0,0,0,1,0,0,0,0,1947-04-17,,0,,
442089,0000378,3,大分県,オオイタケン,Oita,,,,竹田市,タケタシ,Taketa-shi,,,,,,,,,,長野,ナガノ,,,0,0,0,1,0,0,0,0,1947-04-17,,0,,
442089,0000379,3,大分県,オオイタケン,Oita,,,,竹田市,タケタシ,Taketa-shi,,,,,,,,,,鳥越,トリゴエ,,,0,0,0,1,0,0,0,0,1947-04-17,,0,,
442089,0000380,3,大分県,オオイタケン,Oita,,,,竹田市,タケタシ,Taketa-shi,,,,,,,,,,津久馬,ヅクマ,,,0,0,0,1,0,0,0,0,1947-04-17,,0,,
442089,0000381,3,大分県,オオイタケン,Oita,,,,竹田市,タケタシ,Taketa-shi,,,,,,,,,,追分,オイワケ,,,0,0,0,1,0,0,0,0,1947-04-17,,0,,
442089,0000382,3,大分県,オオイタケン,Oita,,,,竹田市,タケタシ,Taketa-shi,,,,,,,,,,辻,ツジ,,,0,0,0,1,0,0,0,0,1947-04-17,,0,,
442089,0000383,3,大分県,オオイタケン,Oita,,,,竹田市,タケタシ,Taketa-shi,,,,,,,,,,辻原,ツジバル,,,0,0,0,1,0,0,0,0,1947-04-17,,0,,
442089,0000384,3,大分県,オオイタケン,Oita,,,,竹田市,タケタシ,Taketa-shi,,,,,,,,,,辻迫,ツヂサコ,,,0,0,0,1,0,0,0,0,1947-04-17,,0,,
442089,0000385,3,大分県,オオイタケン,Oita,,,,竹田市,タケタシ,Taketa-shi,,,,,,,,,,鶴原,ツルバル,,,0,0,0,1,0,0,0,0,1947-04-17,,0,,
442089,0000386,3,大分県,オオイタケン,Oita,,,,竹田市,タケタシ,Taketa-shi,,,,,,,,,,釘小野,クギオノ,,,0,0,0,1,0,0,0,0,1947-04-17,,0,,
442089,0000387,3,大分県,オオイタケン,Oita,,,,竹田市,タケタシ,Taketa-shi,,,,,,,,,,天神鶴,テンジンヅル,,,0,0,0,1,0,0,0,0,1947-04-17,,0,,
442089,0000388,3,大分県,オオイタケン,Oita,,,,竹田市,タケタシ,Taketa-shi,,,,,,,,,,添ヶ迫,ソエガサコ,,,0,0,0,1,0,0,0,0,1947-04-17,,0,,
442089,0000389,3,大分県,オオイタケン,Oita,,,,竹田市,タケタシ,Taketa-shi,,,,,,,,,,田下,タシタ,,,0,0,0,1,0,0,0,0,1947-04-17,,0,,
442089,0000390,3,大分県,オオイタケン,Oita,,,,竹田市,タケタシ,Taketa-shi,,,,,,,,,,田原,タバル,,,0,0,0,1,0,0,0,0,1947-04-17,,0,,
442089,0000391,3,大分県,オオイタケン,Oita,,,,竹田市,タケタシ,Taketa-shi,,,,,,,,,,田代,タシロ,,,0,0,0,1,0,0,0,0,1947-04-17,,0,,
442089,0000392,3,大分県,オオイタケン,Oita,,,,竹田市,タケタシ,Taketa-shi,,,,,,,,,,田平,タビラ,,,0,0,0,1,0,0,0,0,1947-04-17,,0,,
442089,0000393,3,大分県,オオイタケン,Oita,,,,竹田市,タケタシ,Taketa-shi,,,,,,,,,,渡内,ワタウチ,,,0,0,0,1,0,0,0,0,1947-04-17,,0,,
442089,0000394,3,大分県,オオイタケン,Oita,,,,竹田市,タケタシ,Taketa-shi,,,,,,,,,,冬田,フユダ,,,0,0,0,1,0,0,0,0,1947-04-17,,0,,
442089,0000395,3,大分県,オオイタケン,Oita,,,,竹田市,タケタシ,Taketa-shi,,,,,,,,,,塔の原,トウノハル,,,0,0,0,1,0,0,0,0,1947-04-17,,0,,
442089,0000396,3,大分県,オオイタケン,Oita,,,,竹田市,タケタシ,Taketa-shi,,,,,,,,,,塔立,トウタテ,,,0,0,0,1,0,0,0,0,1947-04-17,,0,,
442089,0000397,3,大分県,オオイタケン,Oita,,,,竹田市,タケタシ,Taketa-shi,,,,,,,,,,東福寺,トウフクジ,,,0,0,0,1,0,0,0,0,1947-04-17,,0,,
442089,0000398,3,大分県,オオイタケン,Oita,,,,竹田市,タケタシ,Taketa-shi,,,,,,,,,,湯の上,ユノウエ,,,0,0,0,1,0,0,0,0,1947-04-17,,0,,
442089,0000399,3,大分県,オオイタケン,Oita,,,,竹田市,タケタシ,Taketa-shi,,,,,,,,,,湯原,ユノハル,,,0,0,0,1,0,0,0,0,1947-04-17,,0,,
442089,0000400,3,大分県,オオイタケン,Oita,,,,竹田市,タケタシ,Taketa-shi,,,,,,,,,,筒井,ツツイ,,,0,0,0,1,0,0,0,0,1947-04-17,,0,,
442089,0000401,3,大分県,オオイタケン,Oita,,,,竹田市,タケタシ,Taketa-shi,,,,,,,,,,藤渡,フジワタリ,,,0,0,0,1,0,0,0,0,1947-04-17,,0,,
442089,0000402,3,大分県,オオイタケン,Oita,,,,竹田市,タケタシ,Taketa-shi,,,,,,,,,,藤目,フジメ,,,0,0,0,1,0,0,0,0,1947-04-17,,0,,
442089,0000403,3,大分県,オオイタケン,Oita,,,,竹田市,タケタシ,Taketa-shi,,,,,,,,,,道園,ドウゾノ,,,0,0,0,1,0,0,0,0,1947-04-17,,0,,
442089,0000404,3,大分県,オオイタケン,Oita,,,,竹田市,タケタシ,Taketa-shi,,,,,,,,,,徳尾,トクオ,,,0,0,0,1,0,0,0,0,1947-04-17,,0,,
442089,0000405,3,大分県,オオイタケン,Oita,,,,竹田市,タケタシ,Taketa-shi,,,,,,,,,,栃原,トチワラ,,,0,0,0,1,0,0,0,0,1947-04-17,,0,,
442089,0000406,3,大分県,オオイタケン,Oita,,,,竹田市,タケタシ,Taketa-shi,,,,,,,,,,内園,ウチゾノ,,,0,0,0,1,0,0,0,0,1947-04-17,,0,,
442089,0000407,3,大分県,オオイタケン,Oita,,,,竹田市,タケタシ,Taketa-shi,,,,,,,,,,内釜,ナイガマ,,,0,0,0,1,0,0,0,0,1947-04-17,,0,,
442089,0000408,3,大分県,オオイタケン,Oita,,,,竹田市,タケタシ,Taketa-shi,,,,,,,,,,南,ミナミ,,,0,0,0,1,0,0,0,0,1947-04-17,,0,,
442089,0000409,3,大分県,オオイタケン,Oita,,,,竹田市,タケタシ,Taketa-shi,,,,,,,,,,南稲葉,ミナミイナバ,,,0,0,0,1,0,0,0,0,1947-04-17,,0,,
442089,0000410,3,大分県,オオイタケン,Oita,,,,竹田市,タケタシ,Taketa-shi,,,,,,,,,,南原,ミナミバル,,,0,0,0,1,0,0,0,0,1947-04-17,,0,,
442089,0000411,3,大分県,オオイタケン,Oita,,,,竹田市,タケタシ,Taketa-shi,,,,,,,,,,楠野,クスノ,,,0,0,0,1,0,0,0,0,1947-04-17,,0,,
442089,0000412,3,大分県,オオイタケン,Oita,,,,竹田市,タケタシ,Taketa-shi,,,,,,,,,,二俣,フタマタ,,,0,0,0,1,0,0,0,0,1947-04-17,,0,,
442089,0000413,3,大分県,オオイタケン,Oita,,,,竹田市,タケタシ,Taketa-shi,,,,,,,,,,二又,フタマタ,,,0,0,0,1,0,0,0,0,1947-04-17,,0,,
442089,0000414,3,大分県,オオイタケン,Oita,,,,竹田市,タケタシ,Taketa-shi,,,,,,,,,,日向,ヒムキ,,,0,0,0,1,0,0,0,0,1947-04-17,,0,,
442089,0000415,3,大分県,オオイタケン,Oita,,,,竹田市,タケタシ,Taketa-shi,,,,,,,,,,日向石,ヒュウガイシ,,,0,0,0,1,0,0,0,0,1947-04-17,,0,,
442089,0000416,3,大分県,オオイタケン,Oita,,,,竹田市,タケタシ,Taketa-shi,,,,,,,,,,日向塚,ヒュウガヅカ,,,0,0,0,1,0,0,0,0,1947-04-17,,0,,
442089,0000417,3,大分県,オオイタケン,Oita,,,,竹田市,タケタシ,Taketa-shi,,,,,,,,,,入草,イリクサ,,,0,0,0,1,0,0,0,0,1947-04-17,,0,,
442089,0000418,3,大分県,オオイタケン,Oita,,,,竹田市,タケタシ,Taketa-shi,,,,,,,,,,納野,ノウノ,,,0,0,0,1,0,0,0,0,1947-04-17,,0,,
442089,0000419,3,大分県,オオイタケン,Oita,,,,竹田市,タケタシ,Taketa-shi,,,,,,,,,,馬場,ババ,,,0,0,0,1,0,0,0,0,1947-04-17,,0,,
442089,0000420,3,大分県,オオイタケン,Oita,,,,竹田市,タケタシ,Taketa-shi,,,,,,,,,,馬渡,マワタリ,,,0,0,0,1,0,0,0,0,1947-04-17,,0,,
442089,0000421,3,大分県,オオイタケン,Oita,,,,竹田市,タケタシ,Taketa-shi,,,,,,,,,,馬背野,マセノ,,,0,0,0,1,0,0,0,0,1947-04-17,,0,,
442089,0000422,3,大分県,オオイタケン,Oita,,,,竹田市,タケタシ,Taketa-shi,,,,,,,,,,馬門,マカド,,,0,0,0,1,0,0,0,0,1947-04-17,,0,,
442089,0000423,3,大分県,オオイタケン,Oita,,,,竹田市,タケタシ,Taketa-shi,,,,,,,,,,拝田原,ハイタバル,Haitabaru,,0,0,0,1,0,0,0,0,1947-04-17,,0,8780025,
442089,0000424,3,大分県,オオイタケン,Oita,,,,竹田市,タケタシ,Taketa-shi,,,,,,,,,,梅ノ木,ウメノキ,,,0,0,0,1,0,0,0,0,1947-04-17,,0,,
442089,0000425,3,大分県,オオイタケン,Oita,,,,竹田市,タケタシ,Taketa-shi,,,,,,,,,,萩迫,ハギサコ,,,0,0,0,1,0,0,0,0,1947-04-17,,0,,
442089,0000426,3,大分県,オオイタケン,Oita,,,,竹田市,タケタシ,Taketa-shi,,,,,,,,,,白水,シロウズ,,,0,0,0,1,0,0,0,0,1947-04-17,,0,,
442089,0000427,3,大分県,オオイタケン,Oita,,,,竹田市,タケタシ,Taketa-shi,,,,,,,,,,白丹町,シラニマチ,,,0,0,0,1,0,0,0,0,1947-04-17,,0,,
442089,0000428,3,大分県,オオイタケン,Oita,,,,竹田市,タケタシ,Taketa-shi,,,,,,,,,,畑,ハタ,,,0,0,0,1,0,0,0,0,1947-04-17,,0,,
442089,0000429,3,大分県,オオイタケン,Oita,,,,竹田市,タケタシ,Taketa-shi,,,,,,,,,,八山,ハチヤマ,,,0,0,0,1,0,0,0,0,1947-04-17,,0,,
442089,0000430,3,大分県,オオイタケン,Oita,,,,竹田市,タケタシ,Taketa-shi,,,,,,,,,,八世,ハセ,,,0,0,0,1,0,0,0,0,1947-04-17,,0,,
442089,0000431,3,大分県,オオイタケン,Oita,,,,竹田市,タケタシ,Taketa-shi,,,,,,,,,,鉢山,ハチヤマ,,,0,0,0,1,0,0,0,0,1947-04-17,,0,,
442089,0000432,3,大分県,オオイタケン,Oita,,,,竹田市,タケタシ,Taketa-shi,,,,,,,,,,板切,イタキリ,,,0,0,0,1,0,0,0,0,1947-04-17,,0,,
442089,0000433,3,大分県,オオイタケン,Oita,,,,竹田市,タケタシ,Taketa-shi,,,,,,,,,,飛田,ヒダ,,,0,0,0,1,0,0,0,0,1947-04-17,,0,,
442089,0000434,3,大分県,オオイタケン,Oita,,,,竹田市,タケタシ,Taketa-shi,,,,,,,,,,飛龍野,ヒリュウノ,,,0,0,0,1,0,0,0,0,1947-04-17,,0,,
442089,0000435,3,大分県,オオイタケン,Oita,,,,竹田市,タケタシ,Taketa-shi,,,,,,,,,,尾村,オムラ,,,0,0,0,1,0,0,0,0,1947-04-17,,0,,
442089,0000436,3,大分県,オオイタケン,Oita,,,,竹田市,タケタシ,Taketa-shi,,,,,,,,,,尾登,オノボリ,,,0,0,0,1,0,0,0,0,1947-04-17,,0,,
442089,0000437,3,大分県,オオイタケン,Oita,,,,竹田市,タケタシ,Taketa-shi,,,,,,,,,,百木,モモギ,,,0,0,0,1,0,0,0,0,1947-04-17,,0,,
442089,0000438,3,大分県,オオイタケン,Oita,,,,竹田市,タケタシ,Taketa-shi,,,,,,,,,,舞次,マイツギ,,,0,0,0,1,0,0,0,0,1947-04-17,,0,,
442089,0000439,3,大分県,オオイタケン,Oita,,,,竹田市,タケタシ,Taketa-shi,,,,,,,,,,舞渡,マイワタリ,,,0,0,0,1,0,0,0,0,1947-04-17,,0,,
442089,0000440,3,大分県,オオイタケン,Oita,,,,竹田市,タケタシ,Taketa-shi,,,,,,,,,,福原,フクハラ,Fukuhara,,0,0,0,1,0,0,0,0,1947-04-17,,0,8780142,
442089,0000441,3,大分県,オオイタケン,Oita,,,,竹田市,タケタシ,Taketa-shi,,,,,,,,,,仏原,ブツバル,,,0,0,0,1,0,0,0,0,1947-04-17,,0,,
442089,0000442,3,大分県,オオイタケン,Oita,,,,竹田市,タケタシ,Taketa-shi,,,,,,,,,,平,ヒラ,,,0,0,0,1,0,0,0,0,1947-04-17,,0,,
442089,0000443,3,大分県,オオイタケン,Oita,,,,竹田市,タケタシ,Taketa-shi,,,,,,,,,,平井,ヒライ,,,0,0,0,1,0,0,0,0,1947-04-17,,0,,
442089,0000444,3,大分県,オオイタケン,Oita,,,,竹田市,タケタシ,Taketa-shi,,,,,,,,,,平原,ヒラバル,,,0,0,0,1,0,0,0,0,1947-04-17,,0,,
442089,0000445,3,大分県,オオイタケン,Oita,,,,竹田市,タケタシ,Taketa-shi,,,,,,,,,,平沢水,ヒラソウズ,,,0,0,0,1,0,0,0,0,1947-04-17,,0,,
442089,0000446,3,大分県,オオイタケン,Oita,,,,竹田市,タケタシ,Taketa-shi,,,,,,,,,,平木,ヒラキ,,,0,0,0,1,0,0,0,0,1947-04-17,,0,,
442089,0000447,3,大分県,オオイタケン,Oita,,,,竹田市,タケタシ,Taketa-shi,,,,,,,,,,米賀,コメカ,,,0,0,0,1,0,0,0,0,1947-04-17,,0,,
442089,0000448,3,大分県,オオイタケン,Oita,,,,竹田市,タケタシ,Taketa-shi,,,,,,,,,,米納,ヨナイ,Yonai,,0,0,0,1,0,0,0,0,1947-04-17,,0,8780145,
442089,0000449,3,大分県,オオイタケン,Oita,,,,竹田市,タケタシ,Taketa-shi,,,,,,,,,,峰越,ミネゴエ,,,0,0,0,1,0,0,0,0,1947-04-17,,0,,
442089,0000450,3,大分県,オオイタケン,Oita,,,,竹田市,タケタシ,Taketa-shi,,,,,,,,,,法崎,ホウザキ,,,0,0,0,1,0,0,0,0,1947-04-17,,0,,
442089,0000451,3,大分県,オオイタケン,Oita,,,,竹田市,タケタシ,Taketa-shi,,,,,,,,,,法泉,ホウセン,,,0,0,0,1,0,0,0,0,1947-04-17,,0,,
442089,0000452,3,大分県,オオイタケン,Oita,,,,竹田市,タケタシ,Taketa-shi,,,,,,,,,,北尾鶴,キタオヅル,,,0,0,0,1,0,0,0,0,1947-04-17,,0,,
442089,0000453,3,大分県,オオイタケン,Oita,,,,竹田市,タケタシ,Taketa-shi,,,,,,,,,,牧,マキ,,,0,0,0,1,0,0,0,0,1947-04-17,,0,,
442089,0000454,3,大分県,オオイタケン,Oita,,,,竹田市,タケタシ,Taketa-shi,,,,,,,,,,牧ノ元,マキノモト,,,0,0,0,1,0,0,0,0,1947-04-17,,0,,
442089,0000455,3,大分県,オオイタケン,Oita,,,,竹田市,タケタシ,Taketa-shi,,,,,,,,,,妙見,ミョウケン,,,0,0,0,1,0,0,0,0,1947-04-17,,0,,
442089,0000456,3,大分県,オオイタケン,Oita,,,,竹田市,タケタシ,Taketa-shi,,,,,,,,,,名子,ミョウス,,,0,0,0,1,0,0,0,0,1947-04-17,,0,,
442089,0000457,3,大分県,オオイタケン,Oita,,,,竹田市,タケタシ,Taketa-shi,,,,,,,,,,名子山,ナゴヤマ,,,0,0,0,1,0,0,0,0,1947-04-17,,0,,
442089,0000458,3,大分県,オオイタケン,Oita,,,,竹田市,タケタシ,Taketa-shi,,,,,,,,,,明見,ミョウケン,,,0,0,0,1,0,0,0,0,1947-04-17,,0,,
442089,0000459,3,大分県,オオイタケン,Oita,,,,竹田市,タケタシ,Taketa-shi,,,,,,,,,,綿内,ワタウチ,,,0,0,0,1,0,0,0,0,1947-04-17,,0,,
442089,0000460,3,大分県,オオイタケン,Oita,,,,竹田市,タケタシ,Taketa-shi,,,,,,,,,,毛内迫,ケナイザコ,,,0,0,0,1,0,0,0,0,1947-04-17,,0,,
442089,0000461,3,大分県,オオイタケン,Oita,,,,竹田市,タケタシ,Taketa-shi,,,,,,,,,,木下,キノシタ,,,0,0,0,1,0,0,0,0,1947-04-17,,0,,
442089,0000462,3,大分県,オオイタケン,Oita,,,,竹田市,タケタシ,Taketa-shi,,,,,,,,,,木原,モクバル,,,0,0,0,1,0,0,0,0,1947-04-17,,0,,
442089,0000463,3,大分県,オオイタケン,Oita,,,,竹田市,タケタシ,Taketa-shi,,,,,,,,,,野口,ノグチ,,,0,0,0,1,0,0,0,0,1947-04-17,,0,,
442089,0000464,3,大分県,オオイタケン,Oita,,,,竹田市,タケタシ,Taketa-shi,,,,,,,,,,野鹿,ノガ,,,0,0,0,1,0,0,0,0,1947-04-17,,0,,
442089,0000465,3,大分県,オオイタケン,Oita,,,,竹田市,タケタシ,Taketa-shi,,,,,,,,,,矢原,ヤバル,,,0,0,0,1,0,0,0,0,1947-04-17,,0,,
442089,0000466,3,大分県,オオイタケン,Oita,,,,竹田市,タケタシ,Taketa-shi,,,,,,,,,,矢所,ヤドコロ,,,0,0,0,1,0,0,0,0,1947-04-17,,0,,
442089,0000467,3,大分県,オオイタケン,Oita,,,,竹田市,タケタシ,Taketa-shi,,,,,,,,,,矢倉,ヤクラ,,,0,0,0,1,0,0,0,0,1947-04-17,,0,,
442089,0000468,3,大分県,オオイタケン,Oita,,,,竹田市,タケタシ,Taketa-shi,,,,,,,,,,柳井,ヤナイ,,,0,0,0,1,0,0,0,0,1947-04-17,,0,,
442089,0000469,3,大分県,オオイタケン,Oita,,,,竹田市,タケタシ,Taketa-shi,,,,,,,,,,有氏,アリウジ,,,0,0,0,1,0,0,0,0,1947-04-17,,0,,
442089,0000470,3,大分県,オオイタケン,Oita,,,,竹田市,タケタシ,Taketa-shi,,,,,,,,,,柚柑子,ユコウジ,,,0,0,0,1,0,0,0,0,1947-04-17,,0,,
442089,0000471,3,大分県,オオイタケン,Oita,,,,竹田市,タケタシ,Taketa-shi,,,,,,,,,,柚木,ユノキ,,,0,0,0,1,0,0,0,0,1947-04-17,,0,,
442089,0000472,3,大分県,オオイタケン,Oita,,,,竹田市,タケタシ,Taketa-shi,,,,,,,,,,陽谷,ヨウコク,,,0,0,0,1,0,0,0,0,1947-04-17,,0,,
442089,0000473,3,大分県,オオイタケン,Oita,,,,竹田市,タケタシ,Taketa-shi,,,,,,,,,,立石,タテイシ,,,0,0,0,1,0,0,0,0,1947-04-17,,0,,
442089,0000474,3,大分県,オオイタケン,Oita,,,,竹田市,タケタシ,Taketa-shi,,,,,,,,,,冷川,ヒヤガワ,,,0,0,0,1,0,0,0,0,1947-04-17,,0,,
442089,0000475,3,大分県,オオイタケン,Oita,,,,竹田市,タケタシ,Taketa-shi,,,,,,,,,,篭目,カコメ,,,0,0,0,1,0,0,0,0,1947-04-17,,0,,
442089,0000476,3,大分県,オオイタケン,Oita,,,,竹田市,タケタシ,Taketa-shi,,,,,,,,,,老野,オイノ,,,0,0,0,1,0,0,0,0,1947-04-17,,0,,
442089,0000477,3,大分県,オオイタケン,Oita,,,,竹田市,タケタシ,Taketa-shi,,,,,,,,,,六反原,ロクタンバル,,,0,0,0,1,0,0,0,0,1947-04-17,,0,,
442089,0000478,3,大分県,オオイタケン,Oita,,,,竹田市,タケタシ,Taketa-shi,,,,,,,,,,和田,ワダ,,,0,0,0,1,0,0,0,0,1947-04-17,,0,,
442089,0000479,3,大分県,オオイタケン,Oita,,,,竹田市,タケタシ,Taketa-shi,,,,,,,,,,挾田,ハサダ,Hasada,,0,0,0,1,0,0,0,0,1947-04-17,,0,8780005,
442089,0000480,3,大分県,オオイタケン,Oita,,,,竹田市,タケタシ,Taketa-shi,,,,,,,,,,薊菜,アザミ,,,0,0,0,1,0,0,0,0,1947-04-17,,0,,
442089,0000481,3,大分県,オオイタケン,Oita,,,,竹田市,タケタシ,Taketa-shi,,,,,,,,,,鑰小野,カギオノ,,,0,0,0,1,0,0,0,0,1947-04-17,,0,,
442089,0000482,3,大分県,オオイタケン,Oita,,,,竹田市,タケタシ,Taketa-shi,,,,,,,,,,雉ヶ平,キジガヒラ,,,0,0,0,1,0,0,0,0,1947-04-17,,0,,
442089,0001000,1,大分県,オオイタケン,Oita,,,,竹田市,タケタシ,Taketa-shi,,,,大字会々,オオアザアイアイ,Aiai,,,,,,,,0,0,0,0,0,0,1,1,1947-04-17,,0,8780011,
442089,0002000,1,大分県,オオイタケン,Oita,,,,竹田市,タケタシ,Taketa-shi,,,,大字穴井迫,オオアザアナイザコ,Anaizako,,,,,,,,0,0,0,0,0,0,1,1,1947-04-17,,0,8780021,
442089,0003000,1,大分県,オオイタケン,Oita,,,,竹田市,タケタシ,Taketa-shi,,,,大字市用,オオアザイチモチ,Ichimochi,,,,,,,,0,0,0,0,0,0,1,1,1947-04-17,,0,8780153,
442089,0004000,1,大分県,オオイタケン,Oita,,,,竹田市,タケタシ,Taketa-shi,,,,大字今,オオアザイマ,Ima,,,,,,,,0,0,0,0,0,0,1,1,1947-04-17,,0,8796182,
442089,0005000,1,大分県,オオイタケン,Oita,,,,竹田市,タケタシ,Taketa-shi,,,,大字岩瀬,オオアザイワセ,Iwase,,,,,,,,0,0,0,0,0,0,1,1,1947-04-17,,0,8780022,
442089,0006000,1,大分県,オオイタケン,Oita,,,,竹田市,タケタシ,Taketa-shi,,,,大字岩本,オオアザイワモト,Iwamoto,,,,,,,,0,0,0,0,0,0,1,1,1947-04-17,,0,8780031,
442089,0007000,1,大分県,オオイタケン,Oita,,,,竹田市,タケタシ,Taketa-shi,,,,大字植木,オオアザウエキ,Ueki,,,,,,,,0,0,0,0,0,0,1,1,1947-04-17,,0,8780001,
442089,0008000,1,大分県,オオイタケン,Oita,,,,竹田市,タケタシ,Taketa-shi,,,,大字枝,オオアザエダ,Eda,,,,,,,,0,0,0,0,0,0,1,1,1947-04-17,,0,8780002,
442089,0009000,1,大分県,オオイタケン,Oita,,,,竹田市,タケタシ,Taketa-shi,,,,大字太田,オオアザオオタ,Ota,,,,,,,,0,0,0,0,0,0,1,1,1947-04-17,,0,8780032,
442089,0010000,1,大分県,オオイタケン,Oita,,,,竹田市,タケタシ,Taketa-shi,,,,大字小川,オオアザオガワ,Ogawa,,,,,,,,0,0,0,0,0,0,1,1,1947-04-17,,0,8780141,
442089,0011000,1,大分県,オオイタケン,Oita,,,,竹田市,タケタシ,Taketa-shi,,,,大字小塚,オオアザオヅカ,Ozuka,,,,,,,,0,0,0,0,0,0,1,1,1947-04-17,,0,8796181,
442089,0012000,1,大分県,オオイタケン,Oita,,,,竹田市,タケタシ,Taketa-shi,,,,大字片ケ瀬,オオアザカタカセ,Katakase,,,,,,,,0,0,0,0,0,0,1,1,1947-04-17,,0,8780003,
442089,0013000,1,大分県,オオイタケン,Oita,,,,竹田市,タケタシ,Taketa-shi,,,,大字上坂田,オオアザカミサカタ,Kamisakada,,,,,,,,0,0,0,0,0,0,1,1,1947-04-17,,0,8780161,
442089,0014000,1,大分県,オオイタケン,Oita,,,,竹田市,タケタシ,Taketa-shi,,,,大字上畑,オオアザカミハタ,Kamihata,,,,,,,,0,0,0,0,0,0,1,1,1947-04-17,,0,8780163,
442089,0015000,1,大分県,オオイタケン,Oita,,,,竹田市,タケタシ,Taketa-shi,,,,大字刈小野,オオアザカリオノ,Kariono,,,,,,,,0,0,0,0,0,0,1,1,1947-04-17,,0,8780164,
442089,0016000,1,大分県,オオイタケン,Oita,,,,竹田市,タケタシ,Taketa-shi,,,,大字川床,オオアザカワトコ,Kawadoko,,,,,,,,0,0,0,0,0,0,1,1,1947-04-17,,0,8780154,
442089,0017000,1,大分県,オオイタケン,Oita,,,,竹田市,タケタシ,Taketa-shi,,,,大字城原,オオアザキバル,Kibaru,,,,,,,,0,0,0,0,0,0,1,1,1947-04-17,,0,8780143,
442089,0018000,1,大分県,オオイタケン,Oita,,,,竹田市,タケタシ,Taketa-shi,,,,大字君ケ園,オオアザキミガソノ,Kimigasono,,,,,,,,0,0,0,0,0,0,1,1,1947-04-17,,0,8780023,
442089,0019000,1,大分県,オオイタケン,Oita,,,,竹田市,タケタシ,Taketa-shi,,,,大字九重野,オオアザクジュウノ,Kujuno,,,,,,,,0,0,0,0,0,0,1,1,1947-04-17,,0,8780572,
442089,0020000,1,大分県,オオイタケン,Oita,,,,竹田市,タケタシ,Taketa-shi,,,,大字久保,オオアザクボ,,,,,,,,,0,0,0,0,0,0,1,1,1947-04-17,,0,,
442089,0021000,1,大分県,オオイタケン,Oita,,,,竹田市,タケタシ,Taketa-shi,,,,大字倉木,オオアザクラキ,Kuraki,,,,,,,,0,0,0,0,0,0,1,1,1947-04-17,,0,8780576,
442089,0022000,1,大分県,オオイタケン,Oita,,,,竹田市,タケタシ,Taketa-shi,,,,大字神原,オオアザコウバル,Kobaru,,,,,,,,0,0,0,0,0,0,1,1,1947-04-17,,0,8780574,
442089,0023000,1,大分県,オオイタケン,Oita,,,,竹田市,タケタシ,Taketa-shi,,,,大字志土知,オオアザシトチ,Shitochi,,,,,,,,0,0,0,0,0,0,1,1,1947-04-17,,0,8780155,
442089,0024000,1,大分県,オオイタケン,Oita,,,,竹田市,タケタシ,Taketa-shi,,,,大字下坂田,オオアザシモサカタ,Shimosakada,,,,,,,,0,0,0,0,0,0,1,1,1947-04-17,,0,8780151,
442089,0025000,1,大分県,オオイタケン,Oita,,,,竹田市,タケタシ,Taketa-shi,,,,大字下志土知,オオアザシモシトチ,Shimoshitochi,,,,,,,,0,0,0,0,0,0,1,1,1947-04-17,,0,8780152,
442089,0026000,1,大分県,オオイタケン,Oita,,,,竹田市,タケタシ,Taketa-shi,,,,大字菅生,オオアザスゴウ,Sugo,,,,,,,,0,0,0,0,0,0,1,1,1947-04-17,,0,8796184,
442089,0027000,1,大分県,オオイタケン,Oita,,,,竹田市,タケタシ,Taketa-shi,,,,大字炭竈,オオアザスミカマド,Sumikamado,,,,,,,,0,0,0,0,0,0,1,1,1947-04-17,,0,8780162,
442089,0028000,1,大分県,オオイタケン,Oita,,,,竹田市,タケタシ,Taketa-shi,,,,大字田井,オオアザタイ,Tai,,,,,,,,0,0,0,0,0,0,1,1,1947-04-17,,0,8780575,
442089,0029000,1,大分県,オオイタケン,Oita,,,,竹田市,タケタシ,Taketa-shi,,,,大字高伏,オオアザタカブシ,Takabushi,,,,,,,,0,0,0,0,0,0,1,1,1947-04-17,,0,8780144,
442089,0030000,1,大分県,オオイタケン,Oita,,,,竹田市,タケタシ,Taketa-shi,,,,大字竹田,オオアザタケタ,Taketa,,,,,,,,0,0,0,0,0,0,1,1,1947-04-17,,0,8780013,
442089,0031000,1,大分県,オオイタケン,Oita,,,,竹田市,タケタシ,Taketa-shi,,,,大字竹田町,オオアザタケタマチ,Taketamachi,,,,,,,,0,0,0,0,0,0,1,1,1947-04-17,,0,8780012,
442089,0032000,1,大分県,オオイタケン,Oita,,,,竹田市,タケタシ,Taketa-shi,,,,大字玉来,オオアザタマライ,Tamarai,,,,,,,,0,0,0,0,0,0,1,1,1947-04-17,,0,8780024,
442089,0033000,1,大分県,オオイタケン,Oita,,,,竹田市,タケタシ,Taketa-shi,,,,大字次倉,オオアザツギクラ,Tsugikura,,,,,,,,0,0,0,0,0,0,1,1,1947-04-17,,0,8780571,
442089,0034000,1,大分県,オオイタケン,Oita,,,,竹田市,タケタシ,Taketa-shi,,,,大字戸上,オオアザトウエ,Toe,,,,,,,,0,0,0,0,0,0,1,1,1947-04-17,,0,8796183,
442089,0035000,1,大分県,オオイタケン,Oita,,,,竹田市,タケタシ,Taketa-shi,,,,大字中,オオアザナカ,Naka,,,,,,,,0,0,0,0,0,0,1,1,1947-04-17,,0,8780004,
442089,0036000,1,大分県,オオイタケン,Oita,,,,竹田市,タケタシ,Taketa-shi,,,,大字中角,オオアザナカツノ,Nakatsuno,,,,,,,,0,0,0,0,0,0,1,1,1947-04-17,,0,8780573,
442089,0037000,1,大分県,オオイタケン,Oita,,,,竹田市,タケタシ,Taketa-shi,,,,大字入田,オオアザニュウタ,Nyuta,,,,,,,,0,0,0,0,0,0,1,1,1947-04-17,,0,8780033,
442089,0038000,1,大分県,オオイタケン,Oita,,,,竹田市,タケタシ,Taketa-shi,,,,大字拝田原,オオアザハイタバル,Haitabaru,,,,,,,,0,0,0,0,0,0,1,1,1947-04-17,,0,8780025,
442089,0039000,1,大分県,オオイタケン,Oita,,,,竹田市,タケタシ,Taketa-shi,,,,大字挟田,オオアザハサダ,,,,,,,,,0,0,0,0,0,0,1,1,1947-04-17,,0,,
442089,0040000,1,大分県,オオイタケン,Oita,,,,竹田市,タケタシ,Taketa-shi,,,,大字飛田川,オオアザヒダガワ,Hidagawa,,,,,,,,0,0,0,0,0,0,1,1,1947-04-17,,0,8780026,
442089,0041000,1,大分県,オオイタケン,Oita,,,,竹田市,タケタシ,Taketa-shi,,,,大字平田,オオアザヒラタ,Hirata,,,,,,,,0,0,0,0,0,0,1,1,1947-04-17,,0,8780006,
442089,0042000,1,大分県,オオイタケン,Oita,,,,竹田市,タケタシ,Taketa-shi,,,,大字福原,オオアザフクハラ,Fukuhara,,,,,,,,0,0,0,0,0,0,1,1,1947-04-17,,0,8780142,
442089,0043000,1,大分県,オオイタケン,Oita,,,,竹田市,タケタシ,Taketa-shi,,,,大字古園,オオアザフルゾノ,Furuzono,,,,,,,,0,0,0,0,0,0,1,1,1947-04-17,,0,8780146,
442089,0044000,1,大分県,オオイタケン,Oita,,,,竹田市,タケタシ,Taketa-shi,,,,大字三宅,オオアザミヤケ,Miyake,,,,,,,,0,0,0,0,0,0,1,1,1947-04-17,,0,8780007,
442089,0045000,1,大分県,オオイタケン,Oita,,,,竹田市,タケタシ,Taketa-shi,,,,大字向山田,オオアザムコウヤマダ,Mukoyamada,,,,,,,,0,0,0,0,0,0,1,1,1947-04-17,,0,8780027,
442089,0046000,1,大分県,オオイタケン,Oita,,,,竹田市,タケタシ,Taketa-shi,,,,大字門田,オオアザモンデン,Monden,,,,,,,,0,0,0,0,0,0,1,1,1947-04-17,,0,8780034,
442089,0047000,1,大分県,オオイタケン,Oita,,,,竹田市,タケタシ,Taketa-shi,,,,大字吉田,オオアザヨシダ,Yoshida,,,,,,,,0,0,0,0,0,0,1,1,1947-04-17,,0,8780035,
442089,0048000,1,大分県,オオイタケン,Oita,,,,竹田市,タケタシ,Taketa-shi,,,,大字米納,オオアザヨナイ,Yonai,,,,,,,,0,0,0,0,0,0,1,1,1947-04-17,,0,8780145,
442089,0049000,1,大分県,オオイタケン,Oita,,,,竹田市,タケタシ,Taketa-shi,,,,大字渡瀬,オオアザワタセ,Watase,,,,,,,,0,0,0,0,0,0,1,1,1947-04-17,,0,8780028,
442089,0050000,1,大分県,オオイタケン,Oita,,,,竹田市,タケタシ,Taketa-shi,,,,荻町瓜作,オギマチウリツクリ,Ogimachi Uritsukuri,,,,,,,,0,0,0,0,0,0,1,1,1947-04-17,,0,8796134,
442089,0051000,1,大分県,オオイタケン,Oita,,,,竹田市,タケタシ,Taketa-shi,,,,荻町恵良原,オギマチエラハル,Ogimachi Eraharu,,,,,,,,0,0,0,0,0,0,1,1,1947-04-17,,0,8796113,
442089,0052000,1,大分県,オオイタケン,Oita,,,,竹田市,タケタシ,Taketa-shi,,,,荻町大平,オギマチオオダイラ,Ogimachi Odaira,,,,,,,,0,0,0,0,0,0,1,1,1947-04-17,,0,8796126,
442089,0053000,1,大分県,オオイタケン,Oita,,,,竹田市,タケタシ,Taketa-shi,,,,荻町柏原,オギマチカシワバル,Ogimachi Kashiwabaru,,,,,,,,0,0,0,0,0,0,1,1,1947-04-17,,0,8796122,
442089,0054000,1,大分県,オオイタケン,Oita,,,,竹田市,タケタシ,Taketa-shi,,,,荻町叶野,オギマチカナイノ,Ogimachi Kanaino,,,,,,,,0,0,0,0,0,0,1,1,1947-04-17,,0,8796127,
442089,0055000,1,大分県,オオイタケン,Oita,,,,竹田市,タケタシ,Taketa-shi,,,,荻町北原,オギマチキタバル,Ogimachi Kitabaru,,,,,,,,0,0,0,0,0,0,1,1,1947-04-17,,0,8796135,
442089,0056000,1,大分県,オオイタケン,Oita,,,,竹田市,タケタシ,Taketa-shi,,,,荻町木下,オギマチキノシタ,Ogimachi Kinoshita,,,,,,,,0,0,0,0,0,0,1,1,1947-04-17,,0,8796101,
442089,0057000,1,大分県,オオイタケン,Oita,,,,竹田市,タケタシ,Taketa-shi,,,,荻町桑木,オギマチクワギ,Ogimachi Kuwagi,,,,,,,,0,0,0,0,0,0,1,1,1947-04-17,,0,8796121,
442089,0058000,1,大分県,オオイタケン,Oita,,,,竹田市,タケタシ,Taketa-shi,,,,荻町西福寺,オギマチサイフクジ,Ogimachi Saifukuji,,,,,,,,0,0,0,0,0,0,1,1,1947-04-17,,0,8796132,
442089,0059000,1,大分県,オオイタケン,Oita,,,,竹田市,タケタシ,Taketa-shi,,,,荻町鴫田,オギマチシギタ,Ogimachi Shigita,,,,,,,,0,0,0,0,0,0,1,1,1947-04-17,,0,8796131,
442089,0060000,1,大分県,オオイタケン,Oita,,,,竹田市,タケタシ,Taketa-shi,,,,荻町新藤,オギマチシンドウ,Ogimachi Shindo,,,,,,,,0,0,0,0,0,0,1,1,1947-04-17,,0,8796103,
442089,0061000,1,大分県,オオイタケン,Oita,,,,竹田市,タケタシ,Taketa-shi,,,,荻町高城,オギマチタカジョウ,Ogimachi Takajo,,,,,,,,0,0,0,0,0,0,1,1,1947-04-17,,0,8796116,
442089,0062000,1,大分県,オオイタケン,Oita,,,,竹田市,タケタシ,Taketa-shi,,,,荻町高練木,オギマチタカネリギ,Ogimachi Takaneriki,,,,,,,,0,0,0,0,0,0,1,1,1947-04-17,,0,8796128,
442089,0063000,1,大分県,オオイタケン,Oita,,,,竹田市,タケタシ,Taketa-shi,,,,荻町田代,オギマチタシロ,Ogimachi Tashiro,,,,,,,,0,0,0,0,0,0,1,1,1947-04-17,,0,8796133,
442089,0064000,1,大分県,オオイタケン,Oita,,,,竹田市,タケタシ,Taketa-shi,,,,荻町馬場,オギマチババ,Ogimachi Baba,,,,,,,,0,0,0,0,0,0,1,1,1947-04-17,,0,8796115,
442089,0065000,1,大分県,オオイタケン,Oita,,,,竹田市,タケタシ,Taketa-shi,,,,荻町陽目,オギマチヒナタメ,Ogimachi Hinatame,,,,,,,,0,0,0,0,0,0,1,1,1947-04-17,,0,8796124,
442089,0066000,1,大分県,オオイタケン,Oita,,,,竹田市,タケタシ,Taketa-shi,,,,荻町藤渡,オギマチフジワタリ,Ogimachi Fujiwatari,,,,,,,,0,0,0,0,0,0,1,1,1947-04-17,,0,8796104,
442089,0067000,1,大分県,オオイタケン,Oita,,,,竹田市,タケタシ,Taketa-shi,,,,荻町仏面,オギマチブツメン,Ogimachi Butsumen,,,,,,,,0,0,0,0,0,0,1,1,1947-04-17,,0,8796125,
442089,0068000,1,大分県,オオイタケン,Oita,,,,竹田市,タケタシ,Taketa-shi,,,,荻町馬背野,オギマチマセノ,Ogimachi Maseno,,,,,,,,0,0,0,0,0,0,1,1,1947-04-17,,0,8796112,
442089,0069000,1,大分県,オオイタケン,Oita,,,,竹田市,タケタシ,Taketa-shi,,,,荻町政所,オギマチマドコロ,Ogimachi Madokoro,,,,,,,,0,0,0,0,0,0,1,1,1947-04-17,,0,8796102,
442089,0070000,1,大分県,オオイタケン,Oita,,,,竹田市,タケタシ,Taketa-shi,,,,荻町南河内,オギマチミナミガワチ,Ogimachi Minamigawachi,,,,,,,,0,0,0,0,0,0,1,1,1947-04-17,,0,8796111,
442089,0071000,1,大分県,オオイタケン,Oita,,,,竹田市,タケタシ,Taketa-shi,,,,荻町宮平,オギマチミヤビラ,Ogimachi Miyabira,,,,,,,,0,0,0,0,0,0,1,1,1947-04-17,,0,8796123,
442089,0072000,1,大分県,オオイタケン,Oita,,,,竹田市,タケタシ,Taketa-shi,,,,久住町大字有氏,クジュウマチオオアザアリウジ,,,,,,,,,0,0,0,0,0,0,1,1,1947-04-17,,0,,
442089,0073000,1,大分県,オオイタケン,Oita,,,,竹田市,タケタシ,Taketa-shi,,,,久住町大字栢木,クジュウマチオオアザカヤギ,,,,,,,,,0,0,0,0,0,0,1,1,1947-04-17,,0,,
442089,0074000,1,大分県,オオイタケン,Oita,,,,竹田市,タケタシ,Taketa-shi,,,,久住町大字久住,クジュウマチオオアザクジュウ,,,,,,,,,0,0,0,0,0,0,1,1,1947-04-17,,0,,
442089,0075000,1,大分県,オオイタケン,Oita,,,,竹田市,タケタシ,Taketa-shi,,,,久住町大字白丹,クジュウマチオオアザシラニ,,,,,,,,,0,0,0,0,0,0,1,1,1947-04-17,,0,,
442089,0076000,1,大分県,オオイタケン,Oita,,,,竹田市,タケタシ,Taketa-shi,,,,久住町大字添ケ津留,クジュウマチオオアザソエガツル,,,,,,,,,0,0,0,0,0,0,1,1,1947-04-17,,0,,
442089,0077000,1,大分県,オオイタケン,Oita,,,,竹田市,タケタシ,Taketa-shi,,,,久住町大字仏原,クジュウマチオオアザブツバル,,,,,,,,,0,0,0,0,0,0,1,1,1947-04-17,,0,,
442089,0078000,1,大分県,オオイタケン,Oita,,,,竹田市,タケタシ,Taketa-shi,,,,直入町大字上田北,ナオイリマチオオアザカミタキタ,,,,,,,,,0,0,0,0,0,0,1,1,1947-04-17,,0,,
442089,0079000,1,大分県,オオイタケン,Oita,,,,竹田市,タケタシ,Taketa-shi,,,,直入町大字神堤,ナオイリマチオオアザカミツツミ,,,,,,,,,0,0,0,0,0,0,1,1,1947-04-17,,0,,
442089,0080000,1,大分県,オオイタケン,Oita,,,,竹田市,タケタシ,Taketa-shi,,,,直入町大字下田北,ナオイリマチオオアザシモタキタ,,,,,,,,,0,0,0,0,0,0,1,1,1947-04-17,,0,,
442089,0081000,1,大分県,オオイタケン,Oita,,,,竹田市,タケタシ,Taketa-shi,,,,直入町大字長湯,ナオイリマチオオアザナガユ,,,,,,,,,0,0,0,0,0,0,1,1,1947-04-17,,0,,
442097,0000101,3,大分県,オオイタケン,Oita,,,,豊後高田市,ブンゴタカダシ,Bungotakada-shi,,,,,,,,,,庵ノ迫,アンノサコ,,,0,0,0,1,0,0,0,0,1947-04-17,,0,,
442097,0000102,3,大分県,オオイタケン,Oita,,,,豊後高田市,ブンゴタカダシ,Bungotakada-shi,,,,,,,,,,磯,イソ,,,0,0,0,1,0,0,0,0,1947-04-17,,0,,
442097,0000103,3,大分県,オオイタケン,Oita,,,,豊後高田市,ブンゴタカダシ,Bungotakada-shi,,,,,,,,,,磯町,イソマチ,,,0,0,0,1,0,0,0,0,1947-04-17,,0,,
442097,0000104,3,大分県,オオイタケン,Oita,,,,豊後高田市,ブンゴタカダシ,Bungotakada-shi,,,,,,,,,,一ノ払,イチノハライ,,,0,0,0,1,0,0,0,0,1947-04-17,,0,,
442097,0000105,3,大分県,オオイタケン,Oita,,,,豊後高田市,ブンゴタカダシ,Bungotakada-shi,,,,,,,,,,羽根上,ハネカミ,,,0,0,0,1,0,0,0,0,1947-04-17,,0,,
442097,0000106,3,大分県,オオイタケン,Oita,,,,豊後高田市,ブンゴタカダシ,Bungotakada-shi,,,,,,,,,,羽根浜,ハネハマ,,,0,0,0,1,0,0,0,0,1947-04-17,,0,,
442097,0000107,3,大分県,オオイタケン,Oita,,,,豊後高田市,ブンゴタカダシ,Bungotakada-shi,,,,,,,,,,羽迫,ハサコ,,,0,0,0,1,0,0,0,0,1947-04-17,,0,,
442097,0000108,3,大分県,オオイタケン,Oita,,,,豊後高田市,ブンゴタカダシ,Bungotakada-shi,,,,,,,,,,臼泊,ウスドマリ,,,0,0,0,1,0,0,0,0,1947-04-17,,0,,
442097,0000109,3,大分県,オオイタケン,Oita,,,,豊後高田市,ブンゴタカダシ,Bungotakada-shi,,,,,,,,,,雲林,クモバヤシ,,,0,0,0,1,0,0,0,0,1947-04-17,,0,,
442097,0000110,3,大分県,オオイタケン,Oita,,,,豊後高田市,ブンゴタカダシ,Bungotakada-shi,,,,,,,,,,影平,カゲヒラ,,,0,0,0,1,0,0,0,0,1947-04-17,,0,,
442097,0000111,3,大分県,オオイタケン,Oita,,,,豊後高田市,ブンゴタカダシ,Bungotakada-shi,,,,,,,,,,塩屋,シオヤ,,,0,0,0,1,0,0,0,0,1947-04-17,,0,,
442097,0000112,3,大分県,オオイタケン,Oita,,,,豊後高田市,ブンゴタカダシ,Bungotakada-shi,,,,,,,,,,奥畑,オクバタ,,,0,0,0,1,0,0,0,0,1947-04-17,,0,,
442097,0000113,3,大分県,オオイタケン,Oita,,,,豊後高田市,ブンゴタカダシ,Bungotakada-shi,,,,,,,,,,横岳,ヨコダケ,,,0,0,0,1,0,0,0,0,1947-04-17,,0,,
442097,0000114,3,大分県,オオイタケン,Oita,,,,豊後高田市,ブンゴタカダシ,Bungotakada-shi,,,,,,,,,,横山,ヨコヤマ,,,0,0,0,1,0,0,0,0,1947-04-17,,0,,
442097,0000115,3,大分県,オオイタケン,Oita,,,,豊後高田市,ブンゴタカダシ,Bungotakada-shi,,,,,,,,,,横内,ヨコウチ,,,0,0,0,1,0,0,0,0,1947-04-17,,0,,
442097,0000116,3,大分県,オオイタケン,Oita,,,,豊後高田市,ブンゴタカダシ,Bungotakada-shi,,,,,,,,,,横泊,ヨコドマリ,,,0,0,0,1,0,0,0,0,1947-04-17,,0,,
442097,0000117,3,大分県,オオイタケン,Oita,,,,豊後高田市,ブンゴタカダシ,Bungotakada-shi,,,,,,,,,,屋山,ヤヤマ,,,0,0,0,1,0,0,0,0,1947-04-17,,0,,
442097,0000118,3,大分県,オオイタケン,Oita,,,,豊後高田市,ブンゴタカダシ,Bungotakada-shi,,,,,,,,,,下,シモ,,,0,0,0,1,0,0,0,0,1947-04-17,,0,,
442097,0000119,3,大分県,オオイタケン,Oita,,,,豊後高田市,ブンゴタカダシ,Bungotakada-shi,,,,,,,,,,下黒土,シモグロツチ,,,0,0,0,1,0,0,0,0,1947-04-17,,0,,
442097,0000120,3,大分県,オオイタケン,Oita,,,,豊後高田市,ブンゴタカダシ,Bungotakada-shi,,,,,,,,,,下佐古,シモサコ,,,0,0,0,1,0,0,0,0,1947-04-17,,0,,
442097,0000121,3,大分県,オオイタケン,Oita,,,,豊後高田市,ブンゴタカダシ,Bungotakada-shi,,,,,,,,,,下小畑,シモコバタ,,,0,0,0,1,0,0,0,0,1947-04-17,,0,,
442097,0000122,3,大分県,オオイタケン,Oita,,,,豊後高田市,ブンゴタカダシ,Bungotakada-shi,,,,,,,,,,下城前,シモジョウノマエ,,,0,0,0,1,0,0,0,0,1947-04-17,,0,,
442097,0000123,3,大分県,オオイタケン,Oita,,,,豊後高田市,ブンゴタカダシ,Bungotakada-shi,,,,,,,,,,下町,シモマチ,,,0,0,0,1,0,0,0,0,1947-04-17,,0,,
442097,0000124,3,大分県,オオイタケン,Oita,,,,豊後高田市,ブンゴタカダシ,Bungotakada-shi,,,,,,,,,,下長岩屋,シモナガイワヤ,,,0,0,0,1,0,0,0,0,1947-04-17,,0,,
442097,0000125,3,大分県,オオイタケン,Oita,,,,豊後高田市,ブンゴタカダシ,Bungotakada-shi,,,,,,,,,,下坊中,シモボウジュウ,,,0,0,0,1,0,0,0,0,1947-04-17,,0,,
442097,0000126,3,大分県,オオイタケン,Oita,,,,豊後高田市,ブンゴタカダシ,Bungotakada-shi,,,,,,,,,,下野部,シモノウベ,,,0,0,0,1,0,0,0,0,1947-04-17,,0,,
442097,0000127,3,大分県,オオイタケン,Oita,,,,豊後高田市,ブンゴタカダシ,Bungotakada-shi,,,,,,,,,,伽藍,ガロン,,,0,0,0,1,0,0,0,0,1947-04-17,,0,,
442097,0000128,3,大分県,オオイタケン,Oita,,,,豊後高田市,ブンゴタカダシ,Bungotakada-shi,,,,,,,,,,夏吉,ナツヨシ,,,0,0,0,1,0,0,0,0,1947-04-17,,0,,
442097,0000129,3,大分県,オオイタケン,Oita,,,,豊後高田市,ブンゴタカダシ,Bungotakada-shi,,,,,,,,,,夏目,ナツメ,,,0,0,0,1,0,0,0,0,1947-04-17,,0,,
442097,0000130,3,大分県,オオイタケン,Oita,,,,豊後高田市,ブンゴタカダシ,Bungotakada-shi,,,,,,,,,,灰屋,ハイヤ,,,0,0,0,1,0,0,0,0,1947-04-17,,0,,
442097,0000131,3,大分県,オオイタケン,Oita,,,,豊後高田市,ブンゴタカダシ,Bungotakada-shi,,,,,,,,,,開作,カイサク,,,0,0,0,1,0,0,0,0,1947-04-17,,0,,
442097,0000132,3,大分県,オオイタケン,Oita,,,,豊後高田市,ブンゴタカダシ,Bungotakada-shi,,,,,,,,,,叶渕,カネブチ,,,0,0,0,1,0,0,0,0,1947-04-17,,0,,
442097,0000133,3,大分県,オオイタケン,Oita,,,,豊後高田市,ブンゴタカダシ,Bungotakada-shi,,,,,,,,,,鴨尾,カモ,,,0,0,0,1,0,0,0,0,1947-04-17,,0,,
442097,0000134,3,大分県,オオイタケン,Oita,,,,豊後高田市,ブンゴタカダシ,Bungotakada-shi,,,,,,,,,,甘木,アマキ,,,0,0,0,1,0,0,0,0,1947-04-17,,0,,
442097,0000135,3,大分県,オオイタケン,Oita,,,,豊後高田市,ブンゴタカダシ,Bungotakada-shi,,,,,,,,,,間戸,マド,,,0,0,0,1,0,0,0,0,1947-04-17,,0,,
442097,0000136,3,大分県,オオイタケン,Oita,,,,豊後高田市,ブンゴタカダシ,Bungotakada-shi,,,,,,,,,,丸山,マルヤマ,,,0,0,0,1,0,0,0,0,1947-04-17,,0,,
442097,0000137,3,大分県,オオイタケン,Oita,,,,豊後高田市,ブンゴタカダシ,Bungotakada-shi,,,,,,,,,,岩竹,イワタケ,,,0,0,0,1,0,0,0,0,1947-04-17,,0,,
442097,0000138,3,大分県,オオイタケン,Oita,,,,豊後高田市,ブンゴタカダシ,Bungotakada-shi,,,,,,,,,,岩脇,イワキ,,,0,0,0,1,0,0,0,0,1947-04-17,,0,,
442097,0000139,3,大分県,オオイタケン,Oita,,,,豊後高田市,ブンゴタカダシ,Bungotakada-shi,,,,,,,,,,貴船,キブネ,,,0,0,0,1,0,0,0,0,1947-04-17,,0,,
442097,0000140,3,大分県,オオイタケン,Oita,,,,豊後高田市,ブンゴタカダシ,Bungotakada-shi,,,,,,,,,,吉武,ヨシタケ,,,0,0,0,1,0,0,0,0,1947-04-17,,0,,
442097,0000141,3,大分県,オオイタケン,Oita,,,,豊後高田市,ブンゴタカダシ,Bungotakada-shi,,,,,,,,,,宮町,ミヤマチ,,,0,0,0,1,0,0,0,0,1947-04-17,,0,,
442097,0000142,3,大分県,オオイタケン,Oita,,,,豊後高田市,ブンゴタカダシ,Bungotakada-shi,,,,,,,,,,牛迫,ウシサコ,,,0,0,0,1,0,0,0,0,1947-04-17,,0,,
442097,0000143,3,大分県,オオイタケン,Oita,,,,豊後高田市,ブンゴタカダシ,Bungotakada-shi,,,,,,,,,,鏡谷,カガミダニ,,,0,0,0,1,0,0,0,0,1947-04-17,,0,,
442097,0000144,3,大分県,オオイタケン,Oita,,,,豊後高田市,ブンゴタカダシ,Bungotakada-shi,,,,,,,,,,鏡迫,カガミサコ,,,0,0,0,1,0,0,0,0,1947-04-17,,0,,
442097,0000145,3,大分県,オオイタケン,Oita,,,,豊後高田市,ブンゴタカダシ,Bungotakada-shi,,,,,,,,,,琴ノ組,コトノクミ,,,0,0,0,1,0,0,0,0,1947-04-17,,0,,
442097,0000146,3,大分県,オオイタケン,Oita,,,,豊後高田市,ブンゴタカダシ,Bungotakada-shi,,,,,,,,,,近広,チカヒロ,,,0,0,0,1,0,0,0,0,1947-04-17,,0,,
442097,0000147,3,大分県,オオイタケン,Oita,,,,豊後高田市,ブンゴタカダシ,Bungotakada-shi,,,,,,,,,,金屋西,カナヤニシ,,,0,0,0,1,0,0,0,0,1947-04-17,,0,,
442097,0000148,3,大分県,オオイタケン,Oita,,,,豊後高田市,ブンゴタカダシ,Bungotakada-shi,,,,,,,,,,金屋中,カナヤナカ,,,0,0,0,1,0,0,0,0,1947-04-17,,0,,
442097,0000149,3,大分県,オオイタケン,Oita,,,,豊後高田市,ブンゴタカダシ,Bungotakada-shi,,,,,,,,,,金屋東,カナヤヒガシ,,,0,0,0,1,0,0,0,0,1947-04-17,,0,,
442097,0000150,3,大分県,オオイタケン,Oita,,,,豊後高田市,ブンゴタカダシ,Bungotakada-shi,,,,,,,,,,空木,ウツギ,,,0,0,0,1,0,0,0,0,1947-04-17,,0,,
442097,0000151,3,大分県,オオイタケン,Oita,,,,豊後高田市,ブンゴタカダシ,Bungotakada-shi,,,,,,,,,,熊野,クマノ,,,0,0,0,1,0,0,0,0,1947-04-17,,0,,
442097,0000152,3,大分県,オオイタケン,Oita,,,,豊後高田市,ブンゴタカダシ,Bungotakada-shi,,,,,,,,,,恵良,エラ,,,0,0,0,1,0,0,0,0,1947-04-17,,0,,
442097,0000153,3,大分県,オオイタケン,Oita,,,,豊後高田市,ブンゴタカダシ,Bungotakada-shi,,,,,,,,,,桂,カツラ,,,0,0,0,1,0,0,0,0,1947-04-17,,0,,
442097,0000154,3,大分県,オオイタケン,Oita,,,,豊後高田市,ブンゴタカダシ,Bungotakada-shi,,,,,,,,,,兼峯,カネミネ,,,0,0,0,1,0,0,0,0,1947-04-17,,0,,
442097,0000155,3,大分県,オオイタケン,Oita,,,,豊後高田市,ブンゴタカダシ,Bungotakada-shi,,,,,,,,,,犬田,インダ,,,0,0,0,1,0,0,0,0,1947-04-17,,0,,
442097,0000156,3,大分県,オオイタケン,Oita,,,,豊後高田市,ブンゴタカダシ,Bungotakada-shi,,,,,,,,,,見世,ミセ,,,0,0,0,1,0,0,0,0,1947-04-17,,0,,
442097,0000157,3,大分県,オオイタケン,Oita,,,,豊後高田市,ブンゴタカダシ,Bungotakada-shi,,,,,,,,,,元兼,モトカネ,,,0,0,0,1,0,0,0,0,1947-04-17,,0,,
442097,0000158,3,大分県,オオイタケン,Oita,,,,豊後高田市,ブンゴタカダシ,Bungotakada-shi,,,,,,,,,,原,ハル,,,0,0,0,1,0,0,0,0,1947-04-17,,0,,
442097,0000159,3,大分県,オオイタケン,Oita,,,,豊後高田市,ブンゴタカダシ,Bungotakada-shi,,,,,,,,,,古城,フルジョウ,,,0,0,0,1,0,0,0,0,1947-04-17,,0,,
442097,0000160,3,大分県,オオイタケン,Oita,,,,豊後高田市,ブンゴタカダシ,Bungotakada-shi,,,,,,,,,,五郎丸,ゴロウマル,,,0,0,0,1,0,0,0,0,1947-04-17,,0,,
442097,0000161,3,大分県,オオイタケン,Oita,,,,豊後高田市,ブンゴタカダシ,Bungotakada-shi,,,,,,,,,,後野,ウシロノ,,,0,0,0,1,0,0,0,0,1947-04-17,,0,,
442097,0000162,3,大分県,オオイタケン,Oita,,,,豊後高田市,ブンゴタカダシ,Bungotakada-shi,,,,,,,,,,向鍛冶屋,ムコウカジヤ,,,0,0,0,1,0,0,0,0,1947-04-17,,0,,
442097,0000163,3,大分県,オオイタケン,Oita,,,,豊後高田市,ブンゴタカダシ,Bungotakada-shi,,,,,,,,,,広瀬,ヒロセ,,,0,0,0,1,0,0,0,0,1947-04-17,,0,,
442097,0000164,3,大分県,オオイタケン,Oita,,,,豊後高田市,ブンゴタカダシ,Bungotakada-shi,,,,,,,,,,行園,ギョウデノ,,,0,0,0,1,0,0,0,0,1947-04-17,,0,,
442097,0000165,3,大分県,オオイタケン,Oita,,,,豊後高田市,ブンゴタカダシ,Bungotakada-shi,,,,,,,,,,行常,ユキツネ,,,0,0,0,1,0,0,0,0,1947-04-17,,0,,
442097,0000166,3,大分県,オオイタケン,Oita,,,,豊後高田市,ブンゴタカダシ,Bungotakada-shi,,,,,,,,,,高宇田,タコウダ,,,0,0,0,1,0,0,0,0,1947-04-17,,0,,
442097,0000167,3,大分県,オオイタケン,Oita,,,,豊後高田市,ブンゴタカダシ,Bungotakada-shi,,,,,,,,,,黒松,クロマツ,,,0,0,0,1,0,0,0,0,1947-04-17,,0,,
442097,0000168,3,大分県,オオイタケン,Oita,,,,豊後高田市,ブンゴタカダシ,Bungotakada-shi,,,,,,,,,,今下田,イマゲタ,,,0,0,0,1,0,0,0,0,1947-04-17,,0,,
442097,0000169,3,大分県,オオイタケン,Oita,,,,豊後高田市,ブンゴタカダシ,Bungotakada-shi,,,,,,,,,,今祥,イマショウ,,,0,0,0,1,0,0,0,0,1947-04-17,,0,,
442097,0000170,3,大分県,オオイタケン,Oita,,,,豊後高田市,ブンゴタカダシ,Bungotakada-shi,,,,,,,,,,今村,イマムラ,,,0,0,0,1,0,0,0,0,1947-04-17,,0,,
442097,0000171,3,大分県,オオイタケン,Oita,,,,豊後高田市,ブンゴタカダシ,Bungotakada-shi,,,,,,,,,,佐屋ノ元,サヤノモト,,,0,0,0,1,0,0,0,0,1947-04-17,,0,,
442097,0000172,3,大分県,オオイタケン,Oita,,,,豊後高田市,ブンゴタカダシ,Bungotakada-shi,,,,,,,,,,坂ノ上,サカノウエ,,,0,0,0,1,0,0,0,0,1947-04-17,,0,,
442097,0000173,3,大分県,オオイタケン,Oita,,,,豊後高田市,ブンゴタカダシ,Bungotakada-shi,,,,,,,,,,坂口,サカグチ,,,0,0,0,1,0,0,0,0,1947-04-17,,0,,
442097,0000174,3,大分県,オオイタケン,Oita,,,,豊後高田市,ブンゴタカダシ,Bungotakada-shi,,,,,,,,,,三安,サンヤス,,,0,0,0,1,0,0,0,0,1947-04-17,,0,,
442097,0000175,3,大分県,オオイタケン,Oita,,,,豊後高田市,ブンゴタカダシ,Bungotakada-shi,,,,,,,,,,三畑,ミハタ,,,0,0,0,1,0,0,0,0,1947-04-17,,0,,
442097,0000176,3,大分県,オオイタケン,Oita,,,,豊後高田市,ブンゴタカダシ,Bungotakada-shi,,,,,,,,,,三友,サンユウ,,,0,0,0,1,0,0,0,0,1947-04-17,,0,,
442097,0000177,3,大分県,オオイタケン,Oita,,,,豊後高田市,ブンゴタカダシ,Bungotakada-shi,,,,,,,,,,山ノ神,ヤマノカミ,,,0,0,0,1,0,0,0,0,1947-04-17,,0,,
442097,0000178,3,大分県,オオイタケン,Oita,,,,豊後高田市,ブンゴタカダシ,Bungotakada-shi,,,,,,,,,,山下,ヤマシタ,,,0,0,0,1,0,0,0,0,1947-04-17,,0,,
442097,0000179,3,大分県,オオイタケン,Oita,,,,豊後高田市,ブンゴタカダシ,Bungotakada-shi,,,,,,,,,,算所,サンジョ,,,0,0,0,1,0,0,0,0,1947-04-17,,0,,
442097,0000180,3,大分県,オオイタケン,Oita,,,,豊後高田市,ブンゴタカダシ,Bungotakada-shi,,,,,,,,,,四土居,ヨドイ,,,0,0,0,1,0,0,0,0,1947-04-17,,0,,
442097,0000181,3,大分県,オオイタケン,Oita,,,,豊後高田市,ブンゴタカダシ,Bungotakada-shi,,,,,,,,,,志手町,シテマチ,,,0,0,0,1,0,0,0,0,1947-04-17,,0,,
442097,0000182,3,大分県,オオイタケン,Oita,,,,豊後高田市,ブンゴタカダシ,Bungotakada-shi,,,,,,,,,,獅坪,シシツボ,,,0,0,0,1,0,0,0,0,1947-04-17,,0,,
442097,0000183,3,大分県,オオイタケン,Oita,,,,豊後高田市,ブンゴタカダシ,Bungotakada-shi,,,,,,,,,,寺原,テラノハル,,,0,0,0,1,0,0,0,0,1947-04-17,,0,,
442097,0000184,3,大分県,オオイタケン,Oita,,,,豊後高田市,ブンゴタカダシ,Bungotakada-shi,,,,,,,,,,寺田,テラダ,,,0,0,0,1,0,0,0,0,1947-04-17,,0,,
442097,0000185,3,大分県,オオイタケン,Oita,,,,豊後高田市,ブンゴタカダシ,Bungotakada-shi,,,,,,,,,,時安,トキヤス,,,0,0,0,1,0,0,0,0,1947-04-17,,0,,
442097,0000186,3,大分県,オオイタケン,Oita,,,,豊後高田市,ブンゴタカダシ,Bungotakada-shi,,,,,,,,,,七田,シッタ,,,0,0,0,1,0,0,0,0,1947-04-17,,0,,
442097,0000187,3,大分県,オオイタケン,Oita,,,,豊後高田市,ブンゴタカダシ,Bungotakada-shi,,,,,,,,,,芝場,シババ,,,0,0,0,1,0,0,0,0,1947-04-17,,0,,
442097,0000188,3,大分県,オオイタケン,Oita,,,,豊後高田市,ブンゴタカダシ,Bungotakada-shi,,,,,,,,,,周年寺,シュウネンジ,,,0,0,0,1,0,0,0,0,1947-04-17,,0,,
442097,0000189,3,大分県,オオイタケン,Oita,,,,豊後高田市,ブンゴタカダシ,Bungotakada-shi,,,,,,,,,,秋成,アキナリ,,,0,0,0,1,0,0,0,0,1947-04-17,,0,,
442097,0000190,3,大分県,オオイタケン,Oita,,,,豊後高田市,ブンゴタカダシ,Bungotakada-shi,,,,,,,,,,小河内,オカワチ,,,0,0,0,1,0,0,0,0,1947-04-17,,0,,
442097,0000191,3,大分県,オオイタケン,Oita,,,,豊後高田市,ブンゴタカダシ,Bungotakada-shi,,,,,,,,,,小池,コイケ,,,0,0,0,1,0,0,0,0,1947-04-17,,0,,
442097,0000192,3,大分県,オオイタケン,Oita,,,,豊後高田市,ブンゴタカダシ,Bungotakada-shi,,,,,,,,,,小藤,オフジ,,,0,0,0,1,0,0,0,0,1947-04-17,,0,,
442097,0000193,3,大分県,オオイタケン,Oita,,,,豊後高田市,ブンゴタカダシ,Bungotakada-shi,,,,,,,,,,小野迫,オノサコ,,,0,0,0,1,0,0,0,0,1947-04-17,,0,,
442097,0000194,3,大分県,オオイタケン,Oita,,,,豊後高田市,ブンゴタカダシ,Bungotakada-shi,,,,,,,,,,小林,オバヤシ,,,0,0,0,1,0,0,0,0,1947-04-17,,0,,
442097,0000195,3,大分県,オオイタケン,Oita,,,,豊後高田市,ブンゴタカダシ,Bungotakada-shi,,,,,,,,,,庄屋,ショウヤ,,,0,0,0,1,0,0,0,0,1947-04-17,,0,,
442097,0000196,3,大分県,オオイタケン,Oita,,,,豊後高田市,ブンゴタカダシ,Bungotakada-shi,,,,,,,,,,庄屋土居,ショウヤドイ,,,0,0,0,1,0,0,0,0,1947-04-17,,0,,
442097,0000197,3,大分県,オオイタケン,Oita,,,,豊後高田市,ブンゴタカダシ,Bungotakada-shi,,,,,,,,,,松の木,マツノキ,,,0,0,0,1,0,0,0,0,1947-04-17,,0,,
442097,0000198,3,大分県,オオイタケン,Oita,,,,豊後高田市,ブンゴタカダシ,Bungotakada-shi,,,,,,,,,,松原,マツバラ,,,0,0,0,1,0,0,0,0,1947-04-17,,0,,
442097,0000199,3,大分県,オオイタケン,Oita,,,,豊後高田市,ブンゴタカダシ,Bungotakada-shi,,,,,,,,,,松津,ショウヅ,,,0,0,0,1,0,0,0,0,1947-04-17,,0,,
442097,0000200,3,大分県,オオイタケン,Oita,,,,豊後高田市,ブンゴタカダシ,Bungotakada-shi,,,,,,,,,,焼野,ヤケノ,,,0,0,0,1,0,0,0,0,1947-04-17,,0,,
442097,0000201,3,大分県,オオイタケン,Oita,,,,豊後高田市,ブンゴタカダシ,Bungotakada-shi,,,,,,,,,,上黒土,カミグロツチ,,,0,0,0,1,0,0,0,0,1947-04-17,,0,,
442097,0000202,3,大分県,オオイタケン,Oita,,,,豊後高田市,ブンゴタカダシ,Bungotakada-shi,,,,,,,,,,上佐古,カミサコ,,,0,0,0,1,0,0,0,0,1947-04-17,,0,,
442097,0000203,3,大分県,オオイタケン,Oita,,,,豊後高田市,ブンゴタカダシ,Bungotakada-shi,,,,,,,,,,上小畑,カミコバタ,,,0,0,0,1,0,0,0,0,1947-04-17,,0,,
442097,0000204,3,大分県,オオイタケン,Oita,,,,豊後高田市,ブンゴタカダシ,Bungotakada-shi,,,,,,,,,,上城前,カミジョウノマエ,,,0,0,0,1,0,0,0,0,1947-04-17,,0,,
442097,0000205,3,大分県,オオイタケン,Oita,,,,豊後高田市,ブンゴタカダシ,Bungotakada-shi,,,,,,,,,,上村,カミムラ,,,0,0,0,1,0,0,0,0,1947-04-17,,0,,
442097,0000206,3,大分県,オオイタケン,Oita,,,,豊後高田市,ブンゴタカダシ,Bungotakada-shi,,,,,,,,,,上町,カンマチ,,,0,0,0,1,0,0,0,0,1947-04-17,,0,,
442097,0000207,3,大分県,オオイタケン,Oita,,,,豊後高田市,ブンゴタカダシ,Bungotakada-shi,,,,,,,,,,上長岩屋,カミナガイワヤ,,,0,0,0,1,0,0,0,0,1947-04-17,,0,,
442097,0000208,3,大分県,オオイタケン,Oita,,,,豊後高田市,ブンゴタカダシ,Bungotakada-shi,,,,,,,,,,上南,カミナン,,,0,0,0,1,0,0,0,0,1947-04-17,,0,,
442097,0000209,3,大分県,オオイタケン,Oita,,,,豊後高田市,ブンゴタカダシ,Bungotakada-shi,,,,,,,,,,上坊中,カミボウジュウ,,,0,0,0,1,0,0,0,0,1947-04-17,,0,,
442097,0000210,3,大分県,オオイタケン,Oita,,,,豊後高田市,ブンゴタカダシ,Bungotakada-shi,,,,,,,,,,上北,カミホク,,,0,0,0,1,0,0,0,0,1947-04-17,,0,,
442097,0000211,3,大分県,オオイタケン,Oita,,,,豊後高田市,ブンゴタカダシ,Bungotakada-shi,,,,,,,,,,上野部,カミノウベ,,,0,0,0,1,0,0,0,0,1947-04-17,,0,,
442097,0000212,3,大分県,オオイタケン,Oita,,,,豊後高田市,ブンゴタカダシ,Bungotakada-shi,,,,,,,,,,常盤下,トキワシモ,,,0,0,0,1,0,0,0,0,1947-04-17,,0,,
442097,0000213,3,大分県,オオイタケン,Oita,,,,豊後高田市,ブンゴタカダシ,Bungotakada-shi,,,,,,,,,,常盤上,トキワカミ,,,0,0,0,1,0,0,0,0,1947-04-17,,0,,
442097,0000214,3,大分県,オオイタケン,Oita,,,,豊後高田市,ブンゴタカダシ,Bungotakada-shi,,,,,,,,,,新屋敷,シンヤシキ,,,0,0,0,1,0,0,0,0,1947-04-17,,0,,
442097,0000215,3,大分県,オオイタケン,Oita,,,,豊後高田市,ブンゴタカダシ,Bungotakada-shi,,,,,,,,,,新粥,シンガイ,,,0,0,0,1,0,0,0,0,1947-04-17,,0,,
442097,0000216,3,大分県,オオイタケン,Oita,,,,豊後高田市,ブンゴタカダシ,Bungotakada-shi,,,,,,,,,,新田,ニイダ,,,0,0,0,1,0,0,0,0,1947-04-17,,0,,
442097,0000217,3,大分県,オオイタケン,Oita,,,,豊後高田市,ブンゴタカダシ,Bungotakada-shi,,,,,,,,,,新波止,シンバト,,,0,0,0,1,0,0,0,0,1947-04-17,,0,,
442097,0000218,3,大分県,オオイタケン,Oita,,,,豊後高田市,ブンゴタカダシ,Bungotakada-shi,,,,,,,,,,仁田,ニタ,,,0,0,0,1,0,0,0,0,1947-04-17,,0,,
442097,0000219,3,大分県,オオイタケン,Oita,,,,豊後高田市,ブンゴタカダシ,Bungotakada-shi,,,,,,,,,,水崎新開,ミズサキシンカイ,,,0,0,0,1,0,0,0,0,1947-04-17,,0,,
442097,0000220,3,大分県,オオイタケン,Oita,,,,豊後高田市,ブンゴタカダシ,Bungotakada-shi,,,,,,,,,,清滝,キヨタキ,,,0,0,0,1,0,0,0,0,1947-04-17,,0,,
442097,0000221,3,大分県,オオイタケン,Oita,,,,豊後高田市,ブンゴタカダシ,Bungotakada-shi,,,,,,,,,,西原,ニシワラ,,,0,0,0,1,0,0,0,0,1947-04-17,,0,,
442097,0000222,3,大分県,オオイタケン,Oita,,,,豊後高田市,ブンゴタカダシ,Bungotakada-shi,,,,,,,,,,西狩場,ニシカリバ,,,0,0,0,1,0,0,0,0,1947-04-17,,0,,
442097,0000223,3,大分県,オオイタケン,Oita,,,,豊後高田市,ブンゴタカダシ,Bungotakada-shi,,,,,,,,,,西新町,ニシシンマチ,,,0,0,0,1,0,0,0,0,1947-04-17,,0,,
442097,0000224,3,大分県,オオイタケン,Oita,,,,豊後高田市,ブンゴタカダシ,Bungotakada-shi,,,,,,,,,,西川,ニシゴウ,,,0,0,0,1,0,0,0,0,1947-04-17,,0,,
442097,0000225,3,大分県,オオイタケン,Oita,,,,豊後高田市,ブンゴタカダシ,Bungotakada-shi,,,,,,,,,,西村,ニシムラ,,,0,0,0,1,0,0,0,0,1947-04-17,,0,,
442097,0000226,3,大分県,オオイタケン,Oita,,,,豊後高田市,ブンゴタカダシ,Bungotakada-shi,,,,,,,,,,西土居,ニシドイ,,,0,0,0,1,0,0,0,0,1947-04-17,,0,,
442097,0000227,3,大分県,オオイタケン,Oita,,,,豊後高田市,ブンゴタカダシ,Bungotakada-shi,,,,,,,,,,西畑,ニシバタ,,,0,0,0,1,0,0,0,0,1947-04-17,,0,,
442097,0000228,3,大分県,オオイタケン,Oita,,,,豊後高田市,ブンゴタカダシ,Bungotakada-shi,,,,,,,,,,西浜,ニシハマ,,,0,0,0,1,0,0,0,0,1947-04-17,,0,,
442097,0000229,3,大分県,オオイタケン,Oita,,,,豊後高田市,ブンゴタカダシ,Bungotakada-shi,,,,,,,,,,西浜田,ニシハマダ,,,0,0,0,1,0,0,0,0,1947-04-17,,0,,
442097,0000230,3,大分県,オオイタケン,Oita,,,,豊後高田市,ブンゴタカダシ,Bungotakada-shi,,,,,,,,,,西部,セイブ,,,0,0,0,1,0,0,0,0,1947-04-17,,0,,
442097,0000231,3,大分県,オオイタケン,Oita,,,,豊後高田市,ブンゴタカダシ,Bungotakada-shi,,,,,,,,,,請,ウケ,,,0,0,0,1,0,0,0,0,1947-04-17,,0,,
442097,0000232,3,大分県,オオイタケン,Oita,,,,豊後高田市,ブンゴタカダシ,Bungotakada-shi,,,,,,,,,,青宇田,アウダ,,,0,0,0,1,0,0,0,0,1947-04-17,,0,,
442097,0000233,3,大分県,オオイタケン,Oita,,,,豊後高田市,ブンゴタカダシ,Bungotakada-shi,,,,,,,,,,石部,イシベ,,,0,0,0,1,0,0,0,0,1947-04-17,,0,,
442097,0000234,3,大分県,オオイタケン,Oita,,,,豊後高田市,ブンゴタカダシ,Bungotakada-shi,,,,,,,,,,赤坂,アカサカ,,,0,0,0,1,0,0,0,0,1947-04-17,,0,,
442097,0000235,3,大分県,オオイタケン,Oita,,,,豊後高田市,ブンゴタカダシ,Bungotakada-shi,,,,,,,,,,川原,カワラ,,,0,0,0,1,0,0,0,0,1947-04-17,,0,,
442097,0000236,3,大分県,オオイタケン,Oita,,,,豊後高田市,ブンゴタカダシ,Bungotakada-shi,,,,,,,,,,泉源寺,センゲンジ,,,0,0,0,1,0,0,0,0,1947-04-17,,0,,
442097,0000237,3,大分県,オオイタケン,Oita,,,,豊後高田市,ブンゴタカダシ,Bungotakada-shi,,,,,,,,,,前田,マエダ,,,0,0,0,1,0,0,0,0,1947-04-17,,0,,
442097,0000238,3,大分県,オオイタケン,Oita,,,,豊後高田市,ブンゴタカダシ,Bungotakada-shi,,,,,,,,,,早田,ワサダ,,,0,0,0,1,0,0,0,0,1947-04-17,,0,,
442097,0000239,3,大分県,オオイタケン,Oita,,,,豊後高田市,ブンゴタカダシ,Bungotakada-shi,,,,,,,,,,大曲,オオマガリ,,,0,0,0,1,0,0,0,0,1947-04-17,,0,,
442097,0000240,3,大分県,オオイタケン,Oita,,,,豊後高田市,ブンゴタカダシ,Bungotakada-shi,,,,,,,,,,大高島,オオダカシマ,,,0,0,0,1,0,0,0,0,1947-04-17,,0,,
442097,0000241,3,大分県,オオイタケン,Oita,,,,豊後高田市,ブンゴタカダシ,Bungotakada-shi,,,,,,,,,,大村,オオムラ,,,0,0,0,1,0,0,0,0,1947-04-17,,0,,
442097,0000242,3,大分県,オオイタケン,Oita,,,,豊後高田市,ブンゴタカダシ,Bungotakada-shi,,,,,,,,,,大村下,オオムラシモ,,,0,0,0,1,0,0,0,0,1947-04-17,,0,,
442097,0000243,3,大分県,オオイタケン,Oita,,,,豊後高田市,ブンゴタカダシ,Bungotakada-shi,,,,,,,,,,大村上,オオムラカミ,,,0,0,0,1,0,0,0,0,1947-04-17,,0,,
442097,0000244,3,大分県,オオイタケン,Oita,,,,豊後高田市,ブンゴタカダシ,Bungotakada-shi,,,,,,,,,,大門,ダイモン,,,0,0,0,1,0,0,0,0,1947-04-17,,0,,
442097,0000245,3,大分県,オオイタケン,Oita,,,,豊後高田市,ブンゴタカダシ,Bungotakada-shi,,,,,,,,,,谷,タニ,,,0,0,0,1,0,0,0,0,1947-04-17,,0,,
442097,0000246,3,大分県,オオイタケン,Oita,,,,豊後高田市,ブンゴタカダシ,Bungotakada-shi,,,,,,,,,,智恩寺,チオンジ,,,0,0,0,1,0,0,0,0,1947-04-17,,0,,
442097,0000247,3,大分県,オオイタケン,Oita,,,,豊後高田市,ブンゴタカダシ,Bungotakada-shi,,,,,,,,,,池田,イケダ,,,0,0,0,1,0,0,0,0,1947-04-17,,0,,
442097,0000248,3,大分県,オオイタケン,Oita,,,,豊後高田市,ブンゴタカダシ,Bungotakada-shi,,,,,,,,,,中ノ島,ナカノシマ,,,0,0,0,1,0,0,0,0,1947-04-17,,0,,
442097,0000249,3,大分県,オオイタケン,Oita,,,,豊後高田市,ブンゴタカダシ,Bungotakada-shi,,,,,,,,,,中央部,チュウオウブ,,,0,0,0,1,0,0,0,0,1947-04-17,,0,,
442097,0000250,3,大分県,オオイタケン,Oita,,,,豊後高田市,ブンゴタカダシ,Bungotakada-shi,,,,,,,,,,中黒土,ナカグロツチ,,,0,0,0,1,0,0,0,0,1947-04-17,,0,,
442097,0000251,3,大分県,オオイタケン,Oita,,,,豊後高田市,ブンゴタカダシ,Bungotakada-shi,,,,,,,,,,中新開,ナカジンカイ,,,0,0,0,1,0,0,0,0,1947-04-17,,0,,
442097,0000252,3,大分県,オオイタケン,Oita,,,,豊後高田市,ブンゴタカダシ,Bungotakada-shi,,,,,,,,,,中村,ナカムラ,,,0,0,0,1,0,0,0,0,1947-04-17,,0,,
442097,0000253,3,大分県,オオイタケン,Oita,,,,豊後高田市,ブンゴタカダシ,Bungotakada-shi,,,,,,,,,,中町,ナカマチ,,,0,0,0,1,0,0,0,0,1947-04-17,,0,,
442097,0000254,3,大分県,オオイタケン,Oita,,,,豊後高田市,ブンゴタカダシ,Bungotakada-shi,,,,,,,,,,中波止,ナカバト,,,0,0,0,1,0,0,0,0,1947-04-17,,0,,
442097,0000255,3,大分県,オオイタケン,Oita,,,,豊後高田市,ブンゴタカダシ,Bungotakada-shi,,,,,,,,,,中部,チュウブ,,,0,0,0,1,0,0,0,0,1947-04-17,,0,,
442097,0000256,3,大分県,オオイタケン,Oita,,,,豊後高田市,ブンゴタカダシ,Bungotakada-shi,,,,,,,,,,中伏,ナカブシ,,,0,0,0,1,0,0,0,0,1947-04-17,,0,,
442097,0000257,3,大分県,オオイタケン,Oita,,,,豊後高田市,ブンゴタカダシ,Bungotakada-shi,,,,,,,,,,中平,ナカヒラ,,,0,0,0,1,0,0,0,0,1947-04-17,,0,,
442097,0000258,3,大分県,オオイタケン,Oita,,,,豊後高田市,ブンゴタカダシ,Bungotakada-shi,,,,,,,,,,潮見,シオミ,,,0,0,0,1,0,0,0,0,1947-04-17,,0,,
442097,0000259,3,大分県,オオイタケン,Oita,,,,豊後高田市,ブンゴタカダシ,Bungotakada-shi,,,,,,,,,,長小野,ナガオノ,,,0,0,0,1,0,0,0,0,1947-04-17,,0,,
442097,0000260,3,大分県,オオイタケン,Oita,,,,豊後高田市,ブンゴタカダシ,Bungotakada-shi,,,,,,,,,,長相,チョウソ,,,0,0,0,1,0,0,0,0,1947-04-17,,0,,
442097,0000261,3,大分県,オオイタケン,Oita,,,,豊後高田市,ブンゴタカダシ,Bungotakada-shi,,,,,,,,,,長添,ナガソエ,,,0,0,0,1,0,0,0,0,1947-04-17,,0,,
442097,0000262,3,大分県,オオイタケン,Oita,,,,豊後高田市,ブンゴタカダシ,Bungotakada-shi,,,,,,,,,,椎原,シイバル,,,0,0,0,1,0,0,0,0,1947-04-17,,0,,
442097,0000263,3,大分県,オオイタケン,Oita,,,,豊後高田市,ブンゴタカダシ,Bungotakada-shi,,,,,,,,,,鶴,ツル,,,0,0,0,1,0,0,0,0,1947-04-17,,0,,
442097,0000264,3,大分県,オオイタケン,Oita,,,,豊後高田市,ブンゴタカダシ,Bungotakada-shi,,,,,,,,,,堤,ツツミ,,,0,0,0,1,0,0,0,0,1947-04-17,,0,,
442097,0000265,3,大分県,オオイタケン,Oita,,,,豊後高田市,ブンゴタカダシ,Bungotakada-shi,,,,,,,,,,天神楽,アマカグラ,,,0,0,0,1,0,0,0,0,1947-04-17,,0,,
442097,0000266,3,大分県,オオイタケン,Oita,,,,豊後高田市,ブンゴタカダシ,Bungotakada-shi,,,,,,,,,,田ノ口,タノクチ,,,0,0,0,1,0,0,0,0,1947-04-17,,0,,
442097,0000267,3,大分県,オオイタケン,Oita,,,,豊後高田市,ブンゴタカダシ,Bungotakada-shi,,,,,,,,,,田井,タイ,,,0,0,0,1,0,0,0,0,1947-04-17,,0,,
442097,0000268,3,大分県,オオイタケン,Oita,,,,豊後高田市,ブンゴタカダシ,Bungotakada-shi,,,,,,,,,,田福,タフク,,,0,0,0,1,0,0,0,0,1947-04-17,,0,,
442097,0000269,3,大分県,オオイタケン,Oita,,,,豊後高田市,ブンゴタカダシ,Bungotakada-shi,,,,,,,,,,東狩場,ヒガシカリバ,,,0,0,0,1,0,0,0,0,1947-04-17,,0,,
442097,0000270,3,大分県,オオイタケン,Oita,,,,豊後高田市,ブンゴタカダシ,Bungotakada-shi,,,,,,,,,,東浜田,ヒガシハマダ,,,0,0,0,1,0,0,0,0,1947-04-17,,0,,
442097,0000271,3,大分県,オオイタケン,Oita,,,,豊後高田市,ブンゴタカダシ,Bungotakada-shi,,,,,,,,,,東部,トウブ,,,0,0,0,1,0,0,0,0,1947-04-17,,0,,
442097,0000272,3,大分県,オオイタケン,Oita,,,,豊後高田市,ブンゴタカダシ,Bungotakada-shi,,,,,,,,,,湯原下,ユハラシモ,,,0,0,0,1,0,0,0,0,1947-04-17,,0,,
442097,0000273,3,大分県,オオイタケン,Oita,,,,豊後高田市,ブンゴタカダシ,Bungotakada-shi,,,,,,,,,,湯原上,ユハラカミ,,,0,0,0,1,0,0,0,0,1947-04-17,,0,,
442097,0000274,3,大分県,オオイタケン,Oita,,,,豊後高田市,ブンゴタカダシ,Bungotakada-shi,,,,,,,,,,堂園,ドウゾノ,,,0,0,0,1,0,0,0,0,1947-04-17,,0,,
442097,0000275,3,大分県,オオイタケン,Oita,,,,豊後高田市,ブンゴタカダシ,Bungotakada-shi,,,,,,,,,,道園,ドウゾノ,,,0,0,0,1,0,0,0,0,1947-04-17,,0,,
442097,0000276,3,大分県,オオイタケン,Oita,,,,豊後高田市,ブンゴタカダシ,Bungotakada-shi,,,,,,,,,,徳久保,トクボ,,,0,0,0,1,0,0,0,0,1947-04-17,,0,,
442097,0000277,3,大分県,オオイタケン,Oita,,,,豊後高田市,ブンゴタカダシ,Bungotakada-shi,,,,,,,,,,徳光,トクミツ,,,0,0,0,1,0,0,0,0,1947-04-17,,0,,
442097,0000278,3,大分県,オオイタケン,Oita,,,,豊後高田市,ブンゴタカダシ,Bungotakada-shi,,,,,,,,,,徳六下,トクロクシモ,,,0,0,0,1,0,0,0,0,1947-04-17,,0,,
442097,0000279,3,大分県,オオイタケン,Oita,,,,豊後高田市,ブンゴタカダシ,Bungotakada-shi,,,,,,,,,,徳六上,トクロクカミ,,,0,0,0,1,0,0,0,0,1947-04-17,,0,,
442097,0000280,3,大分県,オオイタケン,Oita,,,,豊後高田市,ブンゴタカダシ,Bungotakada-shi,,,,,,,,,,内野下の平,ウチノシモノヒラ,,,0,0,0,1,0,0,0,0,1947-04-17,,0,,
442097,0000281,3,大分県,オオイタケン,Oita,,,,豊後高田市,ブンゴタカダシ,Bungotakada-shi,,,,,,,,,,鍋倉,ナベクラ,,,0,0,0,1,0,0,0,0,1947-04-17,,0,,
442097,0000282,3,大分県,オオイタケン,Oita,,,,豊後高田市,ブンゴタカダシ,Bungotakada-shi,,,,,,,,,,楢林,ナラバヤシ,,,0,0,0,1,0,0,0,0,1947-04-17,,0,,
442097,0000283,3,大分県,オオイタケン,Oita,,,,豊後高田市,ブンゴタカダシ,Bungotakada-shi,,,,,,,,,,南部,ナンブ,,,0,0,0,1,0,0,0,0,1947-04-17,,0,,
442097,0000284,3,大分県,オオイタケン,Oita,,,,豊後高田市,ブンゴタカダシ,Bungotakada-shi,,,,,,,,,,入津,ニュウヅ,,,0,0,0,1,0,0,0,0,1947-04-17,,0,,
442097,0000285,3,大分県,オオイタケン,Oita,,,,豊後高田市,ブンゴタカダシ,Bungotakada-shi,,,,,,,,,,入津原,ニュウヅバル,,,0,0,0,1,0,0,0,0,1947-04-17,,0,,
442097,0000286,3,大分県,オオイタケン,Oita,,,,豊後高田市,ブンゴタカダシ,Bungotakada-shi,,,,,,,,,,猫石,ネコイシ,,,0,0,0,1,0,0,0,0,1947-04-17,,0,,
442097,0000287,3,大分県,オオイタケン,Oita,,,,豊後高田市,ブンゴタカダシ,Bungotakada-shi,,,,,,,,,,梅迫,ウメサコ,,,0,0,0,1,0,0,0,0,1947-04-17,,0,,
442097,0000288,3,大分県,オオイタケン,Oita,,,,豊後高田市,ブンゴタカダシ,Bungotakada-shi,,,,,,,,,,梅遊寺畑,バイユウジバタ,,,0,0,0,1,0,0,0,0,1947-04-17,,0,,
442097,0000289,3,大分県,オオイタケン,Oita,,,,豊後高田市,ブンゴタカダシ,Bungotakada-shi,,,,,,,,,,白石,シライシ,,,0,0,0,1,0,0,0,0,1947-04-17,,0,,
442097,0000290,3,大分県,オオイタケン,Oita,,,,豊後高田市,ブンゴタカダシ,Bungotakada-shi,,,,,,,,,,迫,サコ,,,0,0,0,1,0,0,0,0,1947-04-17,,0,,
442097,0000291,3,大分県,オオイタケン,Oita,,,,豊後高田市,ブンゴタカダシ,Bungotakada-shi,,,,,,,,,,迫田,サコダ,,,0,0,0,1,0,0,0,0,1947-04-17,,0,,
442097,0000292,3,大分県,オオイタケン,Oita,,,,豊後高田市,ブンゴタカダシ,Bungotakada-shi,,,,,,,,,,畑,ハタ,,,0,0,0,1,0,0,0,0,1947-04-17,,0,,
442097,0000293,3,大分県,オオイタケン,Oita,,,,豊後高田市,ブンゴタカダシ,Bungotakada-shi,,,,,,,,,,樋ノ口,ヒノクチ,,,0,0,0,1,0,0,0,0,1947-04-17,,0,,
442097,0000294,3,大分県,オオイタケン,Oita,,,,豊後高田市,ブンゴタカダシ,Bungotakada-shi,,,,,,,,,,尾鷲,オワシ,,,0,0,0,1,0,0,0,0,1947-04-17,,0,,
442097,0000295,3,大分県,オオイタケン,Oita,,,,豊後高田市,ブンゴタカダシ,Bungotakada-shi,,,,,,,,,,浜,ハマ,,,0,0,0,1,0,0,0,0,1947-04-17,,0,,
442097,0000296,3,大分県,オオイタケン,Oita,,,,豊後高田市,ブンゴタカダシ,Bungotakada-shi,,,,,,,,,,浜下,ハマシモ,,,0,0,0,1,0,0,0,0,1947-04-17,,0,,
442097,0000297,3,大分県,オオイタケン,Oita,,,,豊後高田市,ブンゴタカダシ,Bungotakada-shi,,,,,,,,,,浜上,ハマカミ,,,0,0,0,1,0,0,0,0,1947-04-17,,0,,
442097,0000298,3,大分県,オオイタケン,Oita,,,,豊後高田市,ブンゴタカダシ,Bungotakada-shi,,,,,,,,,,浜中,ハマナカ,,,0,0,0,1,0,0,0,0,1947-04-17,,0,,
442097,0000299,3,大分県,オオイタケン,Oita,,,,豊後高田市,ブンゴタカダシ,Bungotakada-shi,,,,,,,,,,浜殿,ハマドノ,,,0,0,0,1,0,0,0,0,1947-04-17,,0,,
442097,0000300,3,大分県,オオイタケン,Oita,,,,豊後高田市,ブンゴタカダシ,Bungotakada-shi,,,,,,,,,,浜田,ハマダ,,,0,0,0,1,0,0,0,0,1947-04-17,,0,,
442097,0000301,3,大分県,オオイタケン,Oita,,,,豊後高田市,ブンゴタカダシ,Bungotakada-shi,,,,,,,,,,平ノ下,ヒラノシタ,,,0,0,0,1,0,0,0,0,1947-04-17,,0,,
442097,0000302,3,大分県,オオイタケン,Oita,,,,豊後高田市,ブンゴタカダシ,Bungotakada-shi,,,,,,,,,,平原,ヒラバル,,,0,0,0,1,0,0,0,0,1947-04-17,,0,,
442097,0000303,3,大分県,オオイタケン,Oita,,,,豊後高田市,ブンゴタカダシ,Bungotakada-shi,,,,,,,,,,並石,ナメシ,,,0,0,0,1,0,0,0,0,1947-04-17,,0,,
442097,0000304,3,大分県,オオイタケン,Oita,,,,豊後高田市,ブンゴタカダシ,Bungotakada-shi,,,,,,,,,,米山,コメヤマ,,,0,0,0,1,0,0,0,0,1947-04-17,,0,,
442097,0000305,3,大分県,オオイタケン,Oita,,,,豊後高田市,ブンゴタカダシ,Bungotakada-shi,,,,,,,,,,片山,カタヤマ,,,0,0,0,1,0,0,0,0,1947-04-17,,0,,
442097,0000306,3,大分県,オオイタケン,Oita,,,,豊後高田市,ブンゴタカダシ,Bungotakada-shi,,,,,,,,,,北ノ迫,キタサコ,,,0,0,0,1,0,0,0,0,1947-04-17,,0,,
442097,0000307,3,大分県,オオイタケン,Oita,,,,豊後高田市,ブンゴタカダシ,Bungotakada-shi,,,,,,,,,,北沖,キタオキ,,,0,0,0,1,0,0,0,0,1947-04-17,,0,,
442097,0000308,3,大分県,オオイタケン,Oita,,,,豊後高田市,ブンゴタカダシ,Bungotakada-shi,,,,,,,,,,北部,ホクブ,,,0,0,0,1,0,0,0,0,1947-04-17,,0,,
442097,0000309,3,大分県,オオイタケン,Oita,,,,豊後高田市,ブンゴタカダシ,Bungotakada-shi,,,,,,,,,,堀ノ内,ホリノウチ,,,0,0,0,1,0,0,0,0,1947-04-17,,0,,
442097,0000310,3,大分県,オオイタケン,Oita,,,,豊後高田市,ブンゴタカダシ,Bungotakada-shi,,,,,,,,,,堀岩屋,ホリイワヤ,,,0,0,0,1,0,0,0,0,1947-04-17,,0,,
442097,0000311,3,大分県,オオイタケン,Oita,,,,豊後高田市,ブンゴタカダシ,Bungotakada-shi,,,,,,,,,,堀口,ホリグチ,,,0,0,0,1,0,0,0,0,1947-04-17,,0,,
442097,0000312,3,大分県,オオイタケン,Oita,,,,豊後高田市,ブンゴタカダシ,Bungotakada-shi,,,,,,,,,,堀切,ホリギリ,,,0,0,0,1,0,0,0,0,1947-04-17,,0,,
442097,0000313,3,大分県,オオイタケン,Oita,,,,豊後高田市,ブンゴタカダシ,Bungotakada-shi,,,,,,,,,,本村,ホンムラ,,,0,0,0,1,0,0,0,0,1947-04-17,,0,,
442097,0000314,3,大分県,オオイタケン,Oita,,,,豊後高田市,ブンゴタカダシ,Bungotakada-shi,,,,,,,,,,本谷,ホンタニ,,,0,0,0,1,0,0,0,0,1947-04-17,,0,,
442097,0000315,3,大分県,オオイタケン,Oita,,,,豊後高田市,ブンゴタカダシ,Bungotakada-shi,,,,,,,,,,本名,ホンミョウ,,,0,0,0,1,0,0,0,0,1947-04-17,,0,,
442097,0000316,3,大分県,オオイタケン,Oita,,,,豊後高田市,ブンゴタカダシ,Bungotakada-shi,,,,,,,,,,桝渕,マスブチ,,,0,0,0,1,0,0,0,0,1947-04-17,,0,,
442097,0000317,3,大分県,オオイタケン,Oita,,,,豊後高田市,ブンゴタカダシ,Bungotakada-shi,,,,,,,,,,姪畑,ミイバタケ,,,0,0,0,1,0,0,0,0,1947-04-17,,0,,
442097,0000318,3,大分県,オオイタケン,Oita,,,,豊後高田市,ブンゴタカダシ,Bungotakada-shi,,,,,,,,,,茂原,モバル,,,0,0,0,1,0,0,0,0,1947-04-17,,0,,
442097,0000319,3,大分県,オオイタケン,Oita,,,,豊後高田市,ブンゴタカダシ,Bungotakada-shi,,,,,,,,,,野地,ノジ,,,0,0,0,1,0,0,0,0,1947-04-17,,0,,
442097,0000320,3,大分県,オオイタケン,Oita,,,,豊後高田市,ブンゴタカダシ,Bungotakada-shi,,,,,,,,,,野添,ノゾエ,,,0,0,0,1,0,0,0,0,1947-04-17,,0,,
442097,0000321,3,大分県,オオイタケン,Oita,,,,豊後高田市,ブンゴタカダシ,Bungotakada-shi,,,,,,,,,,矢原,ヤバル,,,0,0,0,1,0,0,0,0,1947-04-17,,0,,
442097,0000322,3,大分県,オオイタケン,Oita,,,,豊後高田市,ブンゴタカダシ,Bungotakada-shi,,,,,,,,,,柳ヶ谷,ヤナギガダニ,,,0,0,0,1,0,0,0,0,1947-04-17,,0,,
442097,0000323,3,大分県,オオイタケン,Oita,,,,豊後高田市,ブンゴタカダシ,Bungotakada-shi,,,,,,,,,,有寺,ウテラ,,,0,0,0,1,0,0,0,0,1947-04-17,,0,,
442097,0000324,3,大分県,オオイタケン,Oita,,,,豊後高田市,ブンゴタカダシ,Bungotakada-shi,,,,,,,,,,陽平,ヒナタビラ,,,0,0,0,1,0,0,0,0,1947-04-17,,0,,
442097,0000325,3,大分県,オオイタケン,Oita,,,,豊後高田市,ブンゴタカダシ,Bungotakada-shi,,,,,,,,,,雷,イカズチ,,,0,0,0,1,0,0,0,0,1947-04-17,,0,,
442097,0000326,3,大分県,オオイタケン,Oita,,,,豊後高田市,ブンゴタカダシ,Bungotakada-shi,,,,,,,,,,立畑,タチハタ,,,0,0,0,1,0,0,0,0,1947-04-17,,0,,
442097,0000327,3,大分県,オオイタケン,Oita,,,,豊後高田市,ブンゴタカダシ,Bungotakada-shi,,,,,,,,,,両田,フタタ,,,0,0,0,1,0,0,0,0,1947-04-17,,0,,
442097,0000328,3,大分県,オオイタケン,Oita,,,,豊後高田市,ブンゴタカダシ,Bungotakada-shi,,,,,,,,,,楪,ユズリハ,,,0,0,0,1,0,0,0,0,1947-04-17,,0,,
442097,0001000,1,大分県,オオイタケン,Oita,,,,豊後高田市,ブンゴタカダシ,Bungotakada-shi,,,,荒尾,アラオ,Arao,,,,,,,,0,0,0,0,0,0,1,1,1947-04-17,,0,8790733,
442097,0002000,1,大分県,オオイタケン,Oita,,,,豊後高田市,ブンゴタカダシ,Bungotakada-shi,,,,一畑,イチハタ,Ichihata,,,,,,,,0,0,0,0,0,0,1,1,1947-04-17,,0,8790722,
442097,0003000,1,大分県,オオイタケン,Oita,,,,豊後高田市,ブンゴタカダシ,Bungotakada-shi,,,,今町,イママチ,Imamachi,,,,,,,,0,0,0,0,0,0,1,1,1947-04-17,,0,8790626,
442097,0004000,1,大分県,オオイタケン,Oita,,,,豊後高田市,ブンゴタカダシ,Bungotakada-shi,,,,臼野,ウスノ,Usuno,,,,,,,,0,0,0,0,0,0,1,1,1947-04-17,,0,8721107,
442097,0006000,1,大分県,オオイタケン,Oita,,,,豊後高田市,ブンゴタカダシ,Bungotakada-shi,,,,夷,エビス,Ebisu,,,,,,,,0,0,0,0,0,0,1,1,1947-04-17,,0,8721201,
442097,0009000,1,大分県,オオイタケン,Oita,,,,豊後高田市,ブンゴタカダシ,Bungotakada-shi,,,,御玉,オダマ,Odama,,,,,,,,0,0,0,0,0,0,1,1,1947-04-17,,0,8790605,
442097,0010000,1,大分県,オオイタケン,Oita,,,,豊後高田市,ブンゴタカダシ,Bungotakada-shi,,,,香々地,カカヂ,Kakaji,,,,,,,,0,0,0,0,0,0,1,1,1947-04-17,,0,8721202,
442097,0011000,1,大分県,オオイタケン,Oita,,,,豊後高田市,ブンゴタカダシ,Bungotakada-shi,,,,鍛治屋町,カジヤマチ,Kajiyamachi,,,,,,,,0,0,0,0,0,0,1,1,1947-04-17,,0,8790622,
442097,0012000,1,大分県,オオイタケン,Oita,,,,豊後高田市,ブンゴタカダシ,Bungotakada-shi,,,,堅来,カタク,Kataku,,,,,,,,0,0,0,0,0,0,1,1,1947-04-17,,0,8721203,
442097,0013000,1,大分県,オオイタケン,Oita,,,,豊後高田市,ブンゴタカダシ,Bungotakada-shi,,,,鼎,カナエ,Kanae,,,,,,,,0,0,0,0,0,0,1,1,1947-04-17,,0,8790603,
442097,0014000,1,大分県,オオイタケン,Oita,,,,豊後高田市,ブンゴタカダシ,Bungotakada-shi,,,,かなえ台,カナエダイ,,,,,,,,,0,0,0,0,0,0,1,1,1947-04-17,,0,,
442097,0014000,1,大分県,オオイタケン,Oita,,,,豊後高田市,ブンゴタカダシ,Bungotakada-shi,,,,かなえ台,カナエダイ,,,,,,,,,1,1,0,0,0,0,1,1,1947-04-17,2025-05-09,0,,
442097,0015000,1,大分県,オオイタケン,Oita,,,,豊後高田市,ブンゴタカダシ,Bungotakada-shi,,,,金谷町,カナヤマチ,Kanayamachi,,,,,,,,0,0,0,0,0,0,1,1,1947-04-17,,0,8790623,
442097,0016000,1,大分県,オオイタケン,Oita,,,,豊後高田市,ブンゴタカダシ,Bungotakada-shi,,,,上香々地,カミカカヂ,Kamikakaji,,,,,,,,0,0,0,0,0,0,1,1,1947-04-17,,0,8721204,
442097,0017000,1,大分県,オオイタケン,Oita,,,,豊後高田市,ブンゴタカダシ,Bungotakada-shi,,,,加礼川,カレガワ,Karegawa,,,,,,,,0,0,0,0,0,0,1,1,1947-04-17,,0,8790721,
442097,0018000,1,大分県,オオイタケン,Oita,,,,豊後高田市,ブンゴタカダシ,Bungotakada-shi,,,,草地,クサジ,Kusaji,,,,,,,,0,0,0,0,0,0,1,1,1947-04-17,,0,8790601,
442097,0019000,1,大分県,オオイタケン,Oita,,,,豊後高田市,ブンゴタカダシ,Bungotakada-shi,,,,来縄,クナワ,Kunawa,,,,,,,,0,0,0,0,0,0,1,1,1947-04-17,,0,8790614,
442097,0020000,1,大分県,オオイタケン,Oita,,,,豊後高田市,ブンゴタカダシ,Bungotakada-shi,,,,呉崎,クレサキ,Kuresaki,,,,,,,,0,0,0,0,0,0,1,1,1947-04-17,,0,8790608,
442097,0021000,1,大分県,オオイタケン,Oita,,,,豊後高田市,ブンゴタカダシ,Bungotakada-shi,,,,黒土,クロツチ,Kurotsuchi,,,,,,,,0,0,0,0,0,0,1,1,1947-04-17,,0,8721103,
442097,0022000,1,大分県,オオイタケン,Oita,,,,豊後高田市,ブンゴタカダシ,Bungotakada-shi,,,,小田原,コダワラ,Kodawara,,,,,,,,0,0,0,0,0,0,1,1,1947-04-17,,0,8790613,
442097,0023000,1,大分県,オオイタケン,Oita,,,,豊後高田市,ブンゴタカダシ,Bungotakada-shi,,,,小畑,コバタ,Kobata,,,,,,,,0,0,0,0,0,0,1,1,1947-04-17,,0,8721205,
442097,0024000,1,大分県,オオイタケン,Oita,,,,豊後高田市,ブンゴタカダシ,Bungotakada-shi,,,,是永町,コレナガマチ,Korenagamachi,,,,,,,,0,0,0,0,0,0,1,1,1947-04-17,,0,8790621,
442097,0025000,1,大分県,オオイタケン,Oita,,,,豊後高田市,ブンゴタカダシ,Bungotakada-shi,,,,界,サカイ,Sakai,,,,,,,,0,0,0,0,0,0,1,1,1947-04-17,,0,8790615,
442097,0026000,1,大分県,オオイタケン,Oita,,,,豊後高田市,ブンゴタカダシ,Bungotakada-shi,,,,佐野,サノ,Sano,,,,,,,,0,0,0,0,0,0,1,1,1947-04-17,,0,8790612,
442097,0027000,1,大分県,オオイタケン,Oita,,,,豊後高田市,ブンゴタカダシ,Bungotakada-shi,,,,城前,ジョウゼン,Jozen,,,,,,,,0,0,0,0,0,0,1,1,1947-04-17,,0,8721104,
442097,0028000,1,大分県,オオイタケン,Oita,,,,豊後高田市,ブンゴタカダシ,Bungotakada-shi,,,,新栄,シンエイ,Shinei,,,,,,,,0,0,0,0,0,0,1,1,1947-04-17,,0,8790607,
442097,0030000,1,大分県,オオイタケン,Oita,,,,豊後高田市,ブンゴタカダシ,Bungotakada-shi,,,,新地,シンチ,Shinchi,,,,,,,,0,0,0,0,0,0,1,1,1947-04-17,,0,8790627,
442097,0031000,1,大分県,オオイタケン,Oita,,,,豊後高田市,ブンゴタカダシ,Bungotakada-shi,,,,新町,シンマチ,Shimmachi,,,,,,,,0,0,0,0,0,0,1,0,1947-04-17,,0,8790628,
442097,0033000,1,大分県,オオイタケン,Oita,,,,豊後高田市,ブンゴタカダシ,Bungotakada-shi,,,,高田,タカダ,Takada,,,,,,,,0,0,0,0,0,0,1,1,1947-04-17,,0,8790617,
442097,0034000,1,大分県,オオイタケン,Oita,,,,豊後高田市,ブンゴタカダシ,Bungotakada-shi,,,,田染相原,タシブアイハラ,Tashibuaiwara,,,,,,,,0,0,0,0,0,0,1,1,1947-04-17,,0,8790843,
442097,0035000,1,大分県,オオイタケン,Oita,,,,豊後高田市,ブンゴタカダシ,Bungotakada-shi,,,,田染池部,タシブイケベ,Tashibuikebe,,,,,,,,0,0,0,0,0,0,1,1,1947-04-17,,0,8790842,
442097,0036000,1,大分県,オオイタケン,Oita,,,,豊後高田市,ブンゴタカダシ,Bungotakada-shi,,,,田染上野,タシブウエノ,Tashibueno,,,,,,,,0,0,0,0,0,0,1,1,1947-04-17,,0,8790844,
442097,0037000,1,大分県,オオイタケン,Oita,,,,豊後高田市,ブンゴタカダシ,Bungotakada-shi,,,,田染小崎,タシブオサキ,Tashibuosaki,,,,,,,,0,0,0,0,0,0,1,1,1947-04-17,,0,8790854,
442097,0038000,1,大分県,オオイタケン,Oita,,,,豊後高田市,ブンゴタカダシ,Bungotakada-shi,,,,田染平野,タシブヒラノ,Tashibuhirano,,,,,,,,0,0,0,0,0,0,1,1,1947-04-17,,0,8790853,
442097,0039000,1,大分県,オオイタケン,Oita,,,,豊後高田市,ブンゴタカダシ,Bungotakada-shi,,,,田染蕗,タシブフキ,Tashibufuki,,,,,,,,0,0,0,0,0,0,1,1,1947-04-17,,0,8790841,
442097,0040000,1,大分県,オオイタケン,Oita,,,,豊後高田市,ブンゴタカダシ,Bungotakada-shi,,,,田染真木,タシブマキ,Tashibumaki,,,,,,,,0,0,0,0,0,0,1,1,1947-04-17,,0,8790855,
442097,0041000,1,大分県,オオイタケン,Oita,,,,豊後高田市,ブンゴタカダシ,Bungotakada-shi,,,,田染真中,タシブマナカ,Tashibumanaka,,,,,,,,0,0,0,0,0,0,1,1,1947-04-17,,0,8790852,
442097,0042000,1,大分県,オオイタケン,Oita,,,,豊後高田市,ブンゴタカダシ,Bungotakada-shi,,,,田染横嶺,タシブヨコミネ,Tashibuyokomine,,,,,,,,0,0,0,0,0,0,1,1,1947-04-17,,0,8790851,
442097,0043000,1,大分県,オオイタケン,Oita,,,,豊後高田市,ブンゴタカダシ,Bungotakada-shi,,,,玉津,タマツ,Tamatsu,,,,,,,,0,0,0,0,0,0,1,1,1947-04-17,,0,8790606,
442097,0044000,1,大分県,オオイタケン,Oita,,,,豊後高田市,ブンゴタカダシ,Bungotakada-shi,,,,中央通,チュウオウドオリ,Chuodori,,,,,,,,0,0,0,0,0,0,1,1,1947-04-17,,0,8790618,
442097,0045000,1,大分県,オオイタケン,Oita,,,,豊後高田市,ブンゴタカダシ,Bungotakada-shi,,,,築地,ツイジ,Tsuiji,,,,,,,,0,0,0,0,0,0,1,1,1947-04-17,,0,8790734,
442097,0046000,1,大分県,オオイタケン,Oita,,,,豊後高田市,ブンゴタカダシ,Bungotakada-shi,,,,長岩屋,ナガイワヤ,Nagaiwaya,,,,,,,,0,0,0,0,0,0,1,1,1947-04-17,,0,8790731,
442097,0047000,1,大分県,オオイタケン,Oita,,,,豊後高田市,ブンゴタカダシ,Bungotakada-shi,,,,中真玉,ナカマタマ,Nakamatama,,,,,,,,0,0,0,0,0,0,1,1,1947-04-17,,0,8721101,
442097,0048000,1,大分県,オオイタケン,Oita,,,,豊後高田市,ブンゴタカダシ,Bungotakada-shi,,,,西真玉,ニシマタマ,Nishimatama,,,,,,,,0,0,0,0,0,0,1,1,1947-04-17,,0,8721105,
442097,0049000,1,大分県,オオイタケン,Oita,,,,豊後高田市,ブンゴタカダシ,Bungotakada-shi,,,,羽根,ハネ,Hane,,,,,,,,0,0,0,0,0,0,1,1,1947-04-17,,0,8721206,
442097,0050000,1,大分県,オオイタケン,Oita,,,,豊後高田市,ブンゴタカダシ,Bungotakada-shi,,,,浜町,ハママチ,Hamamachi,,,,,,,,0,0,0,0,0,0,1,1,1947-04-17,,0,8790619,
442097,0051000,1,大分県,オオイタケン,Oita,,,,豊後高田市,ブンゴタカダシ,Bungotakada-shi,,,,払田,ハライダ,Haraida,,,,,,,,0,0,0,0,0,0,1,1,1947-04-17,,0,8790602,
442097,0052000,1,大分県,オオイタケン,Oita,,,,豊後高田市,ブンゴタカダシ,Bungotakada-shi,,,,本町,ホンマチ,Hommachi,,,,,,,,0,0,0,0,0,0,1,1,1947-04-17,,0,8790624,
442097,0053000,1,大分県,オオイタケン,Oita,,,,豊後高田市,ブンゴタカダシ,Bungotakada-shi,,,,松行,マツユキ,Matsuyuki,,,,,,,,0,0,0,0,0,0,1,1,1947-04-17,,0,8790735,
442097,0054000,1,大分県,オオイタケン,Oita,,,,豊後高田市,ブンゴタカダシ,Bungotakada-shi,,,,水崎,ミズサキ,Mizusaki,,,,,,,,0,0,0,0,0,0,1,1,1947-04-17,,0,8790616,
442097,0055000,1,大分県,オオイタケン,Oita,,,,豊後高田市,ブンゴタカダシ,Bungotakada-shi,,,,水取,ミズトリ,Mizutori,,,,,,,,0,0,0,0,0,0,1,1,1947-04-17,,0,8790625,
442097,0056000,1,大分県,オオイタケン,Oita,,,,豊後高田市,ブンゴタカダシ,Bungotakada-shi,,,,見目,ミメ,Mime,,,,,,,,0,0,0,0,0,0,1,1,1947-04-17,,0,8721207,
442097,0062000,1,大分県,オオイタケン,Oita,,,,豊後高田市,ブンゴタカダシ,Bungotakada-shi,,,,城台,ジョウダイ,Jodai,,,,,,,,0,0,0,0,0,0,1,1,1947-04-17,,0,8790609,
442097,0063000,1,大分県,オオイタケン,Oita,,,,豊後高田市,ブンゴタカダシ,Bungotakada-shi,,,,森,モリ,Mori,,,,,,,,0,0,0,0,0,0,1,1,1947-04-17,,0,8790611,
442097,0064000,1,大分県,オオイタケン,Oita,,,,豊後高田市,ブンゴタカダシ,Bungotakada-shi,,,,美和,ミワ,Miwa,,,,,,,,0,0,0,0,0,0,1,1,1947-04-17,,0,8790604,
442097,0065000,1,大分県,オオイタケン,Oita,,,,豊後高田市,ブンゴタカダシ,Bungotakada-shi,,,,新城,シンジョウ,,,,,,,,,0,0,0,0,0,0,1,0,1947-04-17,,1,,
442097,0066000,1,大分県,オオイタケン,Oita,,,,豊後高田市,ブンゴタカダシ,Bungotakada-shi,,,,大岩屋,オオイワヤ,,,,,,,,,0,0,0,0,0,0,1,0,1947-04-17,,1,,
442097,0093000,1,大分県,オオイタケン,Oita,,,,豊後高田市,ブンゴタカダシ,Bungotakada-shi,,,,大平,オオヒラ,,,,,,,,,0,0,0,0,0,0,1,0,1947-04-17,,1,,
442097,0094000,1,大分県,オオイタケン,Oita,,,,豊後高田市,ブンゴタカダシ,Bungotakada-shi,,,,大力,ダイリキ,,,,,,,,,0,0,0,0,0,0,1,0,1947-04-17,,1,,
442097,0095000,1,大分県,オオイタケン,Oita,,,,豊後高田市,ブンゴタカダシ,Bungotakada-shi,,,,梅木,ウメノキ,,,,,,,,,0,0,0,0,0,0,1,0,1947-04-17,,1,,
442101,0000101,3,大分県,オオイタケン,Oita,,,,杵築市,キツキシ,Kitsuki-shi,,,,,,,,,,カジヤ,カジヤ,,,0,0,0,1,0,0,0,0,1947-04-17,,0,,
442101,0000102,3,大分県,オオイタケン,Oita,,,,杵築市,キツキシ,Kitsuki-shi,,,,,,,,,,芦刈,アシカリ,,,0,0,0,1,0,0,0,0,1947-04-17,,0,,
442101,0000103,3,大分県,オオイタケン,Oita,,,,杵築市,キツキシ,Kitsuki-shi,,,,,,,,,,鮎帰,アユガエリ,,,0,0,0,1,0,0,0,0,1947-04-17,,0,,
442101,0000104,3,大分県,オオイタケン,Oita,,,,杵築市,キツキシ,Kitsuki-shi,,,,,,,,,,案内,アンナイ,,,0,0,0,1,0,0,0,0,1947-04-17,,0,,
442101,0000105,3,大分県,オオイタケン,Oita,,,,杵築市,キツキシ,Kitsuki-shi,,,,,,,,,,井の上,イノウエ,,,0,0,0,1,0,0,0,0,1947-04-17,,0,,
442101,0000106,3,大分県,オオイタケン,Oita,,,,杵築市,キツキシ,Kitsuki-shi,,,,,,,,,,井手ノ上,イデノウエ,,,0,0,0,1,0,0,0,0,1947-04-17,,0,,
442101,0000107,3,大分県,オオイタケン,Oita,,,,杵築市,キツキシ,Kitsuki-shi,,,,,,,,,,一野,ヒトノ,,,0,0,0,1,0,0,0,0,1947-04-17,,0,,
442101,0000108,3,大分県,オオイタケン,Oita,,,,杵築市,キツキシ,Kitsuki-shi,,,,,,,,,,芋恵良,イモエラ,,,0,0,0,1,0,0,0,0,1947-04-17,,0,,
442101,0000109,3,大分県,オオイタケン,Oita,,,,杵築市,キツキシ,Kitsuki-shi,,,,,,,,,,芋尾,イモオ,,,0,0,0,1,0,0,0,0,1947-04-17,,0,,
442101,0000110,3,大分県,オオイタケン,Oita,,,,杵築市,キツキシ,Kitsuki-shi,,,,,,,,,,浦篠,ウラシノ,,,0,0,0,1,0,0,0,0,1947-04-17,,0,,
442101,0000111,3,大分県,オオイタケン,Oita,,,,杵築市,キツキシ,Kitsuki-shi,,,,,,,,,,影平,カゲヒラ,,,0,0,0,1,0,0,0,0,1947-04-17,,0,,
442101,0000112,3,大分県,オオイタケン,Oita,,,,杵築市,キツキシ,Kitsuki-shi,,,,,,,,,,永代橋,エイタイバシ,,,0,0,0,1,0,0,0,0,1947-04-17,,0,,
442101,0000113,3,大分県,オオイタケン,Oita,,,,杵築市,キツキシ,Kitsuki-shi,,,,,,,,,,駅通,エキドオリ,,,0,0,0,1,0,0,0,0,1947-04-17,,0,,
442101,0000114,3,大分県,オオイタケン,Oita,,,,杵築市,キツキシ,Kitsuki-shi,,,,,,,,,,越井,コイ,,,0,0,0,1,0,0,0,0,1947-04-17,,0,,
442101,0000115,3,大分県,オオイタケン,Oita,,,,杵築市,キツキシ,Kitsuki-shi,,,,,,,,,,園ノ木,ソンノキ,,,0,0,0,1,0,0,0,0,1947-04-17,,0,,
442101,0000116,3,大分県,オオイタケン,Oita,,,,杵築市,キツキシ,Kitsuki-shi,,,,,,,,,,塩田,エンデン,,,0,0,0,1,0,0,0,0,1947-04-17,,0,,
442101,0000117,3,大分県,オオイタケン,Oita,,,,杵築市,キツキシ,Kitsuki-shi,,,,,,,,,,塩浜,シオハマ,,,0,0,0,1,0,0,0,0,1947-04-17,,0,,
442101,0000118,3,大分県,オオイタケン,Oita,,,,杵築市,キツキシ,Kitsuki-shi,,,,,,,,,,王子,オウジ,,,0,0,0,1,0,0,0,0,1947-04-17,,0,,
442101,0000119,3,大分県,オオイタケン,Oita,,,,杵築市,キツキシ,Kitsuki-shi,,,,,,,,,,岡,オカ,,,0,0,0,1,0,0,0,0,1947-04-17,,0,,
442101,0000120,3,大分県,オオイタケン,Oita,,,,杵築市,キツキシ,Kitsuki-shi,,,,,,,,,,乙王,オトウ,,,0,0,0,1,0,0,0,0,1947-04-17,,0,,
442101,0000121,3,大分県,オオイタケン,Oita,,,,杵築市,キツキシ,Kitsuki-shi,,,,,,,,,,下ノ台,シモノダイ,,,0,0,0,1,0,0,0,0,1947-04-17,,0,,
442101,0000122,3,大分県,オオイタケン,Oita,,,,杵築市,キツキシ,Kitsuki-shi,,,,,,,,,,下河内,シモゴウチ,,,0,0,0,1,0,0,0,0,1947-04-17,,0,,
442101,0000123,3,大分県,オオイタケン,Oita,,,,杵築市,キツキシ,Kitsuki-shi,,,,,,,,,,下原,シモバル,,,0,0,0,1,0,0,0,0,1947-04-17,,0,,
442101,0000124,3,大分県,オオイタケン,Oita,,,,杵築市,キツキシ,Kitsuki-shi,,,,,,,,,,下山,シモヤマ,,,0,0,0,1,0,0,0,0,1947-04-17,,0,,
442101,0000125,3,大分県,オオイタケン,Oita,,,,杵築市,キツキシ,Kitsuki-shi,,,,,,,,,,下司,ゲシ,,,0,0,0,1,0,0,0,0,1947-04-17,,0,,
442101,0000126,3,大分県,オオイタケン,Oita,,,,杵築市,キツキシ,Kitsuki-shi,,,,,,,,,,下市,シモイチ,,,0,0,0,1,0,0,0,0,1947-04-17,,0,,
442101,0000127,3,大分県,オオイタケン,Oita,,,,杵築市,キツキシ,Kitsuki-shi,,,,,,,,,,下小野,シモオノ,,,0,0,0,1,0,0,0,0,1947-04-17,,0,,
442101,0000128,3,大分県,オオイタケン,Oita,,,,杵築市,キツキシ,Kitsuki-shi,,,,,,,,,,下切,シタギリ,,,0,0,0,1,0,0,0,0,1947-04-17,,0,,
442101,0000129,3,大分県,オオイタケン,Oita,,,,杵築市,キツキシ,Kitsuki-shi,,,,,,,,,,下村,シモムラ,,,0,0,0,1,0,0,0,0,1947-04-17,,0,,
442101,0000130,3,大分県,オオイタケン,Oita,,,,杵築市,キツキシ,Kitsuki-shi,,,,,,,,,,下町,シモマチ,,,0,0,0,1,0,0,0,0,1947-04-17,,0,,
442101,0000131,3,大分県,オオイタケン,Oita,,,,杵築市,キツキシ,Kitsuki-shi,,,,,,,,,,下平原,シモヒラバル,,,0,0,0,1,0,0,0,0,1947-04-17,,0,,
442101,0000132,3,大分県,オオイタケン,Oita,,,,杵築市,キツキシ,Kitsuki-shi,,,,,,,,,,下本庄,シモホンジョウ,,,0,0,0,1,0,0,0,0,1947-04-17,,0,,
442101,0000133,3,大分県,オオイタケン,Oita,,,,杵築市,キツキシ,Kitsuki-shi,,,,,,,,,,下野田,シモノダ,,,0,0,0,1,0,0,0,0,1947-04-17,,0,,
442101,0000134,3,大分県,オオイタケン,Oita,,,,杵築市,キツキシ,Kitsuki-shi,,,,,,,,,,加貫,カヌキ,,,0,0,0,1,0,0,0,0,1947-04-17,,0,,
442101,0000135,3,大分県,オオイタケン,Oita,,,,杵築市,キツキシ,Kitsuki-shi,,,,,,,,,,鴨川,カモガワ,Kamogawa,,0,0,0,1,0,0,0,0,1947-04-17,,0,8730023,
442101,0000136,3,大分県,オオイタケン,Oita,,,,杵築市,キツキシ,Kitsuki-shi,,,,,,,,,,茅場,カヤバ,,,0,0,0,1,0,0,0,0,1947-04-17,,0,,
442101,0000137,3,大分県,オオイタケン,Oita,,,,杵築市,キツキシ,Kitsuki-shi,,,,,,,,,,貫井,ヌクイ,,,0,0,0,1,0,0,0,0,1947-04-17,,0,,
442101,0000138,3,大分県,オオイタケン,Oita,,,,杵築市,キツキシ,Kitsuki-shi,,,,,,,,,,岩谷,イワヤ,Iwaya,,0,0,0,1,0,0,0,0,1947-04-17,,0,8730021,
442101,0000139,3,大分県,オオイタケン,Oita,,,,杵築市,キツキシ,Kitsuki-shi,,,,,,,,,,祇園,ギオン,,,0,0,0,1,0,0,0,0,1947-04-17,,0,,
442101,0000140,3,大分県,オオイタケン,Oita,,,,杵築市,キツキシ,Kitsuki-shi,,,,,,,,,,吉野渡,ヨシノワタリ,,,0,0,0,1,0,0,0,0,1947-04-17,,0,,
442101,0000141,3,大分県,オオイタケン,Oita,,,,杵築市,キツキシ,Kitsuki-shi,,,,,,,,,,久保畑,クボバタ,,,0,0,0,1,0,0,0,0,1947-04-17,,0,,
442101,0000142,3,大分県,オオイタケン,Oita,,,,杵築市,キツキシ,Kitsuki-shi,,,,,,,,,,宮平,ミヤビラ,,,0,0,0,1,0,0,0,0,1947-04-17,,0,,
442101,0000143,3,大分県,オオイタケン,Oita,,,,杵築市,キツキシ,Kitsuki-shi,,,,,,,,,,牛屋敷,ウシヤシキ,,,0,0,0,1,0,0,0,0,1947-04-17,,0,,
442101,0000144,3,大分県,オオイタケン,Oita,,,,杵築市,キツキシ,Kitsuki-shi,,,,,,,,,,魚町,ウオマチ,,,0,0,0,1,0,0,0,0,1947-04-17,,0,,
442101,0000145,3,大分県,オオイタケン,Oita,,,,杵築市,キツキシ,Kitsuki-shi,,,,,,,,,,金山,キンザン,,,0,0,0,1,0,0,0,0,1947-04-17,,0,,
442101,0000146,3,大分県,オオイタケン,Oita,,,,杵築市,キツキシ,Kitsuki-shi,,,,,,,,,,熊丸,クママル,,,0,0,0,1,0,0,0,0,1947-04-17,,0,,
442101,0000147,3,大分県,オオイタケン,Oita,,,,杵築市,キツキシ,Kitsuki-shi,,,,,,,,,,薫石,フスベイシ,,,0,0,0,1,0,0,0,0,1947-04-17,,0,,
442101,0000148,3,大分県,オオイタケン,Oita,,,,杵築市,キツキシ,Kitsuki-shi,,,,,,,,,,穴野,アナノ,,,0,0,0,1,0,0,0,0,1947-04-17,,0,,
442101,0000149,3,大分県,オオイタケン,Oita,,,,杵築市,キツキシ,Kitsuki-shi,,,,,,,,,,権坊,ゴンボウ,,,0,0,0,1,0,0,0,0,1947-04-17,,0,,
442101,0000150,3,大分県,オオイタケン,Oita,,,,杵築市,キツキシ,Kitsuki-shi,,,,,,,,,,元河内,モトゴウチ,,,0,0,0,1,0,0,0,0,1947-04-17,,0,,
442101,0000151,3,大分県,オオイタケン,Oita,,,,杵築市,キツキシ,Kitsuki-shi,,,,,,,,,,原,ハル,,,0,0,0,1,0,0,0,0,1947-04-17,,0,,
442101,0000152,3,大分県,オオイタケン,Oita,,,,杵築市,キツキシ,Kitsuki-shi,,,,,,,,,,原南,ハルミナミ,,,0,0,0,1,0,0,0,0,1947-04-17,,0,,
442101,0000153,3,大分県,オオイタケン,Oita,,,,杵築市,キツキシ,Kitsuki-shi,,,,,,,,,,原北,ハルキタ,,,0,0,0,1,0,0,0,0,1947-04-17,,0,,
442101,0000154,3,大分県,オオイタケン,Oita,,,,杵築市,キツキシ,Kitsuki-shi,,,,,,,,,,古野,フルノ,,,0,0,0,1,0,0,0,0,1947-04-17,,0,,
442101,0000155,3,大分県,オオイタケン,Oita,,,,杵築市,キツキシ,Kitsuki-shi,,,,,,,,,,五田,ゴタ,,,0,0,0,1,0,0,0,0,1947-04-17,,0,,
442101,0000156,3,大分県,オオイタケン,Oita,,,,杵築市,キツキシ,Kitsuki-shi,,,,,,,,,,五徳寺,ゴトクジ,,,0,0,0,1,0,0,0,0,1947-04-17,,0,,
442101,0000157,3,大分県,オオイタケン,Oita,,,,杵築市,キツキシ,Kitsuki-shi,,,,,,,,,,後野,ウシロノ,,,0,0,0,1,0,0,0,0,1947-04-17,,0,,
442101,0000158,3,大分県,オオイタケン,Oita,,,,杵築市,キツキシ,Kitsuki-shi,,,,,,,,,,御入山,オイリヤマ,,,0,0,0,1,0,0,0,0,1947-04-17,,0,,
442101,0000159,3,大分県,オオイタケン,Oita,,,,杵築市,キツキシ,Kitsuki-shi,,,,,,,,,,口ノ尾,クチノオ,,,0,0,0,1,0,0,0,0,1947-04-17,,0,,
442101,0000160,3,大分県,オオイタケン,Oita,,,,杵築市,キツキシ,Kitsuki-shi,,,,,,,,,,向野,ムカイノ,,,0,0,0,1,0,0,0,0,1947-04-17,,0,,
442101,0000161,3,大分県,オオイタケン,Oita,,,,杵築市,キツキシ,Kitsuki-shi,,,,,,,,,,恒道,ツネミチ,,,0,0,0,1,0,0,0,0,1947-04-17,,0,,
442101,0000162,3,大分県,オオイタケン,Oita,,,,杵築市,キツキシ,Kitsuki-shi,,,,,,,,,,荒平,アラヒラ,,,0,0,0,1,0,0,0,0,1947-04-17,,0,,
442101,0000163,3,大分県,オオイタケン,Oita,,,,杵築市,キツキシ,Kitsuki-shi,,,,,,,,,,高屋,タカヤ,,,0,0,0,1,0,0,0,0,1947-04-17,,0,,
442101,0000164,3,大分県,オオイタケン,Oita,,,,杵築市,キツキシ,Kitsuki-shi,,,,,,,,,,高取,タカトリ,,,0,0,0,1,0,0,0,0,1947-04-17,,0,,
442101,0000165,3,大分県,オオイタケン,Oita,,,,杵築市,キツキシ,Kitsuki-shi,,,,,,,,,,高須,タカス,,,0,0,0,1,0,0,0,0,1947-04-17,,0,,
442101,0000166,3,大分県,オオイタケン,Oita,,,,杵築市,キツキシ,Kitsuki-shi,,,,,,,,,,高平,タカヒラ,,,0,0,0,1,0,0,0,0,1947-04-17,,0,,
442101,0000167,3,大分県,オオイタケン,Oita,,,,杵築市,キツキシ,Kitsuki-shi,,,,,,,,,,轟,トドロ,,,0,0,0,1,0,0,0,0,1947-04-17,,0,,
442101,0000168,3,大分県,オオイタケン,Oita,,,,杵築市,キツキシ,Kitsuki-shi,,,,,,,,,,今原,イマバル,,,0,0,0,1,0,0,0,0,1947-04-17,,0,,
442101,0000169,3,大分県,オオイタケン,Oita,,,,杵築市,キツキシ,Kitsuki-shi,,,,,,,,,,今畑,イマハタ,,,0,0,0,1,0,0,0,0,1947-04-17,,0,,
442101,0000170,3,大分県,オオイタケン,Oita,,,,杵築市,キツキシ,Kitsuki-shi,,,,,,,,,,三軒屋,サンゲンヤ,,,0,0,0,1,0,0,0,0,1947-04-17,,0,,
442101,0000171,3,大分県,オオイタケン,Oita,,,,杵築市,キツキシ,Kitsuki-shi,,,,,,,,,,三光坊,ミコボウ,,,0,0,0,1,0,0,0,0,1947-04-17,,0,,
442101,0000172,3,大分県,オオイタケン,Oita,,,,杵築市,キツキシ,Kitsuki-shi,,,,,,,,,,三川,ミカワ,,,0,0,0,1,0,0,0,0,1947-04-17,,0,,
442101,0000173,3,大分県,オオイタケン,Oita,,,,杵築市,キツキシ,Kitsuki-shi,,,,,,,,,,三塚,ミツヅカ,,,0,0,0,1,0,0,0,0,1947-04-17,,0,,
442101,0000174,3,大分県,オオイタケン,Oita,,,,杵築市,キツキシ,Kitsuki-shi,,,,,,,,,,三尾平,ミオノヒラ,,,0,0,0,1,0,0,0,0,1947-04-17,,0,,
442101,0000175,3,大分県,オオイタケン,Oita,,,,杵築市,キツキシ,Kitsuki-shi,,,,,,,,,,山口,ヤマグチ,,,0,0,0,1,0,0,0,0,1947-04-17,,0,,
442101,0000176,3,大分県,オオイタケン,Oita,,,,杵築市,キツキシ,Kitsuki-shi,,,,,,,,,,山香道,ヤマガミチ,,,0,0,0,1,0,0,0,0,1947-04-17,,0,,
442101,0000177,3,大分県,オオイタケン,Oita,,,,杵築市,キツキシ,Kitsuki-shi,,,,,,,,,,山志手,ヤマシテ,,,0,0,0,1,0,0,0,0,1947-04-17,,0,,
442101,0000178,3,大分県,オオイタケン,Oita,,,,杵築市,キツキシ,Kitsuki-shi,,,,,,,,,,山中,ヤマナカ,,,0,0,0,1,0,0,0,0,1947-04-17,,0,,
442101,0000179,3,大分県,オオイタケン,Oita,,,,杵築市,キツキシ,Kitsuki-shi,,,,,,,,,,山田,ヤマダ,,,0,0,0,1,0,0,0,0,1947-04-17,,0,,
442101,0000180,3,大分県,オオイタケン,Oita,,,,杵築市,キツキシ,Kitsuki-shi,,,,,,,,,,市場,イチバ,,,0,0,0,1,0,0,0,0,1947-04-17,,0,,
442101,0000181,3,大分県,オオイタケン,Oita,,,,杵築市,キツキシ,Kitsuki-shi,,,,,,,,,,志口,シグチ,,,0,0,0,1,0,0,0,0,1947-04-17,,0,,
442101,0000182,3,大分県,オオイタケン,Oita,,,,杵築市,キツキシ,Kitsuki-shi,,,,,,,,,,寺山,テラヤマ,,,0,0,0,1,0,0,0,0,1947-04-17,,0,,
442101,0000183,3,大分県,オオイタケン,Oita,,,,杵築市,キツキシ,Kitsuki-shi,,,,,,,,,,次郎丸,ジロウマル,,,0,0,0,1,0,0,0,0,1947-04-17,,0,,
442101,0000184,3,大分県,オオイタケン,Oita,,,,杵築市,キツキシ,Kitsuki-shi,,,,,,,,,,鹿倉,カクラ,,,0,0,0,1,0,0,0,0,1947-04-17,,0,,
442101,0000185,3,大分県,オオイタケン,Oita,,,,杵築市,キツキシ,Kitsuki-shi,,,,,,,,,,篠原,シノハラ,,,0,0,0,1,0,0,0,0,1947-04-17,,0,,
442101,0000186,3,大分県,オオイタケン,Oita,,,,杵築市,キツキシ,Kitsuki-shi,,,,,,,,,,若宮,ワカミヤ,,,0,0,0,1,0,0,0,0,1947-04-17,,0,,
442101,0000187,3,大分県,オオイタケン,Oita,,,,杵築市,キツキシ,Kitsuki-shi,,,,,,,,,,守江,モリエ,Morie,,0,0,0,1,0,0,0,0,1947-04-17,,0,8730033,
442101,0000188,3,大分県,オオイタケン,Oita,,,,杵築市,キツキシ,Kitsuki-shi,,,,,,,,,,守末,モリスエ,,,0,0,0,1,0,0,0,0,1947-04-17,,0,,
442101,0000189,3,大分県,オオイタケン,Oita,,,,杵築市,キツキシ,Kitsuki-shi,,,,,,,,,,狩宿,カリシュク,Karishuku,,0,0,0,1,0,0,0,0,1947-04-17,,0,8730031,
442101,0000190,3,大分県,オオイタケン,Oita,,,,杵築市,キツキシ,Kitsuki-shi,,,,,,,,,,宗近,ムネチカ,,,0,0,0,1,0,0,0,0,1947-04-17,,0,,
442101,0000191,3,大分県,オオイタケン,Oita,,,,杵築市,キツキシ,Kitsuki-shi,,,,,,,,,,秋山,アキヤマ,,,0,0,0,1,0,0,0,0,1947-04-17,,0,,
442101,0000192,3,大分県,オオイタケン,Oita,,,,杵築市,キツキシ,Kitsuki-shi,,,,,,,,,,舟ヶ尾,フネガオ,,,0,0,0,1,0,0,0,0,1947-04-17,,0,,
442101,0000193,3,大分県,オオイタケン,Oita,,,,杵築市,キツキシ,Kitsuki-shi,,,,,,,,,,住吉,スミヨシ,,,0,0,0,1,0,0,0,0,1947-04-17,,0,,
442101,0000194,3,大分県,オオイタケン,Oita,,,,杵築市,キツキシ,Kitsuki-shi,,,,,,,,,,十王,ジュウオウ,,,0,0,0,1,0,0,0,0,1947-04-17,,0,,
442101,0000195,3,大分県,オオイタケン,Oita,,,,杵築市,キツキシ,Kitsuki-shi,,,,,,,,,,重永,シゲナガ,,,0,0,0,1,0,0,0,0,1947-04-17,,0,,
442101,0000196,3,大分県,オオイタケン,Oita,,,,杵築市,キツキシ,Kitsuki-shi,,,,,,,,,,出河内,デガハチ,,,0,0,0,1,0,0,0,0,1947-04-17,,0,,
442101,0000197,3,大分県,オオイタケン,Oita,,,,杵築市,キツキシ,Kitsuki-shi,,,,,,,,,,出原,イデワラ,,,0,0,0,1,0,0,0,0,1947-04-17,,0,,
442101,0000198,3,大分県,オオイタケン,Oita,,,,杵築市,キツキシ,Kitsuki-shi,,,,,,,,,,小ヶ倉,コガクラ,,,0,0,0,1,0,0,0,0,1947-04-17,,0,,
442101,0000199,3,大分県,オオイタケン,Oita,,,,杵築市,キツキシ,Kitsuki-shi,,,,,,,,,,小狭間,オハサマ,,,0,0,0,1,0,0,0,0,1947-04-17,,0,,
442101,0000200,3,大分県,オオイタケン,Oita,,,,杵築市,キツキシ,Kitsuki-shi,,,,,,,,,,小重見,コシゲミ,,,0,0,0,1,0,0,0,0,1947-04-17,,0,,
442101,0000201,3,大分県,オオイタケン,Oita,,,,杵築市,キツキシ,Kitsuki-shi,,,,,,,,,,小杉,コスギ,,,0,0,0,1,0,0,0,0,1947-04-17,,0,,
442101,0000202,3,大分県,オオイタケン,Oita,,,,杵築市,キツキシ,Kitsuki-shi,,,,,,,,,,小谷,オタニ,,,0,0,0,1,0,0,0,0,1947-04-17,,0,,
442101,0000203,3,大分県,オオイタケン,Oita,,,,杵築市,キツキシ,Kitsuki-shi,,,,,,,,,,小鳥,オトリ,,,0,0,0,1,0,0,0,0,1947-04-17,,0,,
442101,0000204,3,大分県,オオイタケン,Oita,,,,杵築市,キツキシ,Kitsuki-shi,,,,,,,,,,小内原,コナイバル,,,0,0,0,1,0,0,0,0,1947-04-17,,0,,
442101,0000205,3,大分県,オオイタケン,Oita,,,,杵築市,キツキシ,Kitsuki-shi,,,,,,,,,,小武,オダケ,,,0,0,0,1,0,0,0,0,1947-04-17,,0,,
442101,0000206,3,大分県,オオイタケン,Oita,,,,杵築市,キツキシ,Kitsuki-shi,,,,,,,,,,小野尾,オノノ,,,0,0,0,1,0,0,0,0,1947-04-17,,0,,
442101,0000207,3,大分県,オオイタケン,Oita,,,,杵築市,キツキシ,Kitsuki-shi,,,,,,,,,,床並,トコナミ,,,0,0,0,1,0,0,0,0,1947-04-17,,0,,
442101,0000208,3,大分県,オオイタケン,Oita,,,,杵築市,キツキシ,Kitsuki-shi,,,,,,,,,,松村,マツムラ,,,0,0,0,1,0,0,0,0,1947-04-17,,0,,
442101,0000209,3,大分県,オオイタケン,Oita,,,,杵築市,キツキシ,Kitsuki-shi,,,,,,,,,,松尾,マツオ,,,0,0,0,1,0,0,0,0,1947-04-17,,0,,
442101,0000210,3,大分県,オオイタケン,Oita,,,,杵築市,キツキシ,Kitsuki-shi,,,,,,,,,,蒋田,コモダ,,,0,0,0,1,0,0,0,0,1947-04-17,,0,,
442101,0000211,3,大分県,オオイタケン,Oita,,,,杵築市,キツキシ,Kitsuki-shi,,,,,,,,,,上ノ原,カミノハル,,,0,0,0,1,0,0,0,0,1947-04-17,,0,,
442101,0000212,3,大分県,オオイタケン,Oita,,,,杵築市,キツキシ,Kitsuki-shi,,,,,,,,,,上園,カミゾノ,,,0,0,0,1,0,0,0,0,1947-04-17,,0,,
442101,0000213,3,大分県,オオイタケン,Oita,,,,杵築市,キツキシ,Kitsuki-shi,,,,,,,,,,上河内,カミゴウチ,,,0,0,0,1,0,0,0,0,1947-04-17,,0,,
442101,0000214,3,大分県,オオイタケン,Oita,,,,杵築市,キツキシ,Kitsuki-shi,,,,,,,,,,上市,カミイチ,,,0,0,0,1,0,0,0,0,1947-04-17,,0,,
442101,0000215,3,大分県,オオイタケン,Oita,,,,杵築市,キツキシ,Kitsuki-shi,,,,,,,,,,上村,カミムラ,,,0,0,0,1,0,0,0,0,1947-04-17,,0,,
442101,0000216,3,大分県,オオイタケン,Oita,,,,杵築市,キツキシ,Kitsuki-shi,,,,,,,,,,上町,カサマチ,,,0,0,0,1,0,0,0,0,1947-04-17,,0,,
442101,0000217,3,大分県,オオイタケン,Oita,,,,杵築市,キツキシ,Kitsuki-shi,,,,,,,,,,上畑,カミハタ,,,0,0,0,1,0,0,0,0,1947-04-17,,0,,
442101,0000218,3,大分県,オオイタケン,Oita,,,,杵築市,キツキシ,Kitsuki-shi,,,,,,,,,,上分,カンブン,,,0,0,0,1,0,0,0,0,1947-04-17,,0,,
442101,0000219,3,大分県,オオイタケン,Oita,,,,杵築市,キツキシ,Kitsuki-shi,,,,,,,,,,上本庄,カミホンジョウ,,,0,0,0,1,0,0,0,0,1947-04-17,,0,,
442101,0000220,3,大分県,オオイタケン,Oita,,,,杵築市,キツキシ,Kitsuki-shi,,,,,,,,,,上野田,カミノダ,,,0,0,0,1,0,0,0,0,1947-04-17,,0,,
442101,0000221,3,大分県,オオイタケン,Oita,,,,杵築市,キツキシ,Kitsuki-shi,,,,,,,,,,乗越,ノリコエ,,,0,0,0,1,0,0,0,0,1947-04-17,,0,,
442101,0000222,3,大分県,オオイタケン,Oita,,,,杵築市,キツキシ,Kitsuki-shi,,,,,,,,,,常盤,トキワ,,,0,0,0,1,0,0,0,0,1947-04-17,,0,,
442101,0000223,3,大分県,オオイタケン,Oita,,,,杵築市,キツキシ,Kitsuki-shi,,,,,,,,,,浄土寺,ジョウドジ,,,0,0,0,1,0,0,0,0,1947-04-17,,0,,
442101,0000224,3,大分県,オオイタケン,Oita,,,,杵築市,キツキシ,Kitsuki-shi,,,,,,,,,,新貝田,シンガイダ,,,0,0,0,1,0,0,0,0,1947-04-17,,0,,
442101,0000225,3,大分県,オオイタケン,Oita,,,,杵築市,キツキシ,Kitsuki-shi,,,,,,,,,,新興,シンコウ,,,0,0,0,1,0,0,0,0,1947-04-17,,0,,
442101,0000226,3,大分県,オオイタケン,Oita,,,,杵築市,キツキシ,Kitsuki-shi,,,,,,,,,,新庄,シンジョウ,,,0,0,0,1,0,0,0,0,1947-04-17,,0,,
442101,0000227,3,大分県,オオイタケン,Oita,,,,杵築市,キツキシ,Kitsuki-shi,,,,,,,,,,神場,カンバ,,,0,0,0,1,0,0,0,0,1947-04-17,,0,,
442101,0000228,3,大分県,オオイタケン,Oita,,,,杵築市,キツキシ,Kitsuki-shi,,,,,,,,,,須崎,スザキ,,,0,0,0,1,0,0,0,0,1947-04-17,,0,,
442101,0000229,3,大分県,オオイタケン,Oita,,,,杵築市,キツキシ,Kitsuki-shi,,,,,,,,,,杉ヶ谷,スギガタニ,,,0,0,0,1,0,0,0,0,1947-04-17,,0,,
442101,0000230,3,大分県,オオイタケン,Oita,,,,杵築市,キツキシ,Kitsuki-shi,,,,,,,,,,菅尾,スガオ,,,0,0,0,1,0,0,0,0,1947-04-17,,0,,
442101,0000231,3,大分県,オオイタケン,Oita,,,,杵築市,キツキシ,Kitsuki-shi,,,,,,,,,,瀬口,セグチ,,,0,0,0,1,0,0,0,0,1947-04-17,,0,,
442101,0000232,3,大分県,オオイタケン,Oita,,,,杵築市,キツキシ,Kitsuki-shi,,,,,,,,,,勢場,セイバ,,,0,0,0,1,0,0,0,0,1947-04-17,,0,,
442101,0000233,3,大分県,オオイタケン,Oita,,,,杵築市,キツキシ,Kitsuki-shi,,,,,,,,,,生桑,イクワ,,,0,0,0,1,0,0,0,0,1947-04-17,,0,,
442101,0000234,3,大分県,オオイタケン,Oita,,,,杵築市,キツキシ,Kitsuki-shi,,,,,,,,,,西岳,ニシダケ,,,0,0,0,1,0,0,0,0,1947-04-17,,0,,
442101,0000235,3,大分県,オオイタケン,Oita,,,,杵築市,キツキシ,Kitsuki-shi,,,,,,,,,,西溝井,ニシミゾイ,,,0,0,0,1,0,0,0,0,1947-04-17,,0,,
442101,0000236,3,大分県,オオイタケン,Oita,,,,杵築市,キツキシ,Kitsuki-shi,,,,,,,,,,西鹿鳴越,ニシカナゴエ,,,0,0,0,1,0,0,0,0,1947-04-17,,0,,
442101,0000237,3,大分県,オオイタケン,Oita,,,,杵築市,キツキシ,Kitsuki-shi,,,,,,,,,,西大内山,ニシオオウチヤマ,,,0,0,0,1,0,0,0,0,1947-04-17,,0,,
442101,0000238,3,大分県,オオイタケン,Oita,,,,杵築市,キツキシ,Kitsuki-shi,,,,,,,,,,西谷,ニシタニ,,,0,0,0,1,0,0,0,0,1947-04-17,,0,,
442101,0000239,3,大分県,オオイタケン,Oita,,,,杵築市,キツキシ,Kitsuki-shi,,,,,,,,,,西仲尾,ニシナカヲ,,,0,0,0,1,0,0,0,0,1947-04-17,,0,,
442101,0000240,3,大分県,オオイタケン,Oita,,,,杵築市,キツキシ,Kitsuki-shi,,,,,,,,,,西福寺,サイフクジ,,,0,0,0,1,0,0,0,0,1947-04-17,,0,,
442101,0000241,3,大分県,オオイタケン,Oita,,,,杵築市,キツキシ,Kitsuki-shi,,,,,,,,,,西平,ニシヒラ,,,0,0,0,1,0,0,0,0,1947-04-17,,0,,
442101,0000242,3,大分県,オオイタケン,Oita,,,,杵築市,キツキシ,Kitsuki-shi,,,,,,,,,,石河野,イシガワノ,,,0,0,0,1,0,0,0,0,1947-04-17,,0,,
442101,0000243,3,大分県,オオイタケン,Oita,,,,杵築市,キツキシ,Kitsuki-shi,,,,,,,,,,赤松,アカマツ,,,0,0,0,1,0,0,0,0,1947-04-17,,0,,
442101,0000244,3,大分県,オオイタケン,Oita,,,,杵築市,キツキシ,Kitsuki-shi,,,,,,,,,,赤水,アカミズ,,,0,0,0,1,0,0,0,0,1947-04-17,,0,,
442101,0000245,3,大分県,オオイタケン,Oita,,,,杵築市,キツキシ,Kitsuki-shi,,,,,,,,,,川床,カワトコ,,,0,0,0,1,0,0,0,0,1947-04-17,,0,,
442101,0000246,3,大分県,オオイタケン,Oita,,,,杵築市,キツキシ,Kitsuki-shi,,,,,,,,,,川平,カワヒラ,,,0,0,0,1,0,0,0,0,1947-04-17,,0,,
442101,0000247,3,大分県,オオイタケン,Oita,,,,杵築市,キツキシ,Kitsuki-shi,,,,,,,,,,船,フネ,,,0,0,0,1,0,0,0,0,1947-04-17,,0,,
442101,0000248,3,大分県,オオイタケン,Oita,,,,杵築市,キツキシ,Kitsuki-shi,,,,,,,,,,船部,フナベ,Funabe,,0,0,0,1,0,0,0,0,1947-04-17,,0,8730024,
442101,0000249,3,大分県,オオイタケン,Oita,,,,杵築市,キツキシ,Kitsuki-shi,,,,,,,,,,槍原,ウツケバル,,,0,0,0,1,0,0,0,0,1947-04-17,,0,,
442101,0000250,3,大分県,オオイタケン,Oita,,,,杵築市,キツキシ,Kitsuki-shi,,,,,,,,,,相原,アイワラ,Aiwara,,0,0,0,1,0,0,0,0,1947-04-17,,0,8730011,
442101,0000251,3,大分県,オオイタケン,Oita,,,,杵築市,キツキシ,Kitsuki-shi,,,,,,,,,,草場,クサバ,,,0,0,0,1,0,0,0,0,1947-04-17,,0,,
442101,0000252,3,大分県,オオイタケン,Oita,,,,杵築市,キツキシ,Kitsuki-shi,,,,,,,,,,速内,ハヤウチ,,,0,0,0,1,0,0,0,0,1947-04-17,,0,,
442101,0000253,3,大分県,オオイタケン,Oita,,,,杵築市,キツキシ,Kitsuki-shi,,,,,,,,,,大鴨川,オオカモガワ,,,0,0,0,1,0,0,0,0,1947-04-17,,0,,
442101,0000254,3,大分県,オオイタケン,Oita,,,,杵築市,キツキシ,Kitsuki-shi,,,,,,,,,,大久,タイキュウ,,,0,0,0,1,0,0,0,0,1947-04-17,,0,,
442101,0000255,3,大分県,オオイタケン,Oita,,,,杵築市,キツキシ,Kitsuki-shi,,,,,,,,,,大月,オオツキ,,,0,0,0,1,0,0,0,0,1947-04-17,,0,,
442101,0000256,3,大分県,オオイタケン,Oita,,,,杵築市,キツキシ,Kitsuki-shi,,,,,,,,,,大左右,ダイソウ,,,0,0,0,1,0,0,0,0,1947-04-17,,0,,
442101,0000257,3,大分県,オオイタケン,Oita,,,,杵築市,キツキシ,Kitsuki-shi,,,,,,,,,,大山,オオヤマ,,,0,0,0,1,0,0,0,0,1947-04-17,,0,,
442101,0000258,3,大分県,オオイタケン,Oita,,,,杵築市,キツキシ,Kitsuki-shi,,,,,,,,,,大池,オオイケ,,,0,0,0,1,0,0,0,0,1947-04-17,,0,,
442101,0000259,3,大分県,オオイタケン,Oita,,,,杵築市,キツキシ,Kitsuki-shi,,,,,,,,,,大内原,オオナイバル,,,0,0,0,1,0,0,0,0,1947-04-17,,0,,
442101,0000260,3,大分県,オオイタケン,Oita,,,,杵築市,キツキシ,Kitsuki-shi,,,,,,,,,,大平,オオヒラ,,,0,0,0,1,0,0,0,0,1947-04-17,,0,,
442101,0000261,3,大分県,オオイタケン,Oita,,,,杵築市,キツキシ,Kitsuki-shi,,,,,,,,,,谷,タニ,,,0,0,0,1,0,0,0,0,1947-04-17,,0,,
442101,0000262,3,大分県,オオイタケン,Oita,,,,杵築市,キツキシ,Kitsuki-shi,,,,,,,,,,鍛冶屋,カジヤ,,,0,0,0,1,0,0,0,0,1947-04-17,,0,,
442101,0000263,3,大分県,オオイタケン,Oita,,,,杵築市,キツキシ,Kitsuki-shi,,,,,,,,,,鍛冶屋坊,カジヤボウ,,,0,0,0,1,0,0,0,0,1947-04-17,,0,,
442101,0000264,3,大分県,オオイタケン,Oita,,,,杵築市,キツキシ,Kitsuki-shi,,,,,,,,,,池ノ頭,イケノトウ,,,0,0,0,1,0,0,0,0,1947-04-17,,0,,
442101,0000265,3,大分県,オオイタケン,Oita,,,,杵築市,キツキシ,Kitsuki-shi,,,,,,,,,,池田,イケダ,,,0,0,0,1,0,0,0,0,1947-04-17,,0,,
442101,0000266,3,大分県,オオイタケン,Oita,,,,杵築市,キツキシ,Kitsuki-shi,,,,,,,,,,中ノ原,ナカノハル,,,0,0,0,1,0,0,0,0,1947-04-17,,0,,
442101,0000267,3,大分県,オオイタケン,Oita,,,,杵築市,キツキシ,Kitsuki-shi,,,,,,,,,,中ノ川,ナカノカワ,,,0,0,0,1,0,0,0,0,1947-04-17,,0,,
442101,0000268,3,大分県,オオイタケン,Oita,,,,杵築市,キツキシ,Kitsuki-shi,,,,,,,,,,中河内,ナカゴウチ,,,0,0,0,1,0,0,0,0,1947-04-17,,0,,
442101,0000269,3,大分県,オオイタケン,Oita,,,,杵築市,キツキシ,Kitsuki-shi,,,,,,,,,,中筋,ナカスジ,,,0,0,0,1,0,0,0,0,1947-04-17,,0,,
442101,0000270,3,大分県,オオイタケン,Oita,,,,杵築市,キツキシ,Kitsuki-shi,,,,,,,,,,中村,ナカムラ,,,0,0,0,1,0,0,0,0,1947-04-17,,0,,
442101,0000271,3,大分県,オオイタケン,Oita,,,,杵築市,キツキシ,Kitsuki-shi,,,,,,,,,,中津屋,ナカツヤ,,,0,0,0,1,0,0,0,0,1947-04-17,,0,,
442101,0000272,3,大分県,オオイタケン,Oita,,,,杵築市,キツキシ,Kitsuki-shi,,,,,,,,,,中畑,ナカバタ,,,0,0,0,1,0,0,0,0,1947-04-17,,0,,
442101,0000273,3,大分県,オオイタケン,Oita,,,,杵築市,キツキシ,Kitsuki-shi,,,,,,,,,,中尾,ナカオ,,,0,0,0,1,0,0,0,0,1947-04-17,,0,,
442101,0000274,3,大分県,オオイタケン,Oita,,,,杵築市,キツキシ,Kitsuki-shi,,,,,,,,,,中尾平,ナカオヒラ,,,0,0,0,1,0,0,0,0,1947-04-17,,0,,
442101,0000275,3,大分県,オオイタケン,Oita,,,,杵築市,キツキシ,Kitsuki-shi,,,,,,,,,,中平,ナカヒラ,,,0,0,0,1,0,0,0,0,1947-04-17,,0,,
442101,0000276,3,大分県,オオイタケン,Oita,,,,杵築市,キツキシ,Kitsuki-shi,,,,,,,,,,中野,ナカノ,,,0,0,0,1,0,0,0,0,1947-04-17,,0,,
442101,0000277,3,大分県,オオイタケン,Oita,,,,杵築市,キツキシ,Kitsuki-shi,,,,,,,,,,中野田,ナカノダ,,,0,0,0,1,0,0,0,0,1947-04-17,,0,,
442101,0000278,3,大分県,オオイタケン,Oita,,,,杵築市,キツキシ,Kitsuki-shi,,,,,,,,,,中野尾,ナカノオ,,,0,0,0,1,0,0,0,0,1947-04-17,,0,,
442101,0000279,3,大分県,オオイタケン,Oita,,,,杵築市,キツキシ,Kitsuki-shi,,,,,,,,,,猪尾,イノオ,Ino,,0,0,0,1,0,0,0,0,1947-04-17,,0,8730005,
442101,0000280,3,大分県,オオイタケン,Oita,,,,杵築市,キツキシ,Kitsuki-shi,,,,,,,,,,長田,ナガタ,,,0,0,0,1,0,0,0,0,1947-04-17,,0,,
442101,0000281,3,大分県,オオイタケン,Oita,,,,杵築市,キツキシ,Kitsuki-shi,,,,,,,,,,長流寺,チョウリュウジ,,,0,0,0,1,0,0,0,0,1947-04-17,,0,,
442101,0000282,3,大分県,オオイタケン,Oita,,,,杵築市,キツキシ,Kitsuki-shi,,,,,,,,,,津山,ツヤマ,,,0,0,0,1,0,0,0,0,1947-04-17,,0,,
442101,0000283,3,大分県,オオイタケン,Oita,,,,杵築市,キツキシ,Kitsuki-shi,,,,,,,,,,辻,ツジ,,,0,0,0,1,0,0,0,0,1947-04-17,,0,,
442101,0000284,3,大分県,オオイタケン,Oita,,,,杵築市,キツキシ,Kitsuki-shi,,,,,,,,,,鶴成,ツルナリ,,,0,0,0,1,0,0,0,0,1947-04-17,,0,,
442101,0000285,3,大分県,オオイタケン,Oita,,,,杵築市,キツキシ,Kitsuki-shi,,,,,,,,,,定野尾,ジョウノオ,,,0,0,0,1,0,0,0,0,1947-04-17,,0,,
442101,0000286,3,大分県,オオイタケン,Oita,,,,杵築市,キツキシ,Kitsuki-shi,,,,,,,,,,天下駄,アマゲタ,,,0,0,0,1,0,0,0,0,1947-04-17,,0,,
442101,0000287,3,大分県,オオイタケン,Oita,,,,杵築市,キツキシ,Kitsuki-shi,,,,,,,,,,天堤,アマヅツミ,,,0,0,0,1,0,0,0,0,1947-04-17,,0,,
442101,0000288,3,大分県,オオイタケン,Oita,,,,杵築市,キツキシ,Kitsuki-shi,,,,,,,,,,田居,タイ,,,0,0,0,1,0,0,0,0,1947-04-17,,0,,
442101,0000289,3,大分県,オオイタケン,Oita,,,,杵築市,キツキシ,Kitsuki-shi,,,,,,,,,,田原河内,タワラゴウチ,,,0,0,0,1,0,0,0,0,1947-04-17,,0,,
442101,0000290,3,大分県,オオイタケン,Oita,,,,杵築市,キツキシ,Kitsuki-shi,,,,,,,,,,唐川,カラカワ,,,0,0,0,1,0,0,0,0,1947-04-17,,0,,
442101,0000291,3,大分県,オオイタケン,Oita,,,,杵築市,キツキシ,Kitsuki-shi,,,,,,,,,,東溝井,ヒガシミゾイ,,,0,0,0,1,0,0,0,0,1947-04-17,,0,,
442101,0000292,3,大分県,オオイタケン,Oita,,,,杵築市,キツキシ,Kitsuki-shi,,,,,,,,,,東大内山,ヒガシオオウチヤマ,,,0,0,0,1,0,0,0,0,1947-04-17,,0,,
442101,0000293,3,大分県,オオイタケン,Oita,,,,杵築市,キツキシ,Kitsuki-shi,,,,,,,,,,東平,ヒガシベラ,,,0,0,0,1,0,0,0,0,1947-04-17,,0,,
442101,0000294,3,大分県,オオイタケン,Oita,,,,杵築市,キツキシ,Kitsuki-shi,,,,,,,,,,当ノ木,アテノキ,,,0,0,0,1,0,0,0,0,1947-04-17,,0,,
442101,0000295,3,大分県,オオイタケン,Oita,,,,杵築市,キツキシ,Kitsuki-shi,,,,,,,,,,筒木,ウツロギ,,,0,0,0,1,0,0,0,0,1947-04-17,,0,,
442101,0000296,3,大分県,オオイタケン,Oita,,,,杵築市,キツキシ,Kitsuki-shi,,,,,,,,,,藤川,フジノカワ,,,0,0,0,1,0,0,0,0,1947-04-17,,0,,
442101,0000297,3,大分県,オオイタケン,Oita,,,,杵築市,キツキシ,Kitsuki-shi,,,,,,,,,,藤田,フジタ,,,0,0,0,1,0,0,0,0,1947-04-17,,0,,
442101,0000298,3,大分県,オオイタケン,Oita,,,,杵築市,キツキシ,Kitsuki-shi,,,,,,,,,,堂園,ドウゾノ,,,0,0,0,1,0,0,0,0,1947-04-17,,0,,
442101,0000299,3,大分県,オオイタケン,Oita,,,,杵築市,キツキシ,Kitsuki-shi,,,,,,,,,,奈多,ナダ,Nada,,0,0,0,1,0,0,0,0,1947-04-17,,0,8730032,
442101,0000300,3,大分県,オオイタケン,Oita,,,,杵築市,キツキシ,Kitsuki-shi,,,,,,,,,,那留,ナル,,,0,0,0,1,0,0,0,0,1947-04-17,,0,,
442101,0000301,3,大分県,オオイタケン,Oita,,,,杵築市,キツキシ,Kitsuki-shi,,,,,,,,,,内河野,ウチガワノ,,,0,0,0,1,0,0,0,0,1947-04-17,,0,,
442101,0000302,3,大分県,オオイタケン,Oita,,,,杵築市,キツキシ,Kitsuki-shi,,,,,,,,,,灘手,ナダテ,,,0,0,0,1,0,0,0,0,1947-04-17,,0,,
442101,0000303,3,大分県,オオイタケン,Oita,,,,杵築市,キツキシ,Kitsuki-shi,,,,,,,,,,鍋倉,ナベクラ,,,0,0,0,1,0,0,0,0,1947-04-17,,0,,
442101,0000304,3,大分県,オオイタケン,Oita,,,,杵築市,キツキシ,Kitsuki-shi,,,,,,,,,,南台,ミナミダイ,,,0,0,0,1,0,0,0,0,1947-04-17,,0,,
442101,0000305,3,大分県,オオイタケン,Oita,,,,杵築市,キツキシ,Kitsuki-shi,,,,,,,,,,南平,ミナミビラ,,,0,0,0,1,0,0,0,0,1947-04-17,,0,,
442101,0000306,3,大分県,オオイタケン,Oita,,,,杵築市,キツキシ,Kitsuki-shi,,,,,,,,,,楠原,クスノキバル,,,0,0,0,1,0,0,0,0,1947-04-17,,0,,
442101,0000307,3,大分県,オオイタケン,Oita,,,,杵築市,キツキシ,Kitsuki-shi,,,,,,,,,,二ノ坂,ニノサカ,,,0,0,0,1,0,0,0,0,1947-04-17,,0,,
442101,0000308,3,大分県,オオイタケン,Oita,,,,杵築市,キツキシ,Kitsuki-shi,,,,,,,,,,二ノ尾,ニノオ,,,0,0,0,1,0,0,0,0,1947-04-17,,0,,
442101,0000309,3,大分県,オオイタケン,Oita,,,,杵築市,キツキシ,Kitsuki-shi,,,,,,,,,,日切,ヒキリ,,,0,0,0,1,0,0,0,0,1947-04-17,,0,,
442101,0000310,3,大分県,オオイタケン,Oita,,,,杵築市,キツキシ,Kitsuki-shi,,,,,,,,,,日野地,ヒノジ,,,0,0,0,1,0,0,0,0,1947-04-17,,0,,
442101,0000311,3,大分県,オオイタケン,Oita,,,,杵築市,キツキシ,Kitsuki-shi,,,,,,,,,,年田,トシダ,,,0,0,0,1,0,0,0,0,1947-04-17,,0,,
442101,0000312,3,大分県,オオイタケン,Oita,,,,杵築市,キツキシ,Kitsuki-shi,,,,,,,,,,納屋,ナヤ,,,0,0,0,1,0,0,0,0,1947-04-17,,0,,
442101,0000313,3,大分県,オオイタケン,Oita,,,,杵築市,キツキシ,Kitsuki-shi,,,,,,,,,,梅田,ウメダ,,,0,0,0,1,0,0,0,0,1947-04-17,,0,,
442101,0000314,3,大分県,オオイタケン,Oita,,,,杵築市,キツキシ,Kitsuki-shi,,,,,,,,,,迫,サコ,,,0,0,0,1,0,0,0,0,1947-04-17,,0,,
442101,0000315,3,大分県,オオイタケン,Oita,,,,杵築市,キツキシ,Kitsuki-shi,,,,,,,,,,迫田,サコダ,,,0,0,0,1,0,0,0,0,1947-04-17,,0,,
442101,0000316,3,大分県,オオイタケン,Oita,,,,杵築市,キツキシ,Kitsuki-shi,,,,,,,,,,畑,ハタ,,,0,0,0,1,0,0,0,0,1947-04-17,,0,,
442101,0000317,3,大分県,オオイタケン,Oita,,,,杵築市,キツキシ,Kitsuki-shi,,,,,,,,,,畑中,ハタナカ,,,0,0,0,1,0,0,0,0,1947-04-17,,0,,
442101,0000318,3,大分県,オオイタケン,Oita,,,,杵築市,キツキシ,Kitsuki-shi,,,,,,,,,,八ッ口,ヤツクチ,,,0,0,0,1,0,0,0,0,1947-04-17,,0,,
442101,0000319,3,大分県,オオイタケン,Oita,,,,杵築市,キツキシ,Kitsuki-shi,,,,,,,,,,八丸,ハチマル,,,0,0,0,1,0,0,0,0,1947-04-17,,0,,
442101,0000320,3,大分県,オオイタケン,Oita,,,,杵築市,キツキシ,Kitsuki-shi,,,,,,,,,,板垣,イタガキ,,,0,0,0,1,0,0,0,0,1947-04-17,,0,,
442101,0000321,3,大分県,オオイタケン,Oita,,,,杵築市,キツキシ,Kitsuki-shi,,,,,,,,,,板山,イタヤマ,,,0,0,0,1,0,0,0,0,1947-04-17,,0,,
442101,0000322,3,大分県,オオイタケン,Oita,,,,杵築市,キツキシ,Kitsuki-shi,,,,,,,,,,飛松,トビマツ,,,0,0,0,1,0,0,0,0,1947-04-17,,0,,
442101,0000323,3,大分県,オオイタケン,Oita,,,,杵築市,キツキシ,Kitsuki-shi,,,,,,,,,,樋掛,ヒカケ,,,0,0,0,1,0,0,0,0,1947-04-17,,0,,
442101,0000324,3,大分県,オオイタケン,Oita,,,,杵築市,キツキシ,Kitsuki-shi,,,,,,,,,,尾花,オバナ,,,0,0,0,1,0,0,0,0,1947-04-17,,0,,
442101,0000325,3,大分県,オオイタケン,Oita,,,,杵築市,キツキシ,Kitsuki-shi,,,,,,,,,,尾上,オカミ,,,0,0,0,1,0,0,0,0,1947-04-17,,0,,
442101,0000326,3,大分県,オオイタケン,Oita,,,,杵築市,キツキシ,Kitsuki-shi,,,,,,,,,,尾迫,オサコ,,,0,0,0,1,0,0,0,0,1947-04-17,,0,,
442101,0000327,3,大分県,オオイタケン,Oita,,,,杵築市,キツキシ,Kitsuki-shi,,,,,,,,,,尾本,オモト,,,0,0,0,1,0,0,0,0,1947-04-17,,0,,
442101,0000328,3,大分県,オオイタケン,Oita,,,,杵築市,キツキシ,Kitsuki-shi,,,,,,,,,,美濃崎,ミノザキ,,,0,0,0,1,0,0,0,0,1947-04-17,,0,,
442101,0000329,3,大分県,オオイタケン,Oita,,,,杵築市,キツキシ,Kitsuki-shi,,,,,,,,,,美濃山,ミノヤマ,,,0,0,0,1,0,0,0,0,1947-04-17,,0,,
442101,0000330,3,大分県,オオイタケン,Oita,,,,杵築市,キツキシ,Kitsuki-shi,,,,,,,,,,富田,トミダ,,,0,0,0,1,0,0,0,0,1947-04-17,,0,,
442101,0000331,3,大分県,オオイタケン,Oita,,,,杵築市,キツキシ,Kitsuki-shi,,,,,,,,,,福林,フクバヤシ,,,0,0,0,1,0,0,0,0,1947-04-17,,0,,
442101,0000332,3,大分県,オオイタケン,Oita,,,,杵築市,キツキシ,Kitsuki-shi,,,,,,,,,,仏供,ブク,,,0,0,0,1,0,0,0,0,1947-04-17,,0,,
442101,0000333,3,大分県,オオイタケン,Oita,,,,杵築市,キツキシ,Kitsuki-shi,,,,,,,,,,平ヶ倉,ヒラガクラ,,,0,0,0,1,0,0,0,0,1947-04-17,,0,,
442101,0000334,3,大分県,オオイタケン,Oita,,,,杵築市,キツキシ,Kitsuki-shi,,,,,,,,,,平原,ヒラバル,,,0,0,0,1,0,0,0,0,1947-04-17,,0,,
442101,0000335,3,大分県,オオイタケン,Oita,,,,杵築市,キツキシ,Kitsuki-shi,,,,,,,,,,平山,ヒラヤマ,,,0,0,0,1,0,0,0,0,1947-04-17,,0,,
442101,0000336,3,大分県,オオイタケン,Oita,,,,杵築市,キツキシ,Kitsuki-shi,,,,,,,,,,平野,ヒラノ,,,0,0,0,1,0,0,0,0,1947-04-17,,0,,
442101,0000337,3,大分県,オオイタケン,Oita,,,,杵築市,キツキシ,Kitsuki-shi,,,,,,,,,,米子瀬,ヨナゴセ,,,0,0,0,1,0,0,0,0,1947-04-17,,0,,
442101,0000338,3,大分県,オオイタケン,Oita,,,,杵築市,キツキシ,Kitsuki-shi,,,,,,,,,,片野,カタノ,Katano,,0,0,0,1,0,0,0,0,1947-04-17,,0,8730007,
442101,0000339,3,大分県,オオイタケン,Oita,,,,杵築市,キツキシ,Kitsuki-shi,,,,,,,,,,峰,ミネ,,,0,0,0,1,0,0,0,0,1947-04-17,,0,,
442101,0000340,3,大分県,オオイタケン,Oita,,,,杵築市,キツキシ,Kitsuki-shi,,,,,,,,,,北ノ原,キタノハル,,,0,0,0,1,0,0,0,0,1947-04-17,,0,,
442101,0000341,3,大分県,オオイタケン,Oita,,,,杵築市,キツキシ,Kitsuki-shi,,,,,,,,,,北台,キタダイ,,,0,0,0,1,0,0,0,0,1947-04-17,,0,,
442101,0000342,3,大分県,オオイタケン,Oita,,,,杵築市,キツキシ,Kitsuki-shi,,,,,,,,,,北浜,キタハマ,,,0,0,0,1,0,0,0,0,1947-04-17,,0,,
442101,0000343,3,大分県,オオイタケン,Oita,,,,杵築市,キツキシ,Kitsuki-shi,,,,,,,,,,本河内,ホンゴウチ,,,0,0,0,1,0,0,0,0,1947-04-17,,0,,
442101,0000344,3,大分県,オオイタケン,Oita,,,,杵築市,キツキシ,Kitsuki-shi,,,,,,,,,,本篠,モトシノ,,,0,0,0,1,0,0,0,0,1947-04-17,,0,,
442101,0000345,3,大分県,オオイタケン,Oita,,,,杵築市,キツキシ,Kitsuki-shi,,,,,,,,,,本村,ホンムラ,,,0,0,0,1,0,0,0,0,1947-04-17,,0,,
442101,0000346,3,大分県,オオイタケン,Oita,,,,杵築市,キツキシ,Kitsuki-shi,,,,,,,,,,又井,マタイ,,,0,0,0,1,0,0,0,0,1947-04-17,,0,,
442101,0000347,3,大分県,オオイタケン,Oita,,,,杵築市,キツキシ,Kitsuki-shi,,,,,,,,,,妙善坊,ミョウゼンボウ,,,0,0,0,1,0,0,0,0,1947-04-17,,0,,
442101,0000348,3,大分県,オオイタケン,Oita,,,,杵築市,キツキシ,Kitsuki-shi,,,,,,,,,,木ノ下,キノシタ,,,0,0,0,1,0,0,0,0,1947-04-17,,0,,
442101,0000349,3,大分県,オオイタケン,Oita,,,,杵築市,キツキシ,Kitsuki-shi,,,,,,,,,,目久保,メクボ,,,0,0,0,1,0,0,0,0,1947-04-17,,0,,
442101,0000350,3,大分県,オオイタケン,Oita,,,,杵築市,キツキシ,Kitsuki-shi,,,,,,,,,,野原,ノハル,,,0,0,0,1,0,0,0,0,1947-04-17,,0,,
442101,0000351,3,大分県,オオイタケン,Oita,,,,杵築市,キツキシ,Kitsuki-shi,,,,,,,,,,野添,ノゾエ,,,0,0,0,1,0,0,0,0,1947-04-17,,0,,
442101,0000352,3,大分県,オオイタケン,Oita,,,,杵築市,キツキシ,Kitsuki-shi,,,,,,,,,,野辺,ヤベ,,,0,0,0,1,0,0,0,0,1947-04-17,,0,,
442101,0000353,3,大分県,オオイタケン,Oita,,,,杵築市,キツキシ,Kitsuki-shi,,,,,,,,,,友清,トモキヨ,,,0,0,0,1,0,0,0,0,1947-04-17,,0,,
442101,0000354,3,大分県,オオイタケン,Oita,,,,杵築市,キツキシ,Kitsuki-shi,,,,,,,,,,柚ノ迫,ユノサコ,,,0,0,0,1,0,0,0,0,1947-04-17,,0,,
442101,0000355,3,大分県,オオイタケン,Oita,,,,杵築市,キツキシ,Kitsuki-shi,,,,,,,,,,余名,ヨミョウ,,,0,0,0,1,0,0,0,0,1947-04-17,,0,,
442101,0000356,3,大分県,オオイタケン,Oita,,,,杵築市,キツキシ,Kitsuki-shi,,,,,,,,,,陽の見,ヒノミ,,,0,0,0,1,0,0,0,0,1947-04-17,,0,,
442101,0000357,3,大分県,オオイタケン,Oita,,,,杵築市,キツキシ,Kitsuki-shi,,,,,,,,,,陽平,ヒビラ,,,0,0,0,1,0,0,0,0,1947-04-17,,0,,
442101,0000358,3,大分県,オオイタケン,Oita,,,,杵築市,キツキシ,Kitsuki-shi,,,,,,,,,,立岩,タテイワ,,,0,0,0,1,0,0,0,0,1947-04-17,,0,,
442101,0000359,3,大分県,オオイタケン,Oita,,,,杵築市,キツキシ,Kitsuki-shi,,,,,,,,,,立平,タテビラ,,,0,0,0,1,0,0,0,0,1947-04-17,,0,,
442101,0000360,3,大分県,オオイタケン,Oita,,,,杵築市,キツキシ,Kitsuki-shi,,,,,,,,,,竜ヶ尾,リュウガオ,,,0,0,0,1,0,0,0,0,1947-04-17,,0,,
442101,0000361,3,大分県,オオイタケン,Oita,,,,杵築市,キツキシ,Kitsuki-shi,,,,,,,,,,竜頭,リュウズ,,,0,0,0,1,0,0,0,0,1947-04-17,,0,,
442101,0000362,3,大分県,オオイタケン,Oita,,,,杵築市,キツキシ,Kitsuki-shi,,,,,,,,,,龍門寺,リュウモンジ,,,0,0,0,1,0,0,0,0,1947-04-17,,0,,
442101,0000363,3,大分県,オオイタケン,Oita,,,,杵築市,キツキシ,Kitsuki-shi,,,,,,,,,,六軒町,ロッケンマチ,,,0,0,0,1,0,0,0,0,1947-04-17,,0,,
442101,0000364,3,大分県,オオイタケン,Oita,,,,杵築市,キツキシ,Kitsuki-shi,,,,,,,,,,六太郎,ロクタロウ,,,0,0,0,1,0,0,0,0,1947-04-17,,0,,
442101,0000365,3,大分県,オオイタケン,Oita,,,,杵築市,キツキシ,Kitsuki-shi,,,,,,,,,,藪田,ヤブタ,,,0,0,0,1,0,0,0,0,1947-04-17,,0,,
442101,0001000,1,大分県,オオイタケン,Oita,,,,杵築市,キツキシ,Kitsuki-shi,,,,大字相原,オオアザアイワラ,Aiwara,,,,,,,,0,0,0,0,0,0,1,1,1947-04-17,,0,8730011,
442101,0002000,1,大分県,オオイタケン,Oita,,,,杵築市,キツキシ,Kitsuki-shi,,,,大字猪尾,オオアザイノオ,Ino,,,,,,,,0,0,0,0,0,0,1,1,1947-04-17,,0,8730005,
442101,0003000,1,大分県,オオイタケン,Oita,,,,杵築市,キツキシ,Kitsuki-shi,,,,大字岩谷,オオアザイワヤ,Iwaya,,,,,,,,0,0,0,0,0,0,1,1,1947-04-17,,0,8730021,
442101,0004000,1,大分県,オオイタケン,Oita,,,,杵築市,キツキシ,Kitsuki-shi,,,,大字大内,オオアザオオウチ,Ouchi,,,,,,,,0,0,0,0,0,0,1,1,1947-04-17,,0,8730006,
442101,0005000,1,大分県,オオイタケン,Oita,,,,杵築市,キツキシ,Kitsuki-shi,,,,大字大片平,オオアザオカタヒラ,Okatahira,,,,,,,,0,0,0,0,0,0,1,1,1947-04-17,,0,8730022,
442101,0006000,1,大分県,オオイタケン,Oita,,,,杵築市,キツキシ,Kitsuki-shi,,,,大字片野,オオアザカタノ,Katano,,,,,,,,0,0,0,0,0,0,1,1,1947-04-17,,0,8730007,
442101,0007000,1,大分県,オオイタケン,Oita,,,,杵築市,キツキシ,Kitsuki-shi,,,,大字鴨川,オオアザカモガワ,Kamogawa,,,,,,,,0,0,0,0,0,0,1,1,1947-04-17,,0,8730023,
442101,0008000,1,大分県,オオイタケン,Oita,,,,杵築市,キツキシ,Kitsuki-shi,,,,大字狩宿,オオアザカリシュク,Karishuku,,,,,,,,0,0,0,0,0,0,1,1,1947-04-17,,0,8730031,
442101,0009000,1,大分県,オオイタケン,Oita,,,,杵築市,キツキシ,Kitsuki-shi,,,,大字杵築,オオアザキツキ,Kitsuki,,,,,,,,0,0,0,0,0,0,1,1,1947-04-17,,0,8730001,
442101,0010000,1,大分県,オオイタケン,Oita,,,,杵築市,キツキシ,Kitsuki-shi,,,,大字熊野,オオアザクマノ,Kumano,,,,,,,,0,0,0,0,0,0,1,1,1947-04-17,,0,8730008,
442101,0011000,1,大分県,オオイタケン,Oita,,,,杵築市,キツキシ,Kitsuki-shi,,,,大字中,オオアザナカ,Naka,,,,,,,,0,0,0,0,0,0,1,1,1947-04-17,,0,8730012,
442101,0012000,1,大分県,オオイタケン,Oita,,,,杵築市,キツキシ,Kitsuki-shi,,,,大字奈多,オオアザナダ,Nada,,,,,,,,0,0,0,0,0,0,1,1,1947-04-17,,0,8730032,
442101,0013000,1,大分県,オオイタケン,Oita,,,,杵築市,キツキシ,Kitsuki-shi,,,,大字馬場尾,オオアザババオ,Babao,,,,,,,,0,0,0,0,0,0,1,1,1947-04-17,,0,8730003,
442101,0014000,1,大分県,オオイタケン,Oita,,,,杵築市,キツキシ,Kitsuki-shi,,,,大字日野,オオアザヒノ,Hino,,,,,,,,0,0,0,0,0,0,1,1,1947-04-17,,0,8730013,
442101,0015000,1,大分県,オオイタケン,Oita,,,,杵築市,キツキシ,Kitsuki-shi,,,,大字船部,オオアザフナベ,Funabe,,,,,,,,0,0,0,0,0,0,1,1,1947-04-17,,0,8730024,
442101,0016000,1,大分県,オオイタケン,Oita,,,,杵築市,キツキシ,Kitsuki-shi,,,,大字本庄,オオアザホンジョウ,Honjo,,,,,,,,0,0,0,0,0,0,1,1,1947-04-17,,0,8730014,
442101,0017000,1,大分県,オオイタケン,Oita,,,,杵築市,キツキシ,Kitsuki-shi,,,,大字溝井,オオアザミゾイ,Mizoi,,,,,,,,0,0,0,0,0,0,1,1,1947-04-17,,0,8730025,
442101,0018000,1,大分県,オオイタケン,Oita,,,,杵築市,キツキシ,Kitsuki-shi,,,,大字南杵築,オオアザミナミキツキ,Minamikitsuki,,,,,,,,0,0,0,0,0,0,1,1,1947-04-17,,0,8730002,
442101,0019000,1,大分県,オオイタケン,Oita,,,,杵築市,キツキシ,Kitsuki-shi,,,,大字宮司,オオアザミヤジ,Miyaji,,,,,,,,0,0,0,0,0,0,1,1,1947-04-17,,0,8730004,
442101,0020000,1,大分県,オオイタケン,Oita,,,,杵築市,キツキシ,Kitsuki-shi,,,,大字守江,オオアザモリエ,Morie,,,,,,,,0,0,0,0,0,0,1,1,1947-04-17,,0,8730033,
442101,0021000,1,大分県,オオイタケン,Oita,,,,杵築市,キツキシ,Kitsuki-shi,,,,大字八坂,オオアザヤサカ,Yasaka,,,,,,,,0,0,0,0,0,0,1,1,1947-04-17,,0,8730015,
442101,0022000,1,大分県,オオイタケン,Oita,,,,杵築市,キツキシ,Kitsuki-shi,,,,大字横城,オオアザヨコギ,Yokogi,,,,,,,,0,0,0,0,0,0,1,1,1947-04-17,,0,8730034,
442101,0023000,1,大分県,オオイタケン,Oita,,,,杵築市,キツキシ,Kitsuki-shi,,,,大田石丸,オオタイシマル,Ota Ishimaru,,,,,,,,0,0,0,0,0,0,1,1,1947-04-17,,0,8790901,
442101,0024000,1,大分県,オオイタケン,Oita,,,,杵築市,キツキシ,Kitsuki-shi,,,,大田小野,オオタオノ,Ota Ono,,,,,,,,0,0,0,0,0,0,1,1,1947-04-17,,0,8790904,
442101,0025000,1,大分県,オオイタケン,Oita,,,,杵築市,キツキシ,Kitsuki-shi,,,,大田沓掛,オオタクツカケ,Ota Kutsukake,,,,,,,,0,0,0,0,0,0,1,1,1947-04-17,,0,8790902,
442101,0026000,1,大分県,オオイタケン,Oita,,,,杵築市,キツキシ,Kitsuki-shi,,,,大田白木原,オオタシラキワラ,Ota Shirakihara,,,,,,,,0,0,0,0,0,0,1,1,1947-04-17,,0,8790912,
442101,0027000,1,大分県,オオイタケン,Oita,,,,杵築市,キツキシ,Kitsuki-shi,,,,大田永松,オオタナガマツ,Ota Nagamatsu,,,,,,,,0,0,0,0,0,0,1,1,1947-04-17,,0,8790903,
442101,0028000,1,大分県,オオイタケン,Oita,,,,杵築市,キツキシ,Kitsuki-shi,,,,大田波多方,オオタハダカタ,Ota Hadakata,,,,,,,,0,0,0,0,0,0,1,1,1947-04-17,,0,8790911,
442101,0029000,1,大分県,オオイタケン,Oita,,,,杵築市,キツキシ,Kitsuki-shi,,,,大田俣水,オオタマタミズ,,,,,,,,,0,0,0,0,0,0,1,1,1947-04-17,,0,,
442101,0030000,1,大分県,オオイタケン,Oita,,,,杵築市,キツキシ,Kitsuki-shi,,,,山香町大字内河野,ヤマガマチオオアザウチガワノ,,,,,,,,,0,0,0,0,0,0,1,1,1947-04-17,,0,,
442101,0031000,1,大分県,オオイタケン,Oita,,,,杵築市,キツキシ,Kitsuki-shi,,,,山香町大字小武,ヤマガマチオオアザオダケ,,,,,,,,,0,0,0,0,0,0,1,1,1947-04-17,,0,,
442101,0032000,1,大分県,オオイタケン,Oita,,,,杵築市,キツキシ,Kitsuki-shi,,,,山香町大字久木野尾,ヤマガマチオオアザクギノオ,,,,,,,,,0,0,0,0,0,0,1,1,1947-04-17,,0,,
442101,0033000,1,大分県,オオイタケン,Oita,,,,杵築市,キツキシ,Kitsuki-shi,,,,山香町大字倉成,ヤマガマチオオアザクラナリ,,,,,,,,,0,0,0,0,0,0,1,1,1947-04-17,,0,,
442101,0034000,1,大分県,オオイタケン,Oita,,,,杵築市,キツキシ,Kitsuki-shi,,,,山香町大字下,ヤマガマチオオアザシモ,,,,,,,,,0,0,0,0,0,0,1,1,1947-04-17,,0,,
442101,0035000,1,大分県,オオイタケン,Oita,,,,杵築市,キツキシ,Kitsuki-shi,,,,山香町大字立石,ヤマガマチオオアザタテイシ,,,,,,,,,0,0,0,0,0,0,1,1,1947-04-17,,0,,
442101,0036000,1,大分県,オオイタケン,Oita,,,,杵築市,キツキシ,Kitsuki-shi,,,,山香町大字野原,ヤマガマチオオアザノハル,,,,,,,,,0,0,0,0,0,0,1,1,1947-04-17,,0,,
442101,0037000,1,大分県,オオイタケン,Oita,,,,杵築市,キツキシ,Kitsuki-shi,,,,山香町大字日指,ヤマガマチオオアザヒサシ,,,,,,,,,0,0,0,0,0,0,1,1,1947-04-17,,0,,
442101,0038000,1,大分県,オオイタケン,Oita,,,,杵築市,キツキシ,Kitsuki-shi,,,,山香町大字広瀬,ヤマガマチオオアザヒロセ,,,,,,,,,0,0,0,0,0,0,1,1,1947-04-17,,0,,
442101,0039000,1,大分県,オオイタケン,Oita,,,,杵築市,キツキシ,Kitsuki-shi,,,,山香町大字南畑,ヤマガマチオオアザミナミハタ,,,,,,,,,0,0,0,0,0,0,1,1,1947-04-17,,0,,
442101,0040000,1,大分県,オオイタケン,Oita,,,,杵築市,キツキシ,Kitsuki-shi,,,,山香町大字向野,ヤマガマチオオアザムクノ,,,,,,,,,0,0,0,0,0,0,1,1,1947-04-17,,0,,
442101,0041000,1,大分県,オオイタケン,Oita,,,,杵築市,キツキシ,Kitsuki-shi,,,,山香町大字山浦,ヤマガマチオオアザヤマウラ,,,,,,,,,0,0,0,0,0,0,1,1,1947-04-17,,0,,
442101,0042000,1,大分県,オオイタケン,Oita,,,,杵築市,キツキシ,Kitsuki-shi,,,,山香町大字吉野渡,ヤマガマチオオアザヨシノワタリ,,,,,,,,,0,0,0,0,0,0,1,1,1947-04-17,,0,,
442119,0000101,3,大分県,オオイタケン,Oita,,,,宇佐市,ウサシ,Usa-shi,,,,,,,,,,メ野,シメノ,,,0,0,0,1,0,0,0,0,1947-04-17,,0,,
442119,0000102,3,大分県,オオイタケン,Oita,,,,宇佐市,ウサシ,Usa-shi,,,,,,,,,,伊地野,イチノ,,,0,0,0,1,0,0,0,0,1947-04-17,,0,,
442119,0000103,3,大分県,オオイタケン,Oita,,,,宇佐市,ウサシ,Usa-shi,,,,,,,,,,井ノ川,イノカワ,,,0,0,0,1,0,0,0,0,1947-04-17,,0,,
442119,0000104,3,大分県,オオイタケン,Oita,,,,宇佐市,ウサシ,Usa-shi,,,,,,,,,,井手ノ原,イデノバル,,,0,0,0,1,0,0,0,0,1947-04-17,,0,,
442119,0000105,3,大分県,オオイタケン,Oita,,,,宇佐市,ウサシ,Usa-shi,,,,,,,,,,稲荷,イナリ,,,0,0,0,1,0,0,0,0,1947-04-17,,0,,
442119,0000106,3,大分県,オオイタケン,Oita,,,,宇佐市,ウサシ,Usa-shi,,,,,,,,,,宇津原,ウヅバル,,,0,0,0,1,0,0,0,0,1947-04-17,,0,,
442119,0000107,3,大分県,オオイタケン,Oita,,,,宇佐市,ウサシ,Usa-shi,,,,,,,,,,永原,ナガバル,,,0,0,0,1,0,0,0,0,1947-04-17,,0,,
442119,0000108,3,大分県,オオイタケン,Oita,,,,宇佐市,ウサシ,Usa-shi,,,,,,,,,,駅西,エキセイ,,,0,0,0,1,0,0,0,0,1947-04-17,,0,,
442119,0000109,3,大分県,オオイタケン,Oita,,,,宇佐市,ウサシ,Usa-shi,,,,,,,,,,円ヶ迫,エンガサコ,,,0,0,0,1,0,0,0,0,1947-04-17,,0,,
442119,0000110,3,大分県,オオイタケン,Oita,,,,宇佐市,ウサシ,Usa-shi,,,,,,,,,,円座,エンザ,,,0,0,0,1,0,0,0,0,1947-04-17,,0,,
442119,0000111,3,大分県,オオイタケン,Oita,,,,宇佐市,ウサシ,Usa-shi,,,,,,,,,,奥鍋,オクナベ,,,0,0,0,1,0,0,0,0,1947-04-17,,0,,
442119,0000112,3,大分県,オオイタケン,Oita,,,,宇佐市,ウサシ,Usa-shi,,,,,,,,,,岡,オカ,,,0,0,0,1,0,0,0,0,1947-04-17,,0,,
442119,0000113,3,大分県,オオイタケン,Oita,,,,宇佐市,ウサシ,Usa-shi,,,,,,,,,,荻迫,オギサコ,,,0,0,0,1,0,0,0,0,1947-04-17,,0,,
442119,0000114,3,大分県,オオイタケン,Oita,,,,宇佐市,ウサシ,Usa-shi,,,,,,,,,,屋敷,ヤシキ,,,0,0,0,1,0,0,0,0,1947-04-17,,0,,
442119,0000115,3,大分県,オオイタケン,Oita,,,,宇佐市,ウサシ,Usa-shi,,,,,,,,,,乙村,オトムラ,,,0,0,0,1,0,0,0,0,1947-04-17,,0,,
442119,0000116,3,大分県,オオイタケン,Oita,,,,宇佐市,ウサシ,Usa-shi,,,,,,,,,,温見野,ヌクミノ,,,0,0,0,1,0,0,0,0,1947-04-17,,0,,
442119,0000117,3,大分県,オオイタケン,Oita,,,,宇佐市,ウサシ,Usa-shi,,,,,,,,,,下安佐津,シモアサツ,,,0,0,0,1,0,0,0,0,1947-04-17,,0,,
442119,0000118,3,大分県,オオイタケン,Oita,,,,宇佐市,ウサシ,Usa-shi,,,,,,,,,,下櫛野,シモクシノ,,,0,0,0,1,0,0,0,0,1947-04-17,,0,,
442119,0000119,3,大分県,オオイタケン,Oita,,,,宇佐市,ウサシ,Usa-shi,,,,,,,,,,下元重,シモモトシゲ,Shimomotoshige,,0,0,0,1,0,0,0,0,1947-04-17,,0,8790473,
442119,0000120,3,大分県,オオイタケン,Oita,,,,宇佐市,ウサシ,Usa-shi,,,,,,,,,,下五名,シモゴミョウ,,,0,0,0,1,0,0,0,0,1947-04-17,,0,,
442119,0000121,3,大分県,オオイタケン,Oita,,,,宇佐市,ウサシ,Usa-shi,,,,,,,,,,下山,シモヤマ,,,0,0,0,1,0,0,0,0,1947-04-17,,0,,
442119,0000122,3,大分県,オオイタケン,Oita,,,,宇佐市,ウサシ,Usa-shi,,,,,,,,,,下市,シモイチ,,,0,0,0,1,0,0,0,0,1947-04-17,,0,,
442119,0000123,3,大分県,オオイタケン,Oita,,,,宇佐市,ウサシ,Usa-shi,,,,,,,,,,下庄,シモショウ,Shimosho,,0,0,0,1,0,0,0,0,1947-04-17,,0,8790152,
442119,0000124,3,大分県,オオイタケン,Oita,,,,宇佐市,ウサシ,Usa-shi,,,,,,,,,,下城井,シモジョウイ,,,0,0,0,1,0,0,0,0,1947-04-17,,0,,
442119,0000125,3,大分県,オオイタケン,Oita,,,,宇佐市,ウサシ,Usa-shi,,,,,,,,,,下森山,シモモリヤマ,,,0,0,0,1,0,0,0,0,1947-04-17,,0,,
442119,0000126,3,大分県,オオイタケン,Oita,,,,宇佐市,ウサシ,Usa-shi,,,,,,,,,,下赤尾,シモアカオ,,,0,0,0,1,0,0,0,0,1947-04-17,,0,,
442119,0000127,3,大分県,オオイタケン,Oita,,,,宇佐市,ウサシ,Usa-shi,,,,,,,,,,下切,シタギリ,,,0,0,0,1,0,0,0,0,1947-04-17,,0,,
442119,0000128,3,大分県,オオイタケン,Oita,,,,宇佐市,ウサシ,Usa-shi,,,,,,,,,,下船木,シモフナギ,,,0,0,0,1,0,0,0,0,1947-04-17,,0,,
442119,0000129,3,大分県,オオイタケン,Oita,,,,宇佐市,ウサシ,Usa-shi,,,,,,,,,,下中,シモナカ,,,0,0,0,1,0,0,0,0,1947-04-17,,0,,
442119,0000130,3,大分県,オオイタケン,Oita,,,,宇佐市,ウサシ,Usa-shi,,,,,,,,,,下町,シモマチ,,,0,0,0,1,0,0,0,0,1947-04-17,,0,,
442119,0000131,3,大分県,オオイタケン,Oita,,,,宇佐市,ウサシ,Usa-shi,,,,,,,,,,下内河野,シモウチガワノ,,,0,0,0,1,0,0,0,0,1947-04-17,,0,,
442119,0000132,3,大分県,オオイタケン,Oita,,,,宇佐市,ウサシ,Usa-shi,,,,,,,,,,下拝田,シモハイタ,Shimohaita,,0,0,0,1,0,0,0,0,1947-04-17,,0,8790465,
442119,0000133,3,大分県,オオイタケン,Oita,,,,宇佐市,ウサシ,Usa-shi,,,,,,,,,,下畑,シモハタ,,,0,0,0,1,0,0,0,0,1947-04-17,,0,,
442119,0000134,3,大分県,オオイタケン,Oita,,,,宇佐市,ウサシ,Usa-shi,,,,,,,,,,下平,シモヒラ,,,0,0,0,1,0,0,0,0,1947-04-17,,0,,
442119,0000135,3,大分県,オオイタケン,Oita,,,,宇佐市,ウサシ,Usa-shi,,,,,,,,,,下麻生,シモアソウ,,,0,0,0,1,0,0,0,0,1947-04-17,,0,,
442119,0000136,3,大分県,オオイタケン,Oita,,,,宇佐市,ウサシ,Usa-shi,,,,,,,,,,下矢部,シモヤベ,Shimoyabe,,0,0,0,1,0,0,0,0,1947-04-17,,0,8720111,
442119,0000137,3,大分県,オオイタケン,Oita,,,,宇佐市,ウサシ,Usa-shi,,,,,,,,,,下余,シモアマリ,,,0,0,0,1,0,0,0,0,1947-04-17,,0,,
442119,0000138,3,大分県,オオイタケン,Oita,,,,宇佐市,ウサシ,Usa-shi,,,,,,,,,,外山袋,ソトヤマブクロ,,,0,0,0,1,0,0,0,0,1947-04-17,,0,,
442119,0000139,3,大分県,オオイタケン,Oita,,,,宇佐市,ウサシ,Usa-shi,,,,,,,,,,岳切,タッキリ,,,0,0,0,1,0,0,0,0,1947-04-17,,0,,
442119,0000140,3,大分県,オオイタケン,Oita,,,,宇佐市,ウサシ,Usa-shi,,,,,,,,,,笠松,カサマツ,,,0,0,0,1,0,0,0,0,1947-04-17,,0,,
442119,0000141,3,大分県,オオイタケン,Oita,,,,宇佐市,ウサシ,Usa-shi,,,,,,,,,,滑川,ヌメリカワ,,,0,0,0,1,0,0,0,0,1947-04-17,,0,,
442119,0000142,3,大分県,オオイタケン,Oita,,,,宇佐市,ウサシ,Usa-shi,,,,,,,,,,鴨鹿,カモシシ,,,0,0,0,1,0,0,0,0,1947-04-17,,0,,
442119,0000143,3,大分県,オオイタケン,Oita,,,,宇佐市,ウサシ,Usa-shi,,,,,,,,,,萱場,カヤバ,,,0,0,0,1,0,0,0,0,1947-04-17,,0,,
442119,0000144,3,大分県,オオイタケン,Oita,,,,宇佐市,ウサシ,Usa-shi,,,,,,,,,,萱籠,カヤゴモリ,,,0,0,0,1,0,0,0,0,1947-04-17,,0,,
442119,0000145,3,大分県,オオイタケン,Oita,,,,宇佐市,ウサシ,Usa-shi,,,,,,,,,,寒水,ソウズ,,,0,0,0,1,0,0,0,0,1947-04-17,,0,,
442119,0000146,3,大分県,オオイタケン,Oita,,,,宇佐市,ウサシ,Usa-shi,,,,,,,,,,寒水開拓,ソウズカイタク,,,0,0,0,1,0,0,0,0,1947-04-17,,0,,
442119,0000147,3,大分県,オオイタケン,Oita,,,,宇佐市,ウサシ,Usa-shi,,,,,,,,,,丸田,マルタ,,,0,0,0,1,0,0,0,0,1947-04-17,,0,,
442119,0000148,3,大分県,オオイタケン,Oita,,,,宇佐市,ウサシ,Usa-shi,,,,,,,,,,丸尾,マルオ,,,0,0,0,1,0,0,0,0,1947-04-17,,0,,
442119,0000149,3,大分県,オオイタケン,Oita,,,,宇佐市,ウサシ,Usa-shi,,,,,,,,,,岩下,イワシタ,,,0,0,0,1,0,0,0,0,1947-04-17,,0,,
442119,0000150,3,大分県,オオイタケン,Oita,,,,宇佐市,ウサシ,Usa-shi,,,,,,,,,,岩山,イワヤマ,,,0,0,0,1,0,0,0,0,1947-04-17,,0,,
442119,0000151,3,大分県,オオイタケン,Oita,,,,宇佐市,ウサシ,Usa-shi,,,,,,,,,,久々姥,クウバ,,,0,0,0,1,0,0,0,0,1947-04-17,,0,,
442119,0000152,3,大分県,オオイタケン,Oita,,,,宇佐市,ウサシ,Usa-shi,,,,,,,,,,宮ノ上,ミヤノウエ,,,0,0,0,1,0,0,0,0,1947-04-17,,0,,
442119,0000153,3,大分県,オオイタケン,Oita,,,,宇佐市,ウサシ,Usa-shi,,,,,,,,,,宮原,ミヤバル,,,0,0,0,1,0,0,0,0,1947-04-17,,0,,
442119,0000154,3,大分県,オオイタケン,Oita,,,,宇佐市,ウサシ,Usa-shi,,,,,,,,,,宮口,ミヤノクチ,,,0,0,0,1,0,0,0,0,1947-04-17,,0,,
442119,0000155,3,大分県,オオイタケン,Oita,,,,宇佐市,ウサシ,Usa-shi,,,,,,,,,,宮高家,ミヤタケイ,,,0,0,0,1,0,0,0,0,1947-04-17,,0,,
442119,0000156,3,大分県,オオイタケン,Oita,,,,宇佐市,ウサシ,Usa-shi,,,,,,,,,,宮迫,ミヤサコ,,,0,0,0,1,0,0,0,0,1947-04-17,,0,,
442119,0000157,3,大分県,オオイタケン,Oita,,,,宇佐市,ウサシ,Usa-shi,,,,,,,,,,熊,クマ,Kuma,,0,0,0,1,0,0,0,0,1947-04-17,,0,8720114,
442119,0000158,3,大分県,オオイタケン,Oita,,,,宇佐市,ウサシ,Usa-shi,,,,,,,,,,熊野,クマノ,,,0,0,0,1,0,0,0,0,1947-04-17,,0,,
442119,0000159,3,大分県,オオイタケン,Oita,,,,宇佐市,ウサシ,Usa-shi,,,,,,,,,,恵曽,エソ,,,0,0,0,1,0,0,0,0,1947-04-17,,0,,
442119,0000160,3,大分県,オオイタケン,Oita,,,,宇佐市,ウサシ,Usa-shi,,,,,,,,,,月俣,ツキノマタ,,,0,0,0,1,0,0,0,0,1947-04-17,,0,,
442119,0000161,3,大分県,オオイタケン,Oita,,,,宇佐市,ウサシ,Usa-shi,,,,,,,,,,原,ハル,,,0,0,0,1,0,0,0,0,1947-04-17,,0,,
442119,0000162,3,大分県,オオイタケン,Oita,,,,宇佐市,ウサシ,Usa-shi,,,,,,,,,,原口,ハルグチ,,,0,0,0,1,0,0,0,0,1947-04-17,,0,,
442119,0000163,3,大分県,オオイタケン,Oita,,,,宇佐市,ウサシ,Usa-shi,,,,,,,,,,原山,ハルノヤマ,,,0,0,0,1,0,0,0,0,1947-04-17,,0,,
442119,0000164,3,大分県,オオイタケン,Oita,,,,宇佐市,ウサシ,Usa-shi,,,,,,,,,,古我城,コガノキ,,,0,0,0,1,0,0,0,0,1947-04-17,,0,,
442119,0000165,3,大分県,オオイタケン,Oita,,,,宇佐市,ウサシ,Usa-shi,,,,,,,,,,古間地,フルマジ,,,0,0,0,1,0,0,0,0,1947-04-17,,0,,
442119,0000166,3,大分県,オオイタケン,Oita,,,,宇佐市,ウサシ,Usa-shi,,,,,,,,,,古殿,フルドノ,,,0,0,0,1,0,0,0,0,1947-04-17,,0,,
442119,0000167,3,大分県,オオイタケン,Oita,,,,宇佐市,ウサシ,Usa-shi,,,,,,,,,,五名,ゴミョウ,,,0,0,0,1,0,0,0,0,1947-04-17,,0,,
442119,0000168,3,大分県,オオイタケン,Oita,,,,宇佐市,ウサシ,Usa-shi,,,,,,,,,,御幡,オバタ,,,0,0,0,1,0,0,0,0,1947-04-17,,0,,
442119,0000169,3,大分県,オオイタケン,Oita,,,,宇佐市,ウサシ,Usa-shi,,,,,,,,,,口ノ原,クチノハル,,,0,0,0,1,0,0,0,0,1947-04-17,,0,,
442119,0000170,3,大分県,オオイタケン,Oita,,,,宇佐市,ウサシ,Usa-shi,,,,,,,,,,口戸,クット,,,0,0,0,1,0,0,0,0,1947-04-17,,0,,
442119,0000171,3,大分県,オオイタケン,Oita,,,,宇佐市,ウサシ,Usa-shi,,,,,,,,,,向山,ムコウヤマ,,,0,0,0,1,0,0,0,0,1947-04-17,,0,,
442119,0000172,3,大分県,オオイタケン,Oita,,,,宇佐市,ウサシ,Usa-shi,,,,,,,,,,向川内,ムケグチ,,,0,0,0,1,0,0,0,0,1947-04-17,,0,,
442119,0000173,3,大分県,オオイタケン,Oita,,,,宇佐市,ウサシ,Usa-shi,,,,,,,,,,広末,ヒロスエ,,,0,0,0,1,0,0,0,0,1947-04-17,,0,,
442119,0000174,3,大分県,オオイタケン,Oita,,,,宇佐市,ウサシ,Usa-shi,,,,,,,,,,江島,エシマ,,,0,0,0,1,0,0,0,0,1947-04-17,,0,,
442119,0000175,3,大分県,オオイタケン,Oita,,,,宇佐市,ウサシ,Usa-shi,,,,,,,,,,溝下,ミゾシモ,,,0,0,0,1,0,0,0,0,1947-04-17,,0,,
442119,0000176,3,大分県,オオイタケン,Oita,,,,宇佐市,ウサシ,Usa-shi,,,,,,,,,,溝上,ミゾカミ,,,0,0,0,1,0,0,0,0,1947-04-17,,0,,
442119,0000177,3,大分県,オオイタケン,Oita,,,,宇佐市,ウサシ,Usa-shi,,,,,,,,,,高岩,タカイワ,,,0,0,0,1,0,0,0,0,1947-04-17,,0,,
442119,0000178,3,大分県,オオイタケン,Oita,,,,宇佐市,ウサシ,Usa-shi,,,,,,,,,,高栖,タカス,,,0,0,0,1,0,0,0,0,1947-04-17,,0,,
442119,0000179,3,大分県,オオイタケン,Oita,,,,宇佐市,ウサシ,Usa-shi,,,,,,,,,,高畑,タカハタ,,,0,0,0,1,0,0,0,0,1947-04-17,,0,,
442119,0000180,3,大分県,オオイタケン,Oita,,,,宇佐市,ウサシ,Usa-shi,,,,,,,,,,高並,タカナミ,,,0,0,0,1,0,0,0,0,1947-04-17,,0,,
442119,0000181,3,大分県,オオイタケン,Oita,,,,宇佐市,ウサシ,Usa-shi,,,,,,,,,,高並屋敷,タカナミヤシキ,,,0,0,0,1,0,0,0,0,1947-04-17,,0,,
442119,0000182,3,大分県,オオイタケン,Oita,,,,宇佐市,ウサシ,Usa-shi,,,,,,,,,,轟,トドロキ,,,0,0,0,1,0,0,0,0,1947-04-17,,0,,
442119,0000183,3,大分県,オオイタケン,Oita,,,,宇佐市,ウサシ,Usa-shi,,,,,,,,,,黒床並,クロトコナミ,,,0,0,0,1,0,0,0,0,1947-04-17,,0,,
442119,0000184,3,大分県,オオイタケン,Oita,,,,宇佐市,ウサシ,Usa-shi,,,,,,,,,,今宮,イマミヤ,,,0,0,0,1,0,0,0,0,1947-04-17,,0,,
442119,0000185,3,大分県,オオイタケン,Oita,,,,宇佐市,ウサシ,Usa-shi,,,,,,,,,,今仁,イマニ,Imani,,0,0,0,1,0,0,0,0,1947-04-17,,0,8790234,
442119,0000186,3,大分県,オオイタケン,Oita,,,,宇佐市,ウサシ,Usa-shi,,,,,,,,,,今池,イマイケ,,,0,0,0,1,0,0,0,0,1947-04-17,,0,,
442119,0000187,3,大分県,オオイタケン,Oita,,,,宇佐市,ウサシ,Usa-shi,,,,,,,,,,佐田,サダ,,,0,0,0,1,0,0,0,0,1947-04-17,,0,,
442119,0000188,3,大分県,オオイタケン,Oita,,,,宇佐市,ウサシ,Usa-shi,,,,,,,,,,左尾,サオ,,,0,0,0,1,0,0,0,0,1947-04-17,,0,,
442119,0000189,3,大分県,オオイタケン,Oita,,,,宇佐市,ウサシ,Usa-shi,,,,,,,,,,妻垣,ツマガケ,,,0,0,0,1,0,0,0,0,1947-04-17,,0,,
442119,0000190,3,大分県,オオイタケン,Oita,,,,宇佐市,ウサシ,Usa-shi,,,,,,,,,,坂ノ下,サカノシタ,,,0,0,0,1,0,0,0,0,1947-04-17,,0,,
442119,0000191,3,大分県,オオイタケン,Oita,,,,宇佐市,ウサシ,Usa-shi,,,,,,,,,,坂ノ上,サカノウエ,,,0,0,0,1,0,0,0,0,1947-04-17,,0,,
442119,0000192,3,大分県,オオイタケン,Oita,,,,宇佐市,ウサシ,Usa-shi,,,,,,,,,,三軒家,サンゲンヤ,,,0,0,0,1,0,0,0,0,1947-04-17,,0,,
442119,0000193,3,大分県,オオイタケン,Oita,,,,宇佐市,ウサシ,Usa-shi,,,,,,,,,,三反田,サンダダ,,,0,0,0,1,0,0,0,0,1947-04-17,,0,,
442119,0000194,3,大分県,オオイタケン,Oita,,,,宇佐市,ウサシ,Usa-shi,,,,,,,,,,三又,ミツマタ,,,0,0,0,1,0,0,0,0,1947-04-17,,0,,
442119,0000195,3,大分県,オオイタケン,Oita,,,,宇佐市,ウサシ,Usa-shi,,,,,,,,,,山下,ヤマシタ,Yamashita,,0,0,0,1,0,0,0,0,1947-04-17,,0,8790474,
442119,0000196,3,大分県,オオイタケン,Oita,,,,宇佐市,ウサシ,Usa-shi,,,,,,,,,,山口,ヤマグチ,Yamaguchi,,0,0,0,1,0,0,0,0,1947-04-17,,0,8790504,
442119,0000197,3,大分県,オオイタケン,Oita,,,,宇佐市,ウサシ,Usa-shi,,,,,,,,,,山袋,ヤマブクロ,Yamabukuro,,0,0,0,1,0,0,0,0,1947-04-17,,0,8790511,
442119,0000198,3,大分県,オオイタケン,Oita,,,,宇佐市,ウサシ,Usa-shi,,,,,,,,,,山田,ヤマダ,,,0,0,0,1,0,0,0,0,1947-04-17,,0,,
442119,0000199,3,大分県,オオイタケン,Oita,,,,宇佐市,ウサシ,Usa-shi,,,,,,,,,,山本,ヤマモト,Yamamoto,,0,0,0,1,0,0,0,0,1947-04-17,,0,8790467,
442119,0000200,3,大分県,オオイタケン,Oita,,,,宇佐市,ウサシ,Usa-shi,,,,,,,,,,山本開拓,ヤマモトカイタク,,,0,0,0,1,0,0,0,0,1947-04-17,,0,,
442119,0000201,3,大分県,オオイタケン,Oita,,,,宇佐市,ウサシ,Usa-shi,,,,,,,,,,四徳田,シトクデ,,,0,0,0,1,0,0,0,0,1947-04-17,,0,,
442119,0000202,3,大分県,オオイタケン,Oita,,,,宇佐市,ウサシ,Usa-shi,,,,,,,,,,四日市,ヨッカイチ,Yokkaichi,,0,0,0,1,0,0,0,0,1947-04-17,,0,8790471,
442119,0000203,3,大分県,オオイタケン,Oita,,,,宇佐市,ウサシ,Usa-shi,,,,,,,,,,糸口山,イトグチヤマ,,,0,0,0,1,0,0,0,0,1947-04-17,,0,,
442119,0000204,3,大分県,オオイタケン,Oita,,,,宇佐市,ウサシ,Usa-shi,,,,,,,,,,寺山,テラヤマ,,,0,0,0,1,0,0,0,0,1947-04-17,,0,,
442119,0000205,3,大分県,オオイタケン,Oita,,,,宇佐市,ウサシ,Usa-shi,,,,,,,,,,実盛,サネモリ,,,0,0,0,1,0,0,0,0,1947-04-17,,0,,
442119,0000206,3,大分県,オオイタケン,Oita,,,,宇佐市,ウサシ,Usa-shi,,,,,,,,,,蔀,シトミ,,,0,0,0,1,0,0,0,0,1947-04-17,,0,,
442119,0000207,3,大分県,オオイタケン,Oita,,,,宇佐市,ウサシ,Usa-shi,,,,,,,,,,若林,ワカバヤシ,,,0,0,0,1,0,0,0,0,1947-04-17,,0,,
442119,0000208,3,大分県,オオイタケン,Oita,,,,宇佐市,ウサシ,Usa-shi,,,,,,,,,,宗像,ムナカタ,,,0,0,0,1,0,0,0,0,1947-04-17,,0,,
442119,0000209,3,大分県,オオイタケン,Oita,,,,宇佐市,ウサシ,Usa-shi,,,,,,,,,,舟越,フナコシ,,,0,0,0,1,0,0,0,0,1947-04-17,,0,,
442119,0000210,3,大分県,オオイタケン,Oita,,,,宇佐市,ウサシ,Usa-shi,,,,,,,,,,十ヶ平,ジュウガヘラ,,,0,0,0,1,0,0,0,0,1947-04-17,,0,,
442119,0000211,3,大分県,オオイタケン,Oita,,,,宇佐市,ウサシ,Usa-shi,,,,,,,,,,諸趾垣,モロシガキ,,,0,0,0,1,0,0,0,0,1947-04-17,,0,,
442119,0000212,3,大分県,オオイタケン,Oita,,,,宇佐市,ウサシ,Usa-shi,,,,,,,,,,小稲,コイネ,,,0,0,0,1,0,0,0,0,1947-04-17,,0,,
442119,0000213,3,大分県,オオイタケン,Oita,,,,宇佐市,ウサシ,Usa-shi,,,,,,,,,,小園,コゾノ,,,0,0,0,1,0,0,0,0,1947-04-17,,0,,
442119,0000214,3,大分県,オオイタケン,Oita,,,,宇佐市,ウサシ,Usa-shi,,,,,,,,,,小河内,オゴチ,,,0,0,0,1,0,0,0,0,1947-04-17,,0,,
442119,0000215,3,大分県,オオイタケン,Oita,,,,宇佐市,ウサシ,Usa-shi,,,,,,,,,,小田,オダ,,,0,0,0,1,0,0,0,0,1947-04-17,,0,,
442119,0000216,3,大分県,オオイタケン,Oita,,,,宇佐市,ウサシ,Usa-shi,,,,,,,,,,小唐川,コガラコ,,,0,0,0,1,0,0,0,0,1947-04-17,,0,,
442119,0000217,3,大分県,オオイタケン,Oita,,,,宇佐市,ウサシ,Usa-shi,,,,,,,,,,小板場,コイタバ,,,0,0,0,1,0,0,0,0,1947-04-17,,0,,
442119,0000218,3,大分県,オオイタケン,Oita,,,,宇佐市,ウサシ,Usa-shi,,,,,,,,,,小平,コビラ,,,0,0,0,1,0,0,0,0,1947-04-17,,0,,
442119,0000219,3,大分県,オオイタケン,Oita,,,,宇佐市,ウサシ,Usa-shi,,,,,,,,,,小野川内,オノゴウチ,,,0,0,0,1,0,0,0,0,1947-04-17,,0,,
442119,0000220,3,大分県,オオイタケン,Oita,,,,宇佐市,ウサシ,Usa-shi,,,,,,,,,,庄部,ショウベ,,,0,0,0,1,0,0,0,0,1947-04-17,,0,,
442119,0000221,3,大分県,オオイタケン,Oita,,,,宇佐市,ウサシ,Usa-shi,,,,,,,,,,床並,トコナミ,,,0,0,0,1,0,0,0,0,1947-04-17,,0,,
442119,0000222,3,大分県,オオイタケン,Oita,,,,宇佐市,ウサシ,Usa-shi,,,,,,,,,,松垣,マツガキ,,,0,0,0,1,0,0,0,0,1947-04-17,,0,,
442119,0000223,3,大分県,オオイタケン,Oita,,,,宇佐市,ウサシ,Usa-shi,,,,,,,,,,松原,マツバラ,,,0,0,0,1,0,0,0,0,1947-04-17,,0,,
442119,0000224,3,大分県,オオイタケン,Oita,,,,宇佐市,ウサシ,Usa-shi,,,,,,,,,,上ノ原,ウエノバル,,,0,0,0,1,0,0,0,0,1947-04-17,,0,,
442119,0000225,3,大分県,オオイタケン,Oita,,,,宇佐市,ウサシ,Usa-shi,,,,,,,,,,上安佐津,カミアサツ,,,0,0,0,1,0,0,0,0,1947-04-17,,0,,
442119,0000226,3,大分県,オオイタケン,Oita,,,,宇佐市,ウサシ,Usa-shi,,,,,,,,,,上櫛野,カミグシノ,,,0,0,0,1,0,0,0,0,1947-04-17,,0,,
442119,0000227,3,大分県,オオイタケン,Oita,,,,宇佐市,ウサシ,Usa-shi,,,,,,,,,,上高家,カミタケイ,Kamitakei,,0,0,0,1,0,0,0,0,1947-04-17,,0,8790305,
442119,0000228,3,大分県,オオイタケン,Oita,,,,宇佐市,ウサシ,Usa-shi,,,,,,,,,,上今仁,カミイマニ,,,0,0,0,1,0,0,0,0,1947-04-17,,0,,
442119,0000229,3,大分県,オオイタケン,Oita,,,,宇佐市,ウサシ,Usa-shi,,,,,,,,,,上出平,カンデヘラ,,,0,0,0,1,0,0,0,0,1947-04-17,,0,,
442119,0000230,3,大分県,オオイタケン,Oita,,,,宇佐市,ウサシ,Usa-shi,,,,,,,,,,上庄,カミショウ,Kamisho,,0,0,0,1,0,0,0,0,1947-04-17,,0,8790153,
442119,0000231,3,大分県,オオイタケン,Oita,,,,宇佐市,ウサシ,Usa-shi,,,,,,,,,,上城井,カミジョウイ,,,0,0,0,1,0,0,0,0,1947-04-17,,0,,
442119,0000232,3,大分県,オオイタケン,Oita,,,,宇佐市,ウサシ,Usa-shi,,,,,,,,,,上新原,カミニイバル,,,0,0,0,1,0,0,0,0,1947-04-17,,0,,
442119,0000233,3,大分県,オオイタケン,Oita,,,,宇佐市,ウサシ,Usa-shi,,,,,,,,,,上森山,カミモリヤマ,,,0,0,0,1,0,0,0,0,1947-04-17,,0,,
442119,0000234,3,大分県,オオイタケン,Oita,,,,宇佐市,ウサシ,Usa-shi,,,,,,,,,,上荘,カミショウ,,,0,0,0,1,0,0,0,0,1947-04-17,,0,,
442119,0000235,3,大分県,オオイタケン,Oita,,,,宇佐市,ウサシ,Usa-shi,,,,,,,,,,上地,ウエジ,,,0,0,0,1,0,0,0,0,1947-04-17,,0,,
442119,0000236,3,大分県,オオイタケン,Oita,,,,宇佐市,ウサシ,Usa-shi,,,,,,,,,,上町,ウエマチ,,,0,0,0,1,0,0,0,0,1947-04-17,,0,,
442119,0000237,3,大分県,オオイタケン,Oita,,,,宇佐市,ウサシ,Usa-shi,,,,,,,,,,上田,カミダ,Ueda,,0,0,0,1,0,0,0,0,1947-04-17,,0,8790453,
442119,0000238,3,大分県,オオイタケン,Oita,,,,宇佐市,ウサシ,Usa-shi,,,,,,,,,,上内河野,カミウチガワノ,,,0,0,0,1,0,0,0,0,1947-04-17,,0,,
442119,0000239,3,大分県,オオイタケン,Oita,,,,宇佐市,ウサシ,Usa-shi,,,,,,,,,,上拝田,カミハイタ,,,0,0,0,1,0,0,0,0,1947-04-17,,0,,
442119,0000240,3,大分県,オオイタケン,Oita,,,,宇佐市,ウサシ,Usa-shi,,,,,,,,,,上副,カミソイ,,,0,0,0,1,0,0,0,0,1947-04-17,,0,,
442119,0000241,3,大分県,オオイタケン,Oita,,,,宇佐市,ウサシ,Usa-shi,,,,,,,,,,上麻生,カミアソウ,,,0,0,0,1,0,0,0,0,1947-04-17,,0,,
442119,0000242,3,大分県,オオイタケン,Oita,,,,宇佐市,ウサシ,Usa-shi,,,,,,,,,,上矢部,カミヤベ,Kamiyabe,,0,0,0,1,0,0,0,0,1947-04-17,,0,8720112,
442119,0000243,3,大分県,オオイタケン,Oita,,,,宇佐市,ウサシ,Usa-shi,,,,,,,,,,常徳,ジョウトク,,,0,0,0,1,0,0,0,0,1947-04-17,,0,,
442119,0000244,3,大分県,オオイタケン,Oita,,,,宇佐市,ウサシ,Usa-shi,,,,,,,,,,新貝,シンガイ,,,0,0,0,1,0,0,0,0,1947-04-17,,0,,
442119,0000245,3,大分県,オオイタケン,Oita,,,,宇佐市,ウサシ,Usa-shi,,,,,,,,,,新村,シンムラ,,,0,0,0,1,0,0,0,0,1947-04-17,,0,,
442119,0000246,3,大分県,オオイタケン,Oita,,,,宇佐市,ウサシ,Usa-shi,,,,,,,,,,新町,シンマチ,,,0,0,0,1,0,0,0,0,1947-04-17,,0,,
442119,0000247,3,大分県,オオイタケン,Oita,,,,宇佐市,ウサシ,Usa-shi,,,,,,,,,,新浜,シンハマ,,,0,0,0,1,0,0,0,0,1947-04-17,,0,,
442119,0000248,3,大分県,オオイタケン,Oita,,,,宇佐市,ウサシ,Usa-shi,,,,,,,,,,森,モリ,,,0,0,0,1,0,0,0,0,1947-04-17,,0,,
442119,0000249,3,大分県,オオイタケン,Oita,,,,宇佐市,ウサシ,Usa-shi,,,,,,,,,,真辺,マナベ,,,0,0,0,1,0,0,0,0,1947-04-17,,0,,
442119,0000250,3,大分県,オオイタケン,Oita,,,,宇佐市,ウサシ,Usa-shi,,,,,,,,,,神ノ木,カミノキ,,,0,0,0,1,0,0,0,0,1947-04-17,,0,,
442119,0000251,3,大分県,オオイタケン,Oita,,,,宇佐市,ウサシ,Usa-shi,,,,,,,,,,神出,ジンデ,,,0,0,0,1,0,0,0,0,1947-04-17,,0,,
442119,0000252,3,大分県,オオイタケン,Oita,,,,宇佐市,ウサシ,Usa-shi,,,,,,,,,,須崎,スザキ,,,0,0,0,1,0,0,0,0,1947-04-17,,0,,
442119,0000253,3,大分県,オオイタケン,Oita,,,,宇佐市,ウサシ,Usa-shi,,,,,,,,,,水雲,スノリ,,,0,0,0,1,0,0,0,0,1947-04-17,,0,,
442119,0000254,3,大分県,オオイタケン,Oita,,,,宇佐市,ウサシ,Usa-shi,,,,,,,,,,杉園原,スギゾノバル,,,0,0,0,1,0,0,0,0,1947-04-17,,0,,
442119,0000255,3,大分県,オオイタケン,Oita,,,,宇佐市,ウサシ,Usa-shi,,,,,,,,,,瀬割,セワリ,,,0,0,0,1,0,0,0,0,1947-04-17,,0,,
442119,0000256,3,大分県,オオイタケン,Oita,,,,宇佐市,ウサシ,Usa-shi,,,,,,,,,,正覚寺,ショウガクジ,Shogakuji,,0,0,0,1,0,0,0,0,1947-04-17,,0,8720113,
442119,0000257,3,大分県,オオイタケン,Oita,,,,宇佐市,ウサシ,Usa-shi,,,,,,,,,,清水,シミズ,Shimizu,,0,0,0,1,0,0,0,0,1947-04-17,,0,8790236,
442119,0000258,3,大分県,オオイタケン,Oita,,,,宇佐市,ウサシ,Usa-shi,,,,,,,,,,西高村,ニシタカムラ,,,0,0,0,1,0,0,0,0,1947-04-17,,0,,
442119,0000259,3,大分県,オオイタケン,Oita,,,,宇佐市,ウサシ,Usa-shi,,,,,,,,,,西椎屋,ニシシイヤ,,,0,0,0,1,0,0,0,0,1947-04-17,,0,,
442119,0000260,3,大分県,オオイタケン,Oita,,,,宇佐市,ウサシ,Usa-shi,,,,,,,,,,西浜,ニシハマ,,,0,0,0,1,0,0,0,0,1947-04-17,,0,,
442119,0000261,3,大分県,オオイタケン,Oita,,,,宇佐市,ウサシ,Usa-shi,,,,,,,,,,斉藤,サイトウ,,,0,0,0,1,0,0,0,0,1947-04-17,,0,,
442119,0000262,3,大分県,オオイタケン,Oita,,,,宇佐市,ウサシ,Usa-shi,,,,,,,,,,石井,イシイ,,,0,0,0,1,0,0,0,0,1947-04-17,,0,,
442119,0000263,3,大分県,オオイタケン,Oita,,,,宇佐市,ウサシ,Usa-shi,,,,,,,,,,赤松,アカマツ,,,0,0,0,1,0,0,0,0,1947-04-17,,0,,
442119,0000264,3,大分県,オオイタケン,Oita,,,,宇佐市,ウサシ,Usa-shi,,,,,,,,,,赤塚,アカヅカ,,,0,0,0,1,0,*_FA10,0,0,1947-04-17,,0,,
442119,0000265,3,大分県,オオイタケン,Oita,,,,宇佐市,ウサシ,Usa-shi,,,,,,,,,,仙人,センニン,,,0,0,0,1,0,0,0,0,1947-04-17,,0,,
442119,0000266,3,大分県,オオイタケン,Oita,,,,宇佐市,ウサシ,Usa-shi,,,,,,,,,,千源寺,センゲンジ,,,0,0,0,1,0,0,0,0,1947-04-17,,0,,
442119,0000267,3,大分県,オオイタケン,Oita,,,,宇佐市,ウサシ,Usa-shi,,,,,,,,,,千福,センプク,,,0,0,0,1,0,0,0,0,1947-04-17,,0,,
442119,0000268,3,大分県,オオイタケン,Oita,,,,宇佐市,ウサシ,Usa-shi,,,,,,,,,,川島,カワシマ,,,0,0,0,1,0,0,0,0,1947-04-17,,0,,
442119,0000269,3,大分県,オオイタケン,Oita,,,,宇佐市,ウサシ,Usa-shi,,,,,,,,,,川部,カワベ,Kawabe,,0,0,0,1,0,0,0,0,1947-04-17,,0,8790452,
442119,0000270,3,大分県,オオイタケン,Oita,,,,宇佐市,ウサシ,Usa-shi,,,,,,,,,,川部原,カワベバル,,,0,0,0,1,0,0,0,0,1947-04-17,,0,,
442119,0000271,3,大分県,オオイタケン,Oita,,,,宇佐市,ウサシ,Usa-shi,,,,,,,,,,曽根,ソネ,,,0,0,0,1,0,0,0,0,1947-04-17,,0,,
442119,0000272,3,大分県,オオイタケン,Oita,,,,宇佐市,ウサシ,Usa-shi,,,,,,,,,,倉ヶ谷,クラガタニ,,,0,0,0,1,0,0,0,0,1947-04-17,,0,,
442119,0000273,3,大分県,オオイタケン,Oita,,,,宇佐市,ウサシ,Usa-shi,,,,,,,,,,草場,クサバ,,,0,0,0,1,0,0,0,0,1947-04-17,,0,,
442119,0000274,3,大分県,オオイタケン,Oita,,,,宇佐市,ウサシ,Usa-shi,,,,,,,,,,荘,ショウ,,,0,0,0,1,0,0,0,0,1947-04-17,,0,,
442119,0000275,3,大分県,オオイタケン,Oita,,,,宇佐市,ウサシ,Usa-shi,,,,,,,,,,打上り,ウチアガリ,,,0,0,0,1,0,0,0,0,1947-04-17,,0,,
442119,0000276,3,大分県,オオイタケン,Oita,,,,宇佐市,ウサシ,Usa-shi,,,,,,,,,,台,ダイ,,,0,0,0,1,0,0,0,0,1947-04-17,,0,,
442119,0000277,3,大分県,オオイタケン,Oita,,,,宇佐市,ウサシ,Usa-shi,,,,,,,,,,台ノ原,ダイノハル,,,0,0,0,1,0,0,0,0,1947-04-17,,0,,
442119,0000278,3,大分県,オオイタケン,Oita,,,,宇佐市,ウサシ,Usa-shi,,,,,,,,,,台山,ダイヤマ,,,0,0,0,1,0,0,0,0,1947-04-17,,0,,
442119,0000279,3,大分県,オオイタケン,Oita,,,,宇佐市,ウサシ,Usa-shi,,,,,,,,,,大下,オオシモ,,,0,0,0,1,0,0,0,0,1947-04-17,,0,,
442119,0000280,3,大分県,オオイタケン,Oita,,,,宇佐市,ウサシ,Usa-shi,,,,,,,,,,大久保,オオクボ,,,0,0,0,1,0,0,0,0,1947-04-17,,0,,
442119,0000281,3,大分県,オオイタケン,Oita,,,,宇佐市,ウサシ,Usa-shi,,,,,,,,,,大窪,オオクボ,,,0,0,0,1,0,0,0,0,1947-04-17,,0,,
442119,0000282,3,大分県,オオイタケン,Oita,,,,宇佐市,ウサシ,Usa-shi,,,,,,,,,,大見尾,オオミオ,,,0,0,0,1,0,0,0,0,1947-04-17,,0,,
442119,0000283,3,大分県,オオイタケン,Oita,,,,宇佐市,ウサシ,Usa-shi,,,,,,,,,,大口田,オオクッタ,,,0,0,0,1,0,0,0,0,1947-04-17,,0,,
442119,0000284,3,大分県,オオイタケン,Oita,,,,宇佐市,ウサシ,Usa-shi,,,,,,,,,,大成,オナリ,,,0,0,0,1,0,0,0,0,1947-04-17,,0,,
442119,0000285,3,大分県,オオイタケン,Oita,,,,宇佐市,ウサシ,Usa-shi,,,,,,,,,,大内ヶ平,オオウチガヘラ,,,0,0,0,1,0,0,0,0,1947-04-17,,0,,
442119,0000286,3,大分県,オオイタケン,Oita,,,,宇佐市,ウサシ,Usa-shi,,,,,,,,,,大平,オオヒラ,,,0,0,0,1,0,0,0,0,1947-04-17,,0,,
442119,0000287,3,大分県,オオイタケン,Oita,,,,宇佐市,ウサシ,Usa-shi,,,,,,,,,,大門,ダイモン,,,0,0,0,1,0,0,0,0,1947-04-17,,0,,
442119,0000288,3,大分県,オオイタケン,Oita,,,,宇佐市,ウサシ,Usa-shi,,,,,,,,,,宅畑,タクハタ,,,0,0,0,1,0,0,0,0,1947-04-17,,0,,
442119,0000289,3,大分県,オオイタケン,Oita,,,,宇佐市,ウサシ,Usa-shi,,,,,,,,,,谷山,タニヤマ,,,0,0,0,1,0,0,0,0,1947-04-17,,0,,
442119,0000290,3,大分県,オオイタケン,Oita,,,,宇佐市,ウサシ,Usa-shi,,,,,,,,,,段垂,ダンダル,,,0,0,0,1,0,0,0,0,1947-04-17,,0,,
442119,0000291,3,大分県,オオイタケン,Oita,,,,宇佐市,ウサシ,Usa-shi,,,,,,,,,,談合堂,ダンゴドウ,,,0,0,0,1,0,0,0,0,1947-04-17,,0,,
442119,0000292,3,大分県,オオイタケン,Oita,,,,宇佐市,ウサシ,Usa-shi,,,,,,,,,,知野,チノ,,,0,0,0,1,0,0,0,0,1947-04-17,,0,,
442119,0000293,3,大分県,オオイタケン,Oita,,,,宇佐市,ウサシ,Usa-shi,,,,,,,,,,地吉,ジヨシ,,,0,0,0,1,0,0,0,0,1947-04-17,,0,,
442119,0000294,3,大分県,オオイタケン,Oita,,,,宇佐市,ウサシ,Usa-shi,,,,,,,,,,中ノ谷,ナカノタニ,,,0,0,0,1,0,0,0,0,1947-04-17,,0,,
442119,0000295,3,大分県,オオイタケン,Oita,,,,宇佐市,ウサシ,Usa-shi,,,,,,,,,,中井手,ナカイデ,,,0,0,0,1,0,0,0,0,1947-04-17,,0,,
442119,0000296,3,大分県,オオイタケン,Oita,,,,宇佐市,ウサシ,Usa-shi,,,,,,,,,,中間,ナカマ,,,0,0,0,1,0,0,0,0,1947-04-17,,0,,
442119,0000297,3,大分県,オオイタケン,Oita,,,,宇佐市,ウサシ,Usa-shi,,,,,,,,,,中江,ナカエ,,,0,0,0,1,0,0,0,0,1947-04-17,,0,,
442119,0000298,3,大分県,オオイタケン,Oita,,,,宇佐市,ウサシ,Usa-shi,,,,,,,,,,中庄,ナカジョウ,,,0,0,0,1,0,0,0,0,1947-04-17,,0,,
442119,0000299,3,大分県,オオイタケン,Oita,,,,宇佐市,ウサシ,Usa-shi,,,,,,,,,,中須賀,ナカスカ,,,0,0,0,1,0,0,0,0,1947-04-17,,0,,
442119,0000300,3,大分県,オオイタケン,Oita,,,,宇佐市,ウサシ,Usa-shi,,,,,,,,,,中村,ナカムラ,,,0,0,0,1,0,0,0,0,1947-04-17,,0,,
442119,0000301,3,大分県,オオイタケン,Oita,,,,宇佐市,ウサシ,Usa-shi,,,,,,,,,,中町,ナカマチ,,,0,0,0,1,0,0,0,0,1947-04-17,,0,,
442119,0000302,3,大分県,オオイタケン,Oita,,,,宇佐市,ウサシ,Usa-shi,,,,,,,,,,中鍋,ナカナベ,,,0,0,0,1,0,0,0,0,1947-04-17,,0,,
442119,0000303,3,大分県,オオイタケン,Oita,,,,宇佐市,ウサシ,Usa-shi,,,,,,,,,,中尾,ナカオ,,,0,0,0,1,0,0,0,0,1947-04-17,,0,,
442119,0000304,3,大分県,オオイタケン,Oita,,,,宇佐市,ウサシ,Usa-shi,,,,,,,,,,中浜,ナカハマ,,,0,0,0,1,0,0,0,0,1947-04-17,,0,,
442119,0000305,3,大分県,オオイタケン,Oita,,,,宇佐市,ウサシ,Usa-shi,,,,,,,,,,中麻生,ナカアソウ,,,0,0,0,1,0,0,0,0,1947-04-17,,0,,
442119,0000306,3,大分県,オオイタケン,Oita,,,,宇佐市,ウサシ,Usa-shi,,,,,,,,,,中野,ナカノ,,,0,0,0,1,0,0,0,0,1947-04-17,,0,,
442119,0000307,3,大分県,オオイタケン,Oita,,,,宇佐市,ウサシ,Usa-shi,,,,,,,,,,仲尾,ナカオ,,,0,0,0,1,0,0,0,0,1947-04-17,,0,,
442119,0000308,3,大分県,オオイタケン,Oita,,,,宇佐市,ウサシ,Usa-shi,,,,,,,,,,町,マチ,,,0,0,0,1,0,0,0,0,1947-04-17,,0,,
442119,0000309,3,大分県,オオイタケン,Oita,,,,宇佐市,ウサシ,Usa-shi,,,,,,,,,,長藪,ナガヤブ,,,0,0,0,1,0,0,0,0,1947-04-17,,0,,
442119,0000310,3,大分県,オオイタケン,Oita,,,,宇佐市,ウサシ,Usa-shi,,,,,,,,,,鳥居原,トリイバル,,,0,0,0,1,0,0,0,0,1947-04-17,,0,,
442119,0000311,3,大分県,オオイタケン,Oita,,,,宇佐市,ウサシ,Usa-shi,,,,,,,,,,塚本,ツカモト,,,0,0,0,1,0,FA10_*,0,0,1947-04-17,,0,,
442119,0000312,3,大分県,オオイタケン,Oita,,,,宇佐市,ウサシ,Usa-shi,,,,,,,,,,辻,ツジ,,,0,0,0,1,0,0,0,0,1947-04-17,,0,,
442119,0000313,3,大分県,オオイタケン,Oita,,,,宇佐市,ウサシ,Usa-shi,,,,,,,,,,鶴,ツル,,,0,0,0,1,0,0,0,0,1947-04-17,,0,,
442119,0000314,3,大分県,オオイタケン,Oita,,,,宇佐市,ウサシ,Usa-shi,,,,,,,,,,定別当,ジョウベットウ,,,0,0,0,1,0,0,0,0,1947-04-17,,0,,
442119,0000315,3,大分県,オオイタケン,Oita,,,,宇佐市,ウサシ,Usa-shi,,,,,,,,,,田ノ平,タノヒラ,,,0,0,0,1,0,0,0,0,1947-04-17,,0,,
442119,0000316,3,大分県,オオイタケン,Oita,,,,宇佐市,ウサシ,Usa-shi,,,,,,,,,,田所,タドコロ,,,0,0,0,1,0,0,0,0,1947-04-17,,0,,
442119,0000317,3,大分県,オオイタケン,Oita,,,,宇佐市,ウサシ,Usa-shi,,,,,,,,,,田代,タシロ,,,0,0,0,1,0,0,0,0,1947-04-17,,0,,
442119,0000318,3,大分県,オオイタケン,Oita,,,,宇佐市,ウサシ,Usa-shi,,,,,,,,,,土肥,トイ,,,0,0,0,1,0,0,0,0,1947-04-17,,0,,
442119,0000319,3,大分県,オオイタケン,Oita,,,,宇佐市,ウサシ,Usa-shi,,,,,,,,,,東,ヒガシ,,,0,0,0,1,0,0,0,0,1947-04-17,,0,,
442119,0000320,3,大分県,オオイタケン,Oita,,,,宇佐市,ウサシ,Usa-shi,,,,,,,,,,東宮,トウグウ,,,0,0,0,1,0,0,0,0,1947-04-17,,0,,
442119,0000321,3,大分県,オオイタケン,Oita,,,,宇佐市,ウサシ,Usa-shi,,,,,,,,,,東高村,ヒガシタカムラ,,,0,0,0,1,0,0,0,0,1947-04-17,,0,,
442119,0000322,3,大分県,オオイタケン,Oita,,,,宇佐市,ウサシ,Usa-shi,,,,,,,,,,東上田,ヒガシウエダ,,,0,0,0,1,0,0,0,0,1947-04-17,,0,,
442119,0000323,3,大分県,オオイタケン,Oita,,,,宇佐市,ウサシ,Usa-shi,,,,,,,,,,東椎屋,ヒガシシイヤ,,,0,0,0,1,0,0,0,0,1947-04-17,,0,,
442119,0000324,3,大分県,オオイタケン,Oita,,,,宇佐市,ウサシ,Usa-shi,,,,,,,,,,東浜,ヒガシハマ,,,0,0,0,1,0,0,0,0,1947-04-17,,0,,
442119,0000325,3,大分県,オオイタケン,Oita,,,,宇佐市,ウサシ,Usa-shi,,,,,,,,,,徳瀬,トクゼ,,,0,0,0,1,0,0,0,0,1947-04-17,,0,,
442119,0000326,3,大分県,オオイタケン,Oita,,,,宇佐市,ウサシ,Usa-shi,,,,,,,,,,内山,ウチヤマ,,,0,0,0,1,0,0,0,0,1947-04-17,,0,,
442119,0000327,3,大分県,オオイタケン,Oita,,,,宇佐市,ウサシ,Usa-shi,,,,,,,,,,内山袋,ウチヤマブクロ,,,0,0,0,1,0,0,0,0,1947-04-17,,0,,
442119,0000328,3,大分県,オオイタケン,Oita,,,,宇佐市,ウサシ,Usa-shi,,,,,,,,,,内川野,ウチガワノ,,,0,0,0,1,0,0,0,0,1947-04-17,,0,,
442119,0000329,3,大分県,オオイタケン,Oita,,,,宇佐市,ウサシ,Usa-shi,,,,,,,,,,内畑,ウチバタ,,,0,0,0,1,0,0,0,0,1947-04-17,,0,,
442119,0000330,3,大分県,オオイタケン,Oita,,,,宇佐市,ウサシ,Usa-shi,,,,,,,,,,楢本,ナラモト,,,0,0,0,1,0,0,0,0,1947-04-17,,0,,
442119,0000331,3,大分県,オオイタケン,Oita,,,,宇佐市,ウサシ,Usa-shi,,,,,,,,,,南宇佐,ミナミウサ,Minamiusa,,0,0,0,1,0,0,0,0,1947-04-17,,0,8720102,
442119,0000332,3,大分県,オオイタケン,Oita,,,,宇佐市,ウサシ,Usa-shi,,,,,,,,,,南無会,ナムエ,,,0,0,0,1,0,0,0,0,1947-04-17,,0,,
442119,0000333,3,大分県,オオイタケン,Oita,,,,宇佐市,ウサシ,Usa-shi,,,,,,,,,,南毛,ナンゲ,,,0,0,0,1,0,0,0,0,1947-04-17,,0,,
442119,0000334,3,大分県,オオイタケン,Oita,,,,宇佐市,ウサシ,Usa-shi,,,,,,,,,,日岳,ヒノタケ,,,0,0,0,1,0,0,0,0,1947-04-17,,0,,
442119,0000335,3,大分県,オオイタケン,Oita,,,,宇佐市,ウサシ,Usa-shi,,,,,,,,,,日足,ヒアシ,Hiashi,,0,0,0,1,0,0,0,0,1947-04-17,,0,8791133,
442119,0000336,3,大分県,オオイタケン,Oita,,,,宇佐市,ウサシ,Usa-shi,,,,,,,,,,納持,ノウジ,,,0,0,0,1,0,0,0,0,1947-04-17,,0,,
442119,0000337,3,大分県,オオイタケン,Oita,,,,宇佐市,ウサシ,Usa-shi,,,,,,,,,,拝松,オガミマツ,,,0,0,0,1,0,0,0,0,1947-04-17,,0,,
442119,0000338,3,大分県,オオイタケン,Oita,,,,宇佐市,ウサシ,Usa-shi,,,,,,,,,,拝田新洞,ハイタシンドウ,,,0,0,0,1,0,0,0,0,1947-04-17,,0,,
442119,0000339,3,大分県,オオイタケン,Oita,,,,宇佐市,ウサシ,Usa-shi,,,,,,,,,,拝野尾,ハイノオ,,,0,0,0,1,0,0,0,0,1947-04-17,,0,,
442119,0000340,3,大分県,オオイタケン,Oita,,,,宇佐市,ウサシ,Usa-shi,,,,,,,,,,白岩,シロイワ,,,0,0,0,1,0,0,0,0,1947-04-17,,0,,
442119,0000341,3,大分県,オオイタケン,Oita,,,,宇佐市,ウサシ,Usa-shi,,,,,,,,,,畑田,ハタケダ,Hatakeda,,0,0,0,1,0,0,0,0,1947-04-17,,0,8790451,
442119,0000342,3,大分県,オオイタケン,Oita,,,,宇佐市,ウサシ,Usa-shi,,,,,,,,,,八竜,ハチリュウ,,,0,0,0,1,0,0,0,0,1947-04-17,,0,,
442119,0000343,3,大分県,オオイタケン,Oita,,,,宇佐市,ウサシ,Usa-shi,,,,,,,,,,板場,イタバ,,,0,0,0,1,0,0,0,0,1947-04-17,,0,,
442119,0000344,3,大分県,オオイタケン,Oita,,,,宇佐市,ウサシ,Usa-shi,,,,,,,,,,飯塚,イイヅカ,,,0,0,0,1,0,0,0,0,1947-04-17,,0,,
442119,0000345,3,大分県,オオイタケン,Oita,,,,宇佐市,ウサシ,Usa-shi,,,,,,,,,,飛永,トビナガ,,,0,0,0,1,0,0,0,0,1947-04-17,,0,,
442119,0000346,3,大分県,オオイタケン,Oita,,,,宇佐市,ウサシ,Usa-shi,,,,,,,,,,尾竹,オタケ,,,0,0,0,1,0,0,0,0,1947-04-17,,0,,
442119,0000347,3,大分県,オオイタケン,Oita,,,,宇佐市,ウサシ,Usa-shi,,,,,,,,,,尾立営団,オダテエイダン,,,0,0,0,1,0,0,0,0,1947-04-17,,0,,
442119,0000348,3,大分県,オオイタケン,Oita,,,,宇佐市,ウサシ,Usa-shi,,,,,,,,,,富山,トミヤマ,Tomiyama,,0,0,0,1,0,0,0,0,1947-04-17,,0,8790164,
442119,0000349,3,大分県,オオイタケン,Oita,,,,宇佐市,ウサシ,Usa-shi,,,,,,,,,,布津原,フツハラ,,,0,0,0,1,0,0,0,0,1947-04-17,,0,,
442119,0000350,3,大分県,オオイタケン,Oita,,,,宇佐市,ウサシ,Usa-shi,,,,,,,,,,布津部,フツベ,,,0,0,0,1,0,0,0,0,1947-04-17,,0,,
442119,0000351,3,大分県,オオイタケン,Oita,,,,宇佐市,ウサシ,Usa-shi,,,,,,,,,,伏田,フシタ,,,0,0,0,1,0,0,0,0,1947-04-17,,0,,
442119,0000352,3,大分県,オオイタケン,Oita,,,,宇佐市,ウサシ,Usa-shi,,,,,,,,,,副,ソイ,,,0,0,0,1,0,0,0,0,1947-04-17,,0,,
442119,0000353,3,大分県,オオイタケン,Oita,,,,宇佐市,ウサシ,Usa-shi,,,,,,,,,,分寺,ブジ,,,0,0,0,1,0,0,0,0,1947-04-17,,0,,
442119,0000354,3,大分県,オオイタケン,Oita,,,,宇佐市,ウサシ,Usa-shi,,,,,,,,,,平松,ヒラマツ,,,0,0,0,1,0,0,0,0,1947-04-17,,0,,
442119,0000355,3,大分県,オオイタケン,Oita,,,,宇佐市,ウサシ,Usa-shi,,,,,,,,,,別府,ビュウ,Byu,,0,0,0,1,0,0,0,0,1947-04-17,,0,8790462,
442119,0000356,3,大分県,オオイタケン,Oita,,,,宇佐市,ウサシ,Usa-shi,,,,,,,,,,崩ヶ迫,ツエガサコ,,,0,0,0,1,0,0,0,0,1947-04-17,,0,,
442119,0000357,3,大分県,オオイタケン,Oita,,,,宇佐市,ウサシ,Usa-shi,,,,,,,,,,法鏡寺,ホウキョウジ,Hokyoji,,0,0,0,1,0,0,0,0,1947-04-17,,0,8790454,
442119,0000358,3,大分県,オオイタケン,Oita,,,,宇佐市,ウサシ,Usa-shi,,,,,,,,,,房ヶ畑,ボウガハタ,,,0,0,0,1,0,0,0,0,1947-04-17,,0,,
442119,0000359,3,大分県,オオイタケン,Oita,,,,宇佐市,ウサシ,Usa-shi,,,,,,,,,,北山,キタヤマ,,,0,0,0,1,0,0,0,0,1947-04-17,,0,,
442119,0000360,3,大分県,オオイタケン,Oita,,,,宇佐市,ウサシ,Usa-shi,,,,,,,,,,本村,ホンムラ,,,0,0,0,1,0,0,0,0,1947-04-17,,0,,
442119,0000361,3,大分県,オオイタケン,Oita,,,,宇佐市,ウサシ,Usa-shi,,,,,,,,,,本谷,ホンタニ,,,0,0,0,1,0,0,0,0,1947-04-17,,0,,
442119,0000362,3,大分県,オオイタケン,Oita,,,,宇佐市,ウサシ,Usa-shi,,,,,,,,,,末,スエ,Sue,,0,0,0,1,0,0,0,0,1947-04-17,,0,8790515,
442119,0000363,3,大分県,オオイタケン,Oita,,,,宇佐市,ウサシ,Usa-shi,,,,,,,,,,万里,マテ,,,0,0,0,1,0,0,0,0,1947-04-17,,0,,
442119,0000364,3,大分県,オオイタケン,Oita,,,,宇佐市,ウサシ,Usa-shi,,,,,,,,,,鳴川,ナルカワ,,,0,0,0,1,0,0,0,0,1947-04-17,,0,,
442119,0000365,3,大分県,オオイタケン,Oita,,,,宇佐市,ウサシ,Usa-shi,,,,,,,,,,木ノ下,キノシタ,,,0,0,0,1,0,0,0,0,1947-04-17,,0,,
442119,0000366,3,大分県,オオイタケン,Oita,,,,宇佐市,ウサシ,Usa-shi,,,,,,,,,,木所藪,キショヤブ,,,0,0,0,1,0,0,0,0,1947-04-17,,0,,
442119,0000367,3,大分県,オオイタケン,Oita,,,,宇佐市,ウサシ,Usa-shi,,,,,,,,,,木部,キベ,Kibe,,0,0,0,1,0,0,0,0,1947-04-17,,0,8790235,
442119,0000368,3,大分県,オオイタケン,Oita,,,,宇佐市,ウサシ,Usa-shi,,,,,,,,,,木部原,キベバル,,,0,0,0,1,0,0,0,0,1947-04-17,,0,,
442119,0000369,3,大分県,オオイタケン,Oita,,,,宇佐市,ウサシ,Usa-shi,,,,,,,,,,野山,ノヤマ,,,0,0,0,1,0,0,0,0,1947-04-17,,0,,
442119,0000370,3,大分県,オオイタケン,Oita,,,,宇佐市,ウサシ,Usa-shi,,,,,,,,,,野尻,ノジリ,,,0,0,0,1,0,0,0,0,1947-04-17,,0,,
442119,0000371,3,大分県,オオイタケン,Oita,,,,宇佐市,ウサシ,Usa-shi,,,,,,,,,,野地,ノジ,,,0,0,0,1,0,0,0,0,1947-04-17,,0,,
442119,0000372,3,大分県,オオイタケン,Oita,,,,宇佐市,ウサシ,Usa-shi,,,,,,,,,,矢野,ヤノ,,,0,0,0,1,0,0,0,0,1947-04-17,,0,,
442119,0000373,3,大分県,オオイタケン,Oita,,,,宇佐市,ウサシ,Usa-shi,,,,,,,,,,立石,タテシ,Tateishi,,0,0,0,1,0,0,0,0,1947-04-17,,0,8791123,
442119,0000374,3,大分県,オオイタケン,Oita,,,,宇佐市,ウサシ,Usa-shi,,,,,,,,,,立箱,タテバコ,,,0,0,0,1,0,0,0,0,1947-04-17,,0,,
442119,0000375,3,大分県,オオイタケン,Oita,,,,宇佐市,ウサシ,Usa-shi,,,,,,,,,,龍王,リュウオウ,,,0,0,0,1,0,0,0,0,1947-04-17,,0,,
442119,0000376,3,大分県,オオイタケン,Oita,,,,宇佐市,ウサシ,Usa-shi,,,,,,,,,,了戒,リョウカイ,,,0,0,0,1,0,0,0,0,1947-04-17,,0,,
442119,0000377,3,大分県,オオイタケン,Oita,,,,宇佐市,ウサシ,Usa-shi,,,,,,,,,,簾,スダレ,,,0,0,0,1,0,0,0,0,1947-04-17,,0,,
442119,0000378,3,大分県,オオイタケン,Oita,,,,宇佐市,ウサシ,Usa-shi,,,,,,,,,,和田平,ワダヒラ,,,0,0,0,1,0,0,0,0,1947-04-17,,0,,
442119,0000379,3,大分県,オオイタケン,Oita,,,,宇佐市,ウサシ,Usa-shi,,,,,,,,,,蜷木,ニナギ,Ninagi,,0,0,0,1,0,0,0,0,1947-04-17,,0,8720023,
442119,0001000,1,大分県,オオイタケン,Oita,,,,宇佐市,ウサシ,Usa-shi,,,,安心院町板場,アジムマチイタバ,Ajimumachi Itaba,,,,,,,,0,0,0,0,0,0,1,1,1947-04-17,,0,8720732,
442119,0002000,1,大分県,オオイタケン,Oita,,,,宇佐市,ウサシ,Usa-shi,,,,安心院町今井,アジムマチイマイ,Ajimumachi Imai,,,,,,,,0,0,0,0,0,0,1,1,1947-04-17,,0,8720518,
442119,0003000,1,大分県,オオイタケン,Oita,,,,宇佐市,ウサシ,Usa-shi,,,,安心院町筌ノ口,アジムマチウケノクチ,Ajimumachi Ukenokuchi,,,,,,,,0,0,0,0,0,0,1,1,1947-04-17,,0,8720843,
442119,0004000,1,大分県,オオイタケン,Oita,,,,宇佐市,ウサシ,Usa-shi,,,,安心院町内川野,アジムマチウチガワノ,Ajimumachi Uchigawano,,,,,,,,0,0,0,0,0,0,1,1,1947-04-17,,0,8720654,
442119,0005000,1,大分県,オオイタケン,Oita,,,,宇佐市,ウサシ,Usa-shi,,,,安心院町有徳原,アジムマチウツトクバル,Ajimumachi Uttokubaru,,,,,,,,0,0,0,0,0,0,1,1,1947-04-17,,0,8720510,
442119,0006000,1,大分県,オオイタケン,Oita,,,,宇佐市,ウサシ,Usa-shi,,,,安心院町大見尾,アジムマチオオミオ,Ajimumachi Omio,,,,,,,,0,0,0,0,0,0,1,1,1947-04-17,,0,8720663,
442119,0007000,1,大分県,オオイタケン,Oita,,,,宇佐市,ウサシ,Usa-shi,,,,安心院町折敷田,アジムマチオシキダ,Ajimumachi Oshikida,,,,,,,,0,0,0,0,0,0,1,1,1947-04-17,,0,8720522,
442119,0008000,1,大分県,オオイタケン,Oita,,,,宇佐市,ウサシ,Usa-shi,,,,安心院町尾立,アジムマチオダテ,Ajimumachi Odate,,,,,,,,0,0,0,0,0,0,1,1,1947-04-17,,0,8720703,
442119,0009000,1,大分県,オオイタケン,Oita,,,,宇佐市,ウサシ,Usa-shi,,,,安心院町且尾,アジムマチカツオ,Ajimumachi Katsuo,,,,,,,,0,0,0,0,0,0,1,1,1947-04-17,,0,8720671,
442119,0010000,1,大分県,オオイタケン,Oita,,,,宇佐市,ウサシ,Usa-shi,,,,安心院町上市,アジムマチカミイチ,Ajimumachi Kamiichi,,,,,,,,0,0,0,0,0,0,1,1,1947-04-17,,0,8720511,
442119,0011000,1,大分県,オオイタケン,Oita,,,,宇佐市,ウサシ,Usa-shi,,,,安心院町上内河野,アジムマチカミウチガワノ,Ajimumachi Kamiuchigawano,,,,,,,,0,0,0,0,0,0,1,1,1947-04-17,,0,8720852,
442119,0012000,1,大分県,オオイタケン,Oita,,,,宇佐市,ウサシ,Usa-shi,,,,安心院町萱籠,アジムマチカヤゴモリ,Ajimumachi Kayagomori,,,,,,,,0,0,0,0,0,0,1,1,1947-04-17,,0,8720723,
442119,0013000,1,大分県,オオイタケン,Oita,,,,宇佐市,ウサシ,Usa-shi,,,,安心院町川崎,アジムマチカワサキ,Ajimumachi Kawasaki,,,,,,,,0,0,0,0,0,0,1,1,1947-04-17,,0,8720731,
442119,0014000,1,大分県,オオイタケン,Oita,,,,宇佐市,ウサシ,Usa-shi,,,,安心院町川底,アジムマチカワソコ,Ajimumachi Kawasoko,,,,,,,,0,0,0,0,0,0,1,1,1947-04-17,,0,8720862,
442119,0015000,1,大分県,オオイタケン,Oita,,,,宇佐市,ウサシ,Usa-shi,,,,安心院町木裳,アジムマチキノモ,Ajimumachi Kinomo,,,,,,,,0,0,0,0,0,0,1,1,1947-04-17,,0,8720507,
442119,0016000,1,大分県,オオイタケン,Oita,,,,宇佐市,ウサシ,Usa-shi,,,,安心院町久井田,アジムマチクイダ,Ajimumachi Kuida,,,,,,,,0,0,0,0,0,0,1,1,1947-04-17,,0,8720674,
442119,0017000,1,大分県,オオイタケン,Oita,,,,宇佐市,ウサシ,Usa-shi,,,,安心院町口ノ坪,アジムマチクチノツボ,Ajimumachi Kuchinotsubo,,,,,,,,0,0,0,0,0,0,1,1,1947-04-17,,0,8720673,
442119,0018000,1,大分県,オオイタケン,Oita,,,,宇佐市,ウサシ,Usa-shi,,,,安心院町熊,アジムマチクマ,Ajimumachi Kuma,,,,,,,,0,0,0,0,0,0,1,1,1947-04-17,,0,8720541,
442119,0019000,1,大分県,オオイタケン,Oita,,,,宇佐市,ウサシ,Usa-shi,,,,安心院町五郎丸,アジムマチゴロウマル,Ajimumachi Goromaru,,,,,,,,0,0,0,0,0,0,1,1,1947-04-17,,0,8720712,
442119,0020000,1,大分県,オオイタケン,Oita,,,,宇佐市,ウサシ,Usa-shi,,,,安心院町境ノ坪,アジムマチサカイノツボ,Ajimumachi Sakainotsubo,,,,,,,,0,0,0,0,0,0,1,1,1947-04-17,,0,8720861,
442119,0021000,1,大分県,オオイタケン,Oita,,,,宇佐市,ウサシ,Usa-shi,,,,安心院町笹ケ平,アジムマチササガヒラ,Ajimumachi Sasagahira,,,,,,,,0,0,0,0,0,0,1,1,1947-04-17,,0,8720661,
442119,0022000,1,大分県,オオイタケン,Oita,,,,宇佐市,ウサシ,Usa-shi,,,,安心院町佐田,アジムマチサダ,Ajimumachi Sada,,,,,,,,0,0,0,0,0,0,1,1,1947-04-17,,0,8720651,
442119,0023000,1,大分県,オオイタケン,Oita,,,,宇佐市,ウサシ,Usa-shi,,,,安心院町下内河野,アジムマチシモウチガワノ,Ajimumachi Shimochigawano,,,,,,,,0,0,0,0,0,0,1,1,1947-04-17,,0,8720842,
442119,0024000,1,大分県,オオイタケン,Oita,,,,宇佐市,ウサシ,Usa-shi,,,,安心院町下毛,アジムマチシモゲ,Ajimumachi Shimoge,,,,,,,,0,0,0,0,0,0,1,1,1947-04-17,,0,8720521,
442119,0025000,1,大分県,オオイタケン,Oita,,,,宇佐市,ウサシ,Usa-shi,,,,安心院町荘,アジムマチショウ,Ajimumachi Sho,,,,,,,,0,0,0,0,0,0,1,1,1947-04-17,,0,8720504,
442119,0026000,1,大分県,オオイタケン,Oita,,,,宇佐市,ウサシ,Usa-shi,,,,安心院町正覚寺,アジムマチショウカクジ,Ajimumachi Shogakuji,,,,,,,,0,0,0,0,0,0,1,1,1947-04-17,,0,8720542,
442119,0027000,1,大分県,オオイタケン,Oita,,,,宇佐市,ウサシ,Usa-shi,,,,安心院町新貝,アジムマチシンガイ,Ajimumachi Shingai,,,,,,,,0,0,0,0,0,0,1,1,1947-04-17,,0,8720873,
442119,0028000,1,大分県,オオイタケン,Oita,,,,宇佐市,ウサシ,Usa-shi,,,,安心院町寒水,アジムマチソウズ,Ajimumachi Sozu,,,,,,,,0,0,0,0,0,0,1,1,1947-04-17,,0,8720854,
442119,0029000,1,大分県,オオイタケン,Oita,,,,宇佐市,ウサシ,Usa-shi,,,,安心院町村部,アジムマチソベ,Ajimumachi Sobe,,,,,,,,0,0,0,0,0,0,1,1,1947-04-17,,0,8720863,
442119,0030000,1,大分県,オオイタケン,Oita,,,,宇佐市,ウサシ,Usa-shi,,,,安心院町大,アジムマチダイ,Ajimumachi Dai,,,,,,,,0,0,0,0,0,0,1,1,1947-04-17,,0,8720517,
442119,0031000,1,大分県,オオイタケン,Oita,,,,宇佐市,ウサシ,Usa-shi,,,,安心院町大佛,アジムマチダイブツ,Ajimumachi Daibutsu,,,,,,,,0,0,0,0,0,0,1,1,1947-04-17,,0,8720523,
442119,0032000,1,大分県,オオイタケン,Oita,,,,宇佐市,ウサシ,Usa-shi,,,,安心院町畳石,アジムマチタタミイシ,Ajimumachi Tatamiishi,,,,,,,,0,0,0,0,0,0,1,1,1947-04-17,,0,8720857,
442119,0033000,1,大分県,オオイタケン,Oita,,,,宇佐市,ウサシ,Usa-shi,,,,安心院町田ノ口,アジムマチタノクチ,Ajimumachi Tanokuchi,,,,,,,,0,0,0,0,0,0,1,1,1947-04-17,,0,8720526,
442119,0034000,1,大分県,オオイタケン,Oita,,,,宇佐市,ウサシ,Usa-shi,,,,安心院町辻,アジムマチツジ,Ajimumachi Tsuji,,,,,,,,0,0,0,0,0,0,1,1,1947-04-17,,0,8720527,
442119,0035000,1,大分県,オオイタケン,Oita,,,,宇佐市,ウサシ,Usa-shi,,,,安心院町恒松,アジムマチツネマツ,Ajimumachi Tsunematsu,,,,,,,,0,0,0,0,0,0,1,1,1947-04-17,,0,8720524,
442119,0036000,1,大分県,オオイタケン,Oita,,,,宇佐市,ウサシ,Usa-shi,,,,安心院町妻垣,アジムマチツマガケ,Ajimumachi Tsumagake,,,,,,,,0,0,0,0,0,0,1,1,1947-04-17,,0,8720506,
442119,0037000,1,大分県,オオイタケン,Oita,,,,宇佐市,ウサシ,Usa-shi,,,,安心院町塔尾,アジムマチトウノオ,Ajimumachi Tono,,,,,,,,0,0,0,0,0,0,1,1,1947-04-17,,0,8720664,
442119,0038000,1,大分県,オオイタケン,Oita,,,,宇佐市,ウサシ,Usa-shi,,,,安心院町戸方,アジムマチトカタ,Ajimumachi Tokata,,,,,,,,0,0,0,0,0,0,1,1,1947-04-17,,0,8720505,
442119,0039000,1,大分県,オオイタケン,Oita,,,,宇佐市,ウサシ,Usa-shi,,,,安心院町鳥越,アジムマチトリゴエ,Ajimumachi Torigoe,,,,,,,,0,0,0,0,0,0,1,1,1947-04-17,,0,8720514,
442119,0040000,1,大分県,オオイタケン,Oita,,,,宇佐市,ウサシ,Usa-shi,,,,安心院町中山,アジムマチナカヤマ,Ajimumachi Nakayama,,,,,,,,0,0,0,0,0,0,1,1,1947-04-17,,0,8720525,
442119,0041000,1,大分県,オオイタケン,Oita,,,,宇佐市,ウサシ,Usa-shi,,,,安心院町楢本,アジムマチナラモト,Ajimumachi Naramoto,,,,,,,,0,0,0,0,0,0,1,1,1947-04-17,,0,8720701,
442119,0042000,1,大分県,オオイタケン,Oita,,,,宇佐市,ウサシ,Usa-shi,,,,安心院町新原,アジムマチニイバル,Ajimumachi Niibaru,,,,,,,,0,0,0,0,0,0,1,1,1947-04-17,,0,8720503,
442119,0043000,1,大分県,オオイタケン,Oita,,,,宇佐市,ウサシ,Usa-shi,,,,安心院町西衲,アジムマチニシノト,Ajimumachi Nishinoto,,,,,,,,0,0,0,0,0,0,1,1,1947-04-17,,0,8720519,
442119,0044000,1,大分県,オオイタケン,Oita,,,,宇佐市,ウサシ,Usa-shi,,,,安心院町野山,アジムマチノヤマ,Ajimumachi Noyama,,,,,,,,0,0,0,0,0,0,1,1,1947-04-17,,0,8720515,
442119,0045000,1,大分県,オオイタケン,Oita,,,,宇佐市,ウサシ,Usa-shi,,,,安心院町原,アジムマチハル,Ajimumachi Haru,,,,,,,,0,0,0,0,0,0,1,1,1947-04-17,,0,8720501,
442119,0046000,1,大分県,オオイタケン,Oita,,,,宇佐市,ウサシ,Usa-shi,,,,安心院町番木,アジムマチバンギ,Ajimumachi Bangi,,,,,,,,0,0,0,0,0,0,1,1,1947-04-17,,0,8720864,
442119,0047000,1,大分県,オオイタケン,Oita,,,,宇佐市,ウサシ,Usa-shi,,,,安心院町飯田,アジムマチハンダ,Ajimumachi Handa,,,,,,,,0,0,0,0,0,0,1,1,1947-04-17,,0,8720502,
442119,0048000,1,大分県,オオイタケン,Oita,,,,宇佐市,ウサシ,Usa-shi,,,,安心院町東恵良,アジムマチヒガシエラ,Ajimumachi Higashiera,,,,,,,,0,0,0,0,0,0,1,1,1947-04-17,,0,8720702,
442119,0049000,1,大分県,オオイタケン,Oita,,,,宇佐市,ウサシ,Usa-shi,,,,安心院町東椎屋,アジムマチヒガシシイヤ,Ajimumachi Higashishiiya,,,,,,,,0,0,0,0,0,0,1,1,1947-04-17,,0,8720724,
442119,0050000,1,大分県,オオイタケン,Oita,,,,宇佐市,ウサシ,Usa-shi,,,,安心院町平ケ倉,アジムマチヒラガクラ,Ajimumachi Hiragakura,,,,,,,,0,0,0,0,0,0,1,1,1947-04-17,,0,8720543,
442119,0051000,1,大分県,オオイタケン,Oita,,,,宇佐市,ウサシ,Usa-shi,,,,安心院町平山,アジムマチヒラヤマ,Ajimumachi Hirayama,,,,,,,,0,0,0,0,0,0,1,1,1947-04-17,,0,8720871,
442119,0052000,1,大分県,オオイタケン,Oita,,,,宇佐市,ウサシ,Usa-shi,,,,安心院町廣谷,アジムマチヒロタニ,Ajimumachi Hirotani,,,,,,,,0,0,0,0,0,0,1,1,1947-04-17,,0,8720672,
442119,0053000,1,大分県,オオイタケン,Oita,,,,宇佐市,ウサシ,Usa-shi,,,,安心院町廣連,アジムマチヒロツレ,Ajimumachi Hirotsure,,,,,,,,0,0,0,0,0,0,1,1,1947-04-17,,0,8720851,
442119,0054000,1,大分県,オオイタケン,Oita,,,,宇佐市,ウサシ,Usa-shi,,,,安心院町福貴野,アジムマチフキノ,Ajimumachi Fukino,,,,,,,,0,0,0,0,0,0,1,1,1947-04-17,,0,8720855,
442119,0055000,1,大分県,オオイタケン,Oita,,,,宇佐市,ウサシ,Usa-shi,,,,安心院町舟板,アジムマチフナイタ,Ajimumachi Funaita,,,,,,,,0,0,0,0,0,0,1,1,1947-04-17,,0,8720872,
442119,0056000,1,大分県,オオイタケン,Oita,,,,宇佐市,ウサシ,Usa-shi,,,,安心院町古市,アジムマチフルイチ,Ajimumachi Furuichi,,,,,,,,0,0,0,0,0,0,1,1,1947-04-17,,0,8720512,
442119,0057000,1,大分県,オオイタケン,Oita,,,,宇佐市,ウサシ,Usa-shi,,,,安心院町古川,アジムマチフルカワ,Ajimumachi Furukawa,,,,,,,,0,0,0,0,0,0,1,1,1947-04-17,,0,8720655,
442119,0058000,1,大分県,オオイタケン,Oita,,,,宇佐市,ウサシ,Usa-shi,,,,安心院町房ケ畑,アジムマチボウガハタ,Ajimumachi Bogahata,,,,,,,,0,0,0,0,0,0,1,1,1947-04-17,,0,8720653,
442119,0059000,1,大分県,オオイタケン,Oita,,,,宇佐市,ウサシ,Usa-shi,,,,安心院町佛木,アジムマチホトギ,Ajimumachi Hotogi,,,,,,,,0,0,0,0,0,0,1,1,1947-04-17,,0,8720865,
442119,0060000,1,大分県,オオイタケン,Oita,,,,宇佐市,ウサシ,Usa-shi,,,,安心院町松本,アジムマチマツモト,Ajimumachi Matsumoto,,,,,,,,0,0,0,0,0,0,1,1,1947-04-17,,0,8720733,
442119,0061000,1,大分県,オオイタケン,Oita,,,,宇佐市,ウサシ,Usa-shi,,,,安心院町水車,アジムマチミズクルマ,Ajimumachi Mizukuruma,,,,,,,,0,0,0,0,0,0,1,1,1947-04-17,,0,8720858,
442119,0062000,1,大分県,オオイタケン,Oita,,,,宇佐市,ウサシ,Usa-shi,,,,安心院町南畑,アジムマチミナミハタ,Ajimumachi Minamihata,,,,,,,,0,0,0,0,0,0,1,1,1947-04-17,,0,8720722,
442119,0063000,1,大分県,オオイタケン,Oita,,,,宇佐市,ウサシ,Usa-shi,,,,安心院町元,アジムマチモト,Ajimumachi Moto,,,,,,,,0,0,0,0,0,0,1,1,1947-04-17,,0,8720853,
442119,0064000,1,大分県,オオイタケン,Oita,,,,宇佐市,ウサシ,Usa-shi,,,,安心院町森,アジムマチモリ,Ajimumachi Mori,,,,,,,,0,0,0,0,0,0,1,1,1947-04-17,,0,8720516,
442119,0065000,1,大分県,オオイタケン,Oita,,,,宇佐市,ウサシ,Usa-shi,,,,安心院町矢崎,アジムマチヤザキ,Ajimumachi Yazaki,,,,,,,,0,0,0,0,0,0,1,1,1947-04-17,,0,8720675,
442119,0066000,1,大分県,オオイタケン,Oita,,,,宇佐市,ウサシ,Usa-shi,,,,安心院町矢津,アジムマチヤヅ,Ajimumachi Yazu,,,,,,,,0,0,0,0,0,0,1,1,1947-04-17,,0,8720662,
442119,0067000,1,大分県,オオイタケン,Oita,,,,宇佐市,ウサシ,Usa-shi,,,,安心院町矢畑,アジムマチヤハタ,Ajimumachi Yahata,,,,,,,,0,0,0,0,0,0,1,1,1947-04-17,,0,8720841,
442119,0068000,1,大分県,オオイタケン,Oita,,,,宇佐市,ウサシ,Usa-shi,,,,安心院町山蔵,アジムマチヤマゾウ,Ajimumachi Yamazo,,,,,,,,0,0,0,0,0,0,1,1,1947-04-17,,0,8720652,
442119,0069000,1,大分県,オオイタケン,Oita,,,,宇佐市,ウサシ,Usa-shi,,,,安心院町山ノ口,アジムマチヤマノクチ,Ajimumachi Yamanokuchi,,,,,,,,0,0,0,0,0,0,1,1,1947-04-17,,0,8720856,
442119,0070000,1,大分県,オオイタケン,Oita,,,,宇佐市,ウサシ,Usa-shi,,,,安心院町龍王,アジムマチリュウオウ,Ajimumachi Ryuo,,,,,,,,0,0,0,0,0,0,1,1,1947-04-17,,0,8720513,
442119,0071000,1,大分県,オオイタケン,Oita,,,,宇佐市,ウサシ,Usa-shi,,,,安心院町六郎丸,アジムマチロクロウマル,Ajimumachi Rokuromaru,,,,,,,,0,0,0,0,0,0,1,1,1947-04-17,,0,8720711,
442119,0072000,1,大分県,オオイタケン,Oita,,,,宇佐市,ウサシ,Usa-shi,,,,安心院町若林,アジムマチワカバヤシ,Ajimumachi Wakabayashi,,,,,,,,0,0,0,0,0,0,1,1,1947-04-17,,0,8720721,
442119,0073000,1,大分県,オオイタケン,Oita,,,,宇佐市,ウサシ,Usa-shi,,,,院内町大副,インナイマチオオソイ,Innaimachi Osoi,,,,,,,,0,0,0,0,0,0,1,1,1947-04-17,,0,8720331,
442119,0074000,1,大分県,オオイタケン,Oita,,,,宇佐市,ウサシ,Usa-shi,,,,院内町大坪,インナイマチオオツボ,Innaimachi Otsubo,,,,,,,,0,0,0,0,0,0,1,1,1947-04-17,,0,8720458,
442119,0075000,1,大分県,オオイタケン,Oita,,,,宇佐市,ウサシ,Usa-shi,,,,院内町岡,インナイマチオカ,Innaimachi Oka,,,,,,,,0,0,0,0,0,0,1,1,1947-04-17,,0,8720457,
442119,0076000,1,大分県,オオイタケン,Oita,,,,宇佐市,ウサシ,Usa-shi,,,,院内町沖,インナイマチオキ,Innaimachi Oki,,,,,,,,0,0,0,0,0,0,1,1,1947-04-17,,0,8720314,
442119,0077000,1,大分県,オオイタケン,Oita,,,,宇佐市,ウサシ,Usa-shi,,,,院内町荻迫,インナイマチオギサコ,Innaimachi Ogisako,,,,,,,,0,0,0,0,0,0,1,1,1947-04-17,,0,8720482,
442119,0078000,1,大分県,オオイタケン,Oita,,,,宇佐市,ウサシ,Usa-shi,,,,院内町小坂,インナイマチオサカ,Innaimachi Osaka,,,,,,,,0,0,0,0,0,0,1,1,1947-04-17,,0,8720316,
442119,0079000,1,大分県,オオイタケン,Oita,,,,宇佐市,ウサシ,Usa-shi,,,,院内町落狩倉,オチカグラ,Innaimachi Ochikakura,,,,,,,,0,0,0,0,0,0,1,1,1947-04-17,,0,8720334,
442119,0080000,1,大分県,オオイタケン,Oita,,,,宇佐市,ウサシ,Usa-shi,,,,院内町小野川内,インナイマチオノガワチ,Innaimachi Onogochi,,,,,,,,0,0,0,0,0,0,1,1,1947-04-17,,0,8720324,
442119,0081000,1,大分県,オオイタケン,Oita,,,,宇佐市,ウサシ,Usa-shi,,,,院内町景平,インナイマチカゲヒラ,Innaimachi Kagehera,,,,,,,,0,0,0,0,0,0,1,1,1947-04-17,,0,8720342,
442119,0082000,1,大分県,オオイタケン,Oita,,,,宇佐市,ウサシ,Usa-shi,,,,院内町上余,インナイマチカミアマリ,Innaimachi Kamiamari,,,,,,,,0,0,0,0,0,0,1,1,1947-04-17,,0,8720459,
442119,0083000,1,大分県,オオイタケン,Oita,,,,宇佐市,ウサシ,Usa-shi,,,,院内町上恵良,インナイマチカミエラ,Innaimachi Kamiera,,,,,,,,0,0,0,0,0,0,1,1,1947-04-17,,0,8720484,
442119,0084000,1,大分県,オオイタケン,Oita,,,,宇佐市,ウサシ,Usa-shi,,,,院内町上納持,インナイマチカミノウジ,Innaimachi Kaminoji,,,,,,,,0,0,0,0,0,0,1,1,1947-04-17,,0,8720452,
442119,0085000,1,大分県,オオイタケン,Oita,,,,宇佐市,ウサシ,Usa-shi,,,,院内町上船木,インナイマチカミフナギ,Innaimachi Kamifunagi,,,,,,,,0,0,0,0,0,0,1,1,1947-04-17,,0,8720326,
442119,0086000,1,大分県,オオイタケン,Oita,,,,宇佐市,ウサシ,Usa-shi,,,,院内町北山,インナイマチキタヤマ,Innaimachi Kitayama,,,,,,,,0,0,0,0,0,0,1,1,1947-04-17,,0,8720315,
442119,0087000,1,大分県,オオイタケン,Oita,,,,宇佐市,ウサシ,Usa-shi,,,,院内町櫛野,インナイマチクシノ,Innaimachi Kushino,,,,,,,,0,0,0,0,0,0,1,1,1947-04-17,,0,8720312,
442119,0088000,1,大分県,オオイタケン,Oita,,,,宇佐市,ウサシ,Usa-shi,,,,院内町来鉢,インナイマチクバチ,Innaimachi Kubachi,,,,,,,,0,0,0,0,0,0,1,1,1947-04-17,,0,8720466,
442119,0089000,1,大分県,オオイタケン,Oita,,,,宇佐市,ウサシ,Usa-shi,,,,院内町栗山,インナイマチクリヤマ,Innaimachi Kuriyama,,,,,,,,0,0,0,0,0,0,1,1,1947-04-17,,0,8720456,
442119,0090000,1,大分県,オオイタケン,Oita,,,,宇佐市,ウサシ,Usa-shi,,,,院内町小稲,インナイマチコイネ,Innaimachi Koine,,,,,,,,0,0,0,0,0,0,1,1,1947-04-17,,0,8720325,
442119,0091000,1,大分県,オオイタケン,Oita,,,,宇佐市,ウサシ,Usa-shi,,,,院内町香下,インナイマチコウシタ,Innaimachi Koshita,,,,,,,,0,0,0,0,0,0,1,1,1947-04-17,,0,8720311,
442119,0092000,1,大分県,オオイタケン,Oita,,,,宇佐市,ウサシ,Usa-shi,,,,院内町小平,インナイマチコビラ,Innaimachi Kobira,,,,,,,,0,0,0,0,0,0,1,1,1947-04-17,,0,8720455,
442119,0093000,1,大分県,オオイタケン,Oita,,,,宇佐市,ウサシ,Usa-shi,,,,院内町五名,インナイマチゴミョウ,Innaimachi Gomyo,,,,,,,,0,0,0,0,0,0,1,1,1947-04-17,,0,8720321,
442119,0094000,1,大分県,オオイタケン,Oita,,,,宇佐市,ウサシ,Usa-shi,,,,院内町斎藤,インナイマチサイトウ,Innaimachi Saito,,,,,,,,0,0,0,0,0,0,1,1,1947-04-17,,0,8720341,
442119,0095000,1,大分県,オオイタケン,Oita,,,,宇佐市,ウサシ,Usa-shi,,,,院内町下余,インナイマチシモアマリ,Innaimachi Shimoamari,,,,,,,,0,0,0,0,0,0,1,1,1947-04-17,,0,8720451,
442119,0096000,1,大分県,オオイタケン,Oita,,,,宇佐市,ウサシ,Usa-shi,,,,院内町下恵良,インナイマチシモエラ,Innaimachi Shimoera,,,,,,,,0,0,0,0,0,0,1,1,1947-04-17,,0,8720481,
442119,0097000,1,大分県,オオイタケン,Oita,,,,宇佐市,ウサシ,Usa-shi,,,,院内町下船木,インナイマチシモフナギ,Innaimachi Shimofunagi,,,,,,,,0,0,0,0,0,0,1,1,1947-04-17,,0,8720327,
442119,0098000,1,大分県,オオイタケン,Oita,,,,宇佐市,ウサシ,Usa-shi,,,,院内町定別当,インナイマチジョウベットウ,Innaimachi Jobetto,,,,,,,,0,0,0,0,0,0,1,1,1947-04-17,,0,8720346,
442119,0099000,1,大分県,オオイタケン,Oita,,,,宇佐市,ウサシ,Usa-shi,,,,院内町新洞,インナイマチシンドウ,Innaimachi Shindo,,,,,,,,0,0,0,0,0,0,1,1,1947-04-17,,0,8720313,
442119,0100000,1,大分県,オオイタケン,Oita,,,,宇佐市,ウサシ,Usa-shi,,,,院内町副,インナイマチソイ,Innaimachi Soi,,,,,,,,0,0,0,0,0,0,1,1,1947-04-17,,0,8720318,
442119,0101000,1,大分県,オオイタケン,Oita,,,,宇佐市,ウサシ,Usa-shi,,,,院内町台,インナイマチダイ,Innaimachi Dai,,,,,,,,0,0,0,0,0,0,1,1,1947-04-17,,0,8720461,
442119,0102000,1,大分県,オオイタケン,Oita,,,,宇佐市,ウサシ,Usa-shi,,,,院内町大門,インナイマチダイモン,Innaimachi Daimon,,,,,,,,0,0,0,0,0,0,1,1,1947-04-17,,0,8720344,
442119,0103000,1,大分県,オオイタケン,Oita,,,,宇佐市,ウサシ,Usa-shi,,,,院内町高並,インナイマチタカナミ,Innaimachi Takanami,,,,,,,,0,0,0,0,0,0,1,1,1947-04-17,,0,8720328,
442119,0104000,1,大分県,オオイタケン,Oita,,,,宇佐市,ウサシ,Usa-shi,,,,院内町滝貞,インナイマチタキサダ,Innaimachi Takisada,,,,,,,,0,0,0,0,0,0,1,1,1947-04-17,,0,8720454,
442119,0105000,1,大分県,オオイタケン,Oita,,,,宇佐市,ウサシ,Usa-shi,,,,院内町田所,インナイマチタドコロ,Innaimachi Tadokoro,,,,,,,,0,0,0,0,0,0,1,1,1947-04-17,,0,8720473,
442119,0106000,1,大分県,オオイタケン,Oita,,,,宇佐市,ウサシ,Usa-shi,,,,院内町田平,インナイマチタビラ,Innaimachi Tabira,,,,,,,,0,0,0,0,0,0,1,1,1947-04-17,,0,8720465,
442119,0107000,1,大分県,オオイタケン,Oita,,,,宇佐市,ウサシ,Usa-shi,,,,院内町月俣,インナイマチツキノマタ,Innaimachi Tsukinomata,,,,,,,,0,0,0,0,0,0,1,1,1947-04-17,,0,8720345,
442119,0108000,1,大分県,オオイタケン,Oita,,,,宇佐市,ウサシ,Usa-shi,,,,院内町土岩屋,インナイマチツチイワヤ,Innaimachi Tsuchiiwaya,,,,,,,,0,0,0,0,0,0,1,1,1947-04-17,,0,8720483,
442119,0109000,1,大分県,オオイタケン,Oita,,,,宇佐市,ウサシ,Usa-shi,,,,院内町西椎屋,インナイマチニシシイヤ,Innaimachi Nishishiiya,,,,,,,,0,0,0,0,0,0,1,1,1947-04-17,,0,8720464,
442119,0110000,1,大分県,オオイタケン,Oita,,,,宇佐市,ウサシ,Usa-shi,,,,院内町温見,インナイマチヌクミ,Innaimachi Nukumi,,,,,,,,0,0,0,0,0,0,1,1,1947-04-17,,0,8720471,
442119,0111000,1,大分県,オオイタケン,Oita,,,,宇佐市,ウサシ,Usa-shi,,,,院内町野地,インナイマチノジ,Innaimachi Noji,,,,,,,,0,0,0,0,0,0,1,1,1947-04-17,,0,8720472,
442119,0112000,1,大分県,オオイタケン,Oita,,,,宇佐市,ウサシ,Usa-shi,,,,院内町羽馬礼,インナイマチハバレ,Innaimachi Habare,,,,,,,,0,0,0,0,0,0,1,1,1947-04-17,,0,8720462,
442119,0113000,1,大分県,オオイタケン,Oita,,,,宇佐市,ウサシ,Usa-shi,,,,院内町原口,インナイマチハルグチ,Innaimachi Haruguchi,,,,,,,,0,0,0,0,0,0,1,1,1947-04-17,,0,8720333,
442119,0114000,1,大分県,オオイタケン,Oita,,,,宇佐市,ウサシ,Usa-shi,,,,院内町日岳,インナイマチヒノタケ,Innaimachi Hinotake,,,,,,,,0,0,0,0,0,0,1,1,1947-04-17,,0,8720322,
442119,0115000,1,大分県,オオイタケン,Oita,,,,宇佐市,ウサシ,Usa-shi,,,,院内町平原,インナイマチヒラバル,Innaimachi Hirabaru,,,,,,,,0,0,0,0,0,0,1,1,1947-04-17,,0,8720453,
442119,0116000,1,大分県,オオイタケン,Oita,,,,宇佐市,ウサシ,Usa-shi,,,,院内町広瀬,インナイマチヒロセ,Innaimachi Hirose,,,,,,,,0,0,0,0,0,0,1,1,1947-04-17,,0,8720317,
442119,0117000,1,大分県,オオイタケン,Oita,,,,宇佐市,ウサシ,Usa-shi,,,,院内町二日市,インナイマチフツカイチ,Innaimachi Futsukaichi,,,,,,,,0,0,0,0,0,0,1,1,1947-04-17,,0,8720302,
442119,0118000,1,大分県,オオイタケン,Oita,,,,宇佐市,ウサシ,Usa-shi,,,,院内町御沓,インナイマチミクツ,Innaimachi Mikutsu,,,,,,,,0,0,0,0,0,0,1,1,1947-04-17,,0,8720301,
442119,0119000,1,大分県,オオイタケン,Oita,,,,宇佐市,ウサシ,Usa-shi,,,,院内町宮原,インナイマチミヤハル,Innaimachi Miyabaru,,,,,,,,0,0,0,0,0,0,1,1,1947-04-17,,0,8720343,
442119,0120000,1,大分県,オオイタケン,Oita,,,,宇佐市,ウサシ,Usa-shi,,,,院内町山城,インナイマチヤマシロ,Innaimachi Yamashiro,,,,,,,,0,0,0,0,0,0,1,1,1947-04-17,,0,8720332,
442119,0121000,1,大分県,オオイタケン,Oita,,,,宇佐市,ウサシ,Usa-shi,,,,院内町和田,インナイマチワダ,Innaimachi Wada,,,,,,,,0,0,0,0,0,0,1,1,1947-04-17,,0,8720463,
442119,0122000,1,大分県,オオイタケン,Oita,,,,宇佐市,ウサシ,Usa-shi,,,,大字青森,オオアザアオモリ,Aomori,,,,,,,,0,0,0,0,0,0,1,1,1947-04-17,,0,8791138,
442119,0123000,1,大分県,オオイタケン,Oita,,,,宇佐市,ウサシ,Usa-shi,,,,大字赤尾,オオアザアカオ,Akao,,,,,,,,0,0,0,0,0,0,1,1,1947-04-17,,0,8790233,
442119,0124000,1,大分県,オオイタケン,Oita,,,,宇佐市,ウサシ,Usa-shi,,,,大字麻生,オオアザアソウ,Aso,,,,,,,,0,0,0,0,0,0,1,1,1947-04-17,,0,8790501,
442119,0125000,1,大分県,オオイタケン,Oita,,,,宇佐市,ウサシ,Usa-shi,,,,大字荒木,オオアザアラキ,Araki,,,,,,,,0,0,0,0,0,0,1,1,1947-04-17,,0,8790312,
442119,0126000,1,大分県,オオイタケン,Oita,,,,宇佐市,ウサシ,Usa-shi,,,,大字石田,オオアザイシダ,Ishida,,,,,,,,0,0,0,0,0,0,1,1,1947-04-17,,0,8790444,
442119,0127000,1,大分県,オオイタケン,Oita,,,,宇佐市,ウサシ,Usa-shi,,,,大字出光,オオアザイデミツ,Idemitsu,,,,,,,,0,0,0,0,0,0,1,1,1947-04-17,,0,8791131,
442119,0128000,1,大分県,オオイタケン,Oita,,,,宇佐市,ウサシ,Usa-shi,,,,大字今成,オオアザイマナリ,Imanari,,,,,,,,0,0,0,0,0,0,1,1,1947-04-17,,0,8790514,
442119,0129000,1,大分県,オオイタケン,Oita,,,,宇佐市,ウサシ,Usa-shi,,,,大字今仁,オオアザイマニ,Imani,,,,,,,,0,0,0,0,0,0,1,1,1947-04-17,,0,8790234,
442119,0130000,1,大分県,オオイタケン,Oita,,,,宇佐市,ウサシ,Usa-shi,,,,大字岩崎,オオアザイワサキ,Iwasaki,,,,,,,,0,0,0,0,0,0,1,1,1947-04-17,,0,8791132,
442119,0131000,1,大分県,オオイタケン,Oita,,,,宇佐市,ウサシ,Usa-shi,,,,大字岩保新田,オオアザイワホシンデン,Iwahoshinden,,,,,,,,0,0,0,0,0,0,1,1,1947-04-17,,0,8720011,
442119,0132000,1,大分県,オオイタケン,Oita,,,,宇佐市,ウサシ,Usa-shi,,,,大字上田,オオアザウエダ,Ueda,,,,,,,,0,0,0,0,0,0,1,1,1947-04-17,,0,8790453,
442119,0133000,1,大分県,オオイタケン,Oita,,,,宇佐市,ウサシ,Usa-shi,,,,大字江熊,オオアザエグマ,Eguma,,,,,,,,0,0,0,0,0,0,1,1,1947-04-17,,0,8791126,
442119,0134000,1,大分県,オオイタケン,Oita,,,,宇佐市,ウサシ,Usa-shi,,,,大字江須賀,オオアザエスカ,Esuka,,,,,,,,0,0,0,0,0,0,1,1,1947-04-17,,0,8720032,
442119,0135000,1,大分県,オオイタケン,Oita,,,,宇佐市,ウサシ,Usa-shi,,,,大字大塚,オオアザオオツカ,Otsuka,,,,,,,,0,0,0,0,0,0,1,1,1947-04-17,,0,8790464,
442119,0136000,1,大分県,オオイタケン,Oita,,,,宇佐市,ウサシ,Usa-shi,,,,大字大根川,オオアザオオネガワ,Onegawa,,,,,,,,0,0,0,0,0,0,1,1,1947-04-17,,0,8790232,
442119,0137000,1,大分県,オオイタケン,Oita,,,,宇佐市,ウサシ,Usa-shi,,,,大字乙女新田,オオアザオトメシンデン,Otomeshinden,,,,,,,,0,0,0,0,0,0,1,1,1947-04-17,,0,8790301,
442119,0138000,1,大分県,オオイタケン,Oita,,,,宇佐市,ウサシ,Usa-shi,,,,大字尾永井,オオアザオナガイ,Onagai,,,,,,,,0,0,0,0,0,0,1,1,1947-04-17,,0,8790304,
442119,0139000,1,大分県,オオイタケン,Oita,,,,宇佐市,ウサシ,Usa-shi,,,,大字金丸,オオアザカナマル,Kanamaru,,,,,,,,0,0,0,0,0,0,1,1,1947-04-17,,0,8791128,
442119,0140000,1,大分県,オオイタケン,Oita,,,,宇佐市,ウサシ,Usa-shi,,,,大字金屋,オオアザカナヤ,Kanaya,,,,,,,,0,0,0,0,0,0,1,1,1947-04-17,,0,8720021,
442119,0141000,1,大分県,オオイタケン,Oita,,,,宇佐市,ウサシ,Usa-shi,,,,大字上乙女,オオアザカミオトメ,Kamiotome,,,,,,,,0,0,0,0,0,0,1,1,1947-04-17,,0,8790303,
442119,0142000,1,大分県,オオイタケン,Oita,,,,宇佐市,ウサシ,Usa-shi,,,,大字上敷田,オオアザカミシキダ,Kamishikida,,,,,,,,0,0,0,0,0,0,1,1,1947-04-17,,0,8790163,
442119,0143000,1,大分県,オオイタケン,Oita,,,,宇佐市,ウサシ,Usa-shi,,,,大字上庄,オオアザカミショウ,Kamisho,,,,,,,,0,0,0,0,0,0,1,1,1947-04-17,,0,8790153,
442119,0144000,1,大分県,オオイタケン,Oita,,,,宇佐市,ウサシ,Usa-shi,,,,大字上高,オオアザカミタカ,Kamitaka,,,,,,,,0,0,0,0,0,0,1,1,1947-04-17,,0,8790313,
442119,0145000,1,大分県,オオイタケン,Oita,,,,宇佐市,ウサシ,Usa-shi,,,,大字上高家,オオアザカミタケイ,Kamitakei,,,,,,,,0,0,0,0,0,0,1,1,1947-04-17,,0,8790305,
442119,0146000,1,大分県,オオイタケン,Oita,,,,宇佐市,ウサシ,Usa-shi,,,,大字上時枝,オオアザカミトキエダ,Kamitokieda,,,,,,,,0,0,0,0,0,0,1,1,1947-04-17,,0,8790315,
442119,0147000,1,大分県,オオイタケン,Oita,,,,宇佐市,ウサシ,Usa-shi,,,,大字上拝田,オオアザカミハイタ,,,,,,,,,0,0,0,0,0,0,1,1,1947-04-17,,0,,
442119,0148000,1,大分県,オオイタケン,Oita,,,,宇佐市,ウサシ,Usa-shi,,,,大字上元重,オオアザカミモトシゲ,Kamimotoshige,,,,,,,,0,0,0,0,0,0,1,1,1947-04-17,,0,8790472,
442119,0149000,1,大分県,オオイタケン,Oita,,,,宇佐市,ウサシ,Usa-shi,,,,大字辛島,オオアザカラシマ,Karashima,,,,,,,,0,0,0,0,0,0,1,1,1947-04-17,,0,8790456,
442119,0150000,1,大分県,オオイタケン,Oita,,,,宇佐市,ウサシ,Usa-shi,,,,大字苅宇田,オオアザカリウダ,Kariuda,,,,,,,,0,0,0,0,0,0,1,1,1947-04-17,,0,8791137,
442119,0151000,1,大分県,オオイタケン,Oita,,,,宇佐市,ウサシ,Usa-shi,,,,大字川部,オオアザカワベ,Kawabe,,,,,,,,0,0,0,0,0,0,1,1,1947-04-17,,0,8790452,
442119,0152000,1,大分県,オオイタケン,Oita,,,,宇佐市,ウサシ,Usa-shi,,,,大字北宇佐,オオアザキタウサ,Kitausa,,,,,,,,0,0,0,0,0,0,1,1,1947-04-17,,0,8720103,
442119,0153000,1,大分県,オオイタケン,Oita,,,,宇佐市,ウサシ,Usa-shi,,,,大字北鶴田新田,オオアザキタツルタシンデン,Kitatsurudashinden,,,,,,,,0,0,0,0,0,0,1,1,1947-04-17,,0,8720013,
442119,0154000,1,大分県,オオイタケン,Oita,,,,宇佐市,ウサシ,Usa-shi,,,,大字木内,オオアザキノウチ,Kinochi,,,,,,,,0,0,0,0,0,0,1,1,1947-04-17,,0,8790516,
442119,0155000,1,大分県,オオイタケン,Oita,,,,宇佐市,ウサシ,Usa-shi,,,,大字木部,オオアザキベ,Kibe,,,,,,,,0,0,0,0,0,0,1,1,1947-04-17,,0,8790235,
442119,0156000,1,大分県,オオイタケン,Oita,,,,宇佐市,ウサシ,Usa-shi,,,,大字久兵衛新田,オオアザキュウベエシンデン,Kyubeeshinden,,,,,,,,0,0,0,0,0,0,1,1,1947-04-17,,0,8720012,
442119,0157000,1,大分県,オオイタケン,Oita,,,,宇佐市,ウサシ,Usa-shi,,,,大字葛原,オオアザクズワラ,Kuzuhara,,,,,,,,0,0,0,0,0,0,1,1,1947-04-17,,0,8790443,
442119,0158000,1,大分県,オオイタケン,Oita,,,,宇佐市,ウサシ,Usa-shi,,,,大字黒,オオアザクロ,Kuro,,,,,,,,0,0,0,0,0,0,1,1,1947-04-17,,0,8790512,
442119,0159000,1,大分県,オオイタケン,Oita,,,,宇佐市,ウサシ,Usa-shi,,,,大字郡中新田,オオアザグンチュウシンデン,Gunchushinden,,,,,,,,0,0,0,0,0,0,1,1,1947-04-17,,0,8720045,
442119,0160000,1,大分県,オオイタケン,Oita,,,,宇佐市,ウサシ,Usa-shi,,,,大字閤,オオアザゴウ,Go,,,,,,,,0,0,0,0,0,0,1,1,1947-04-17,,0,8790455,
442119,0161000,1,大分県,オオイタケン,Oita,,,,宇佐市,ウサシ,Usa-shi,,,,大字小向野,オオアザコムクノ,Komukuno,,,,,,,,0,0,0,0,0,0,1,1,1947-04-17,,0,8720104,
442119,0162000,1,大分県,オオイタケン,Oita,,,,宇佐市,ウサシ,Usa-shi,,,,大字西木,オオアザサイギ,Saigi,,,,,,,,0,0,0,0,0,0,1,1,1947-04-17,,0,8791136,
442119,0163000,1,大分県,オオイタケン,Oita,,,,宇佐市,ウサシ,Usa-shi,,,,大字佐々礼,オオアザサザレ,Sazare,,,,,,,,0,0,0,0,0,0,1,1,1947-04-17,,0,8720016,
442119,0164000,1,大分県,オオイタケン,Oita,,,,宇佐市,ウサシ,Usa-shi,,,,大字佐野,オオアザサノ,Sano,,,,,,,,0,0,0,0,0,0,1,1,1947-04-17,,0,8790237,
442119,0165000,1,大分県,オオイタケン,Oita,,,,宇佐市,ウサシ,Usa-shi,,,,大字猿渡,オオアザサルワタリ,Saruwatari,,,,,,,,0,0,0,0,0,0,1,1,1947-04-17,,0,8790314,
442119,0166000,1,大分県,オオイタケン,Oita,,,,宇佐市,ウサシ,Usa-shi,,,,大字芝原,オオアザシバハラ,Shibahara,,,,,,,,0,0,0,0,0,0,1,1,1947-04-17,,0,8790457,
442119,0167000,1,大分県,オオイタケン,Oita,,,,宇佐市,ウサシ,Usa-shi,,,,大字清水,オオアザシミズ,Shimizu,,,,,,,,0,0,0,0,0,0,1,1,1947-04-17,,0,8790236,
442119,0168000,1,大分県,オオイタケン,Oita,,,,宇佐市,ウサシ,Usa-shi,,,,大字下乙女,オオアザシモオトメ,Shimotome,,,,,,,,0,0,0,0,0,0,1,1,1947-04-17,,0,8790302,
442119,0169000,1,大分県,オオイタケン,Oita,,,,宇佐市,ウサシ,Usa-shi,,,,大字下敷田,オオアザシモシキダ,Shimoshikida,,,,,,,,0,0,0,0,0,0,1,1,1947-04-17,,0,8790161,
442119,0170000,1,大分県,オオイタケン,Oita,,,,宇佐市,ウサシ,Usa-shi,,,,大字下庄,オオアザシモショウ,Shimosho,,,,,,,,0,0,0,0,0,0,1,1,1947-04-17,,0,8790152,
442119,0171000,1,大分県,オオイタケン,Oita,,,,宇佐市,ウサシ,Usa-shi,,,,大字下高,オオアザシモタカ,Shimotaka,,,,,,,,0,0,0,0,0,0,1,1,1947-04-17,,0,8790317,
442119,0172000,1,大分県,オオイタケン,Oita,,,,宇佐市,ウサシ,Usa-shi,,,,大字下高家,オオアザシモタケイ,Shimotakei,,,,,,,,0,0,0,0,0,0,1,1,1947-04-17,,0,8790308,
442119,0173000,1,大分県,オオイタケン,Oita,,,,宇佐市,ウサシ,Usa-shi,,,,大字下時枝,オオアザシモトキエダ,Shimotokieda,,,,,,,,0,0,0,0,0,0,1,1,1947-04-17,,0,8790316,
442119,0174000,1,大分県,オオイタケン,Oita,,,,宇佐市,ウサシ,Usa-shi,,,,大字下拝田,オオアザシモハイタ,Shimohaita,,,,,,,,0,0,0,0,0,0,1,1,1947-04-17,,0,8790465,
442119,0175000,1,大分県,オオイタケン,Oita,,,,宇佐市,ウサシ,Usa-shi,,,,大字下元重,オオアザシモモトシゲ,Shimomotoshige,,,,,,,,0,0,0,0,0,0,1,1,1947-04-17,,0,8790473,
442119,0176000,1,大分県,オオイタケン,Oita,,,,宇佐市,ウサシ,Usa-shi,,,,大字下矢部,オオアザシモヤベ,Shimoyabe,,,,,,,,0,0,0,0,0,0,1,1,1947-04-17,,0,8720111,
442119,0177000,1,大分県,オオイタケン,Oita,,,,宇佐市,ウサシ,Usa-shi,,,,大字順風新田,オオアザジュンプウシンデン,Jumpushinden,,,,,,,,0,0,0,0,0,0,1,1,1947-04-17,,0,8720047,
442119,0178000,1,大分県,オオイタケン,Oita,,,,宇佐市,ウサシ,Usa-shi,,,,大字城井,オオアザジョウイ,Joi,,,,,,,,0,0,0,0,0,0,1,1,1947-04-17,,0,8790442,
442119,0179000,1,大分県,オオイタケン,Oita,,,,宇佐市,ウサシ,Usa-shi,,,,大字正覚寺,オオアザショウガクジ,Shogakuji,,,,,,,,0,0,0,0,0,0,1,1,1947-04-17,,0,8720113,
442119,0180000,1,大分県,オオイタケン,Oita,,,,宇佐市,ウサシ,Usa-shi,,,,大字末,オオアザスエ,Sue,,,,,,,,0,0,0,0,0,0,1,1,1947-04-17,,0,8790515,
442119,0181000,1,大分県,オオイタケン,Oita,,,,宇佐市,ウサシ,Usa-shi,,,,大字住江,オオアザスミエ,Sumie,,,,,,,,0,0,0,0,0,0,1,1,1947-04-17,,0,8720044,
442119,0182000,1,大分県,オオイタケン,Oita,,,,宇佐市,ウサシ,Usa-shi,,,,大字高砂新田,オオアザタカサゴシンデン,Takasagoshinden,,,,,,,,0,0,0,0,0,0,1,1,1947-04-17,,0,8720046,
442119,0183000,1,大分県,オオイタケン,Oita,,,,宇佐市,ウサシ,Usa-shi,,,,大字高森,オオアザタカモリ,Takamori,,,,,,,,0,0,0,0,0,0,1,1,1947-04-17,,0,8720101,
442119,0184000,1,大分県,オオイタケン,Oita,,,,宇佐市,ウサシ,Usa-shi,,,,大字嶽ノ首,オオアザタケノクビ,,,,,,,,,0,0,0,0,0,0,1,1,1947-04-17,,0,,
442119,0185000,1,大分県,オオイタケン,Oita,,,,宇佐市,ウサシ,Usa-shi,,,,大字富山,オオアザトミヤマ,Tomiyama,,,,,,,,0,0,0,0,0,0,1,1,1947-04-17,,0,8790164,
442119,0186000,1,大分県,オオイタケン,Oita,,,,宇佐市,ウサシ,Usa-shi,,,,大字中,オオアザナカ,Naka,,,,,,,,0,0,0,0,0,0,1,1,1947-04-17,,0,8790513,
442119,0187000,1,大分県,オオイタケン,Oita,,,,宇佐市,ウサシ,Usa-shi,,,,大字中敷田,オオアザナカシキダ,Nakashikida,,,,,,,,0,0,0,0,0,0,1,1,1947-04-17,,0,8790162,
442119,0188000,1,大分県,オオイタケン,Oita,,,,宇佐市,ウサシ,Usa-shi,,,,大字長洲,オオアザナガス,Nagasu,,,,,,,,0,0,0,0,0,0,1,1,1947-04-17,,0,8720001,
442119,0189000,1,大分県,オオイタケン,Oita,,,,宇佐市,ウサシ,Usa-shi,,,,大字中原,オオアザナカハル,Nakaharu,,,,,,,,0,0,0,0,0,0,1,1,1947-04-17,,0,8790463,
442119,0190000,1,大分県,オオイタケン,Oita,,,,宇佐市,ウサシ,Usa-shi,,,,大字灘,オオアザナダ,Nada,,,,,,,,0,0,0,0,0,0,1,1,1947-04-17,,0,8790503,
442119,0191000,1,大分県,オオイタケン,Oita,,,,宇佐市,ウサシ,Usa-shi,,,,大字西大堀,オオアザニシオオホリ,Nishiobori,,,,,,,,0,0,0,0,0,0,1,1,1947-04-17,,0,8720022,
442119,0192000,1,大分県,オオイタケン,Oita,,,,宇佐市,ウサシ,Usa-shi,,,,大字西高家,オオアザニシタケイ,Nishitakei,,,,,,,,0,0,0,0,0,0,1,1,1947-04-17,,0,8790306,
442119,0193000,1,大分県,オオイタケン,Oita,,,,宇佐市,ウサシ,Usa-shi,,,,大字西屋敷,オオアザニシヤシキ,Nishiyashiki,,,,,,,,0,0,0,0,0,0,1,1,1947-04-17,,0,8791127,
442119,0194000,1,大分県,オオイタケン,Oita,,,,宇佐市,ウサシ,Usa-shi,,,,大字蜷木,オオアザニナギ,Ninagi,,,,,,,,0,0,0,0,0,0,1,1,1947-04-17,,0,8720023,
442119,0195000,1,大分県,オオイタケン,Oita,,,,宇佐市,ウサシ,Usa-shi,,,,大字橋津,オオアザハシヅ,Hashizu,,,,,,,,0,0,0,0,0,0,1,1,1947-04-17,,0,8791134,
442119,0196000,1,大分県,オオイタケン,Oita,,,,宇佐市,ウサシ,Usa-shi,,,,大字畑田,オオアザハタケダ,Hatakeda,,,,,,,,0,0,0,0,0,0,1,1,1947-04-17,,0,8790451,
442119,0197000,1,大分県,オオイタケン,Oita,,,,宇佐市,ウサシ,Usa-shi,,,,大字浜高家,オオアザハマタケイ,Hamatakei,,,,,,,,0,0,0,0,0,0,1,0,1947-04-17,,0,8790307,
442119,0198000,1,大分県,オオイタケン,Oita,,,,宇佐市,ウサシ,Usa-shi,,,,大字日足,オオアザヒアシ,Hiashi,,,,,,,,0,0,0,0,0,0,1,1,1947-04-17,,0,8791133,
442119,0199000,1,大分県,オオイタケン,Oita,,,,宇佐市,ウサシ,Usa-shi,,,,大字東大堀,オオアザヒガシオオホリ,Higashiobori,,,,,,,,0,0,0,0,0,0,1,1,1947-04-17,,0,8791121,
442119,0200000,1,大分県,オオイタケン,Oita,,,,宇佐市,ウサシ,Usa-shi,,,,大字東高家,オオアザヒガシタケイ,Higashitakei,,,,,,,,0,0,0,0,0,0,1,1,1947-04-17,,0,8790309,
442119,0201000,1,大分県,オオイタケン,Oita,,,,宇佐市,ウサシ,Usa-shi,,,,大字樋田,オオアザヒダ,Hida,,,,,,,,0,0,0,0,0,0,1,1,1947-04-17,,0,8790461,
442119,0202000,1,大分県,オオイタケン,Oita,,,,宇佐市,ウサシ,Usa-shi,,,,大字別府,オオアザビュウ,Byu,,,,,,,,0,0,0,0,0,0,1,1,1947-04-17,,0,8790462,
442119,0203000,1,大分県,オオイタケン,Oita,,,,宇佐市,ウサシ,Usa-shi,,,,大字法鏡寺,オオアザホウキョウジ,Hokyoji,,,,,,,,0,0,0,0,0,0,1,1,1947-04-17,,0,8790454,
442119,0204000,1,大分県,オオイタケン,Oita,,,,宇佐市,ウサシ,Usa-shi,,,,大字松崎,オオアザマッサキ,Matsusaki,,,,,,,,0,0,0,0,0,0,1,1,1947-04-17,,0,8720015,
442119,0205000,1,大分県,オオイタケン,Oita,,,,宇佐市,ウサシ,Usa-shi,,,,大字神子山新田,オオアザミコヤマシンデン,Mikoyamashinden,,,,,,,,0,0,0,0,0,0,1,1,1947-04-17,,0,8720041,
442119,0206000,1,大分県,オオイタケン,Oita,,,,宇佐市,ウサシ,Usa-shi,,,,大字南宇佐,オオアザミナミウサ,Minamiusa,,,,,,,,0,0,0,0,0,0,1,1,1947-04-17,,0,8720102,
442119,0207000,1,大分県,オオイタケン,Oita,,,,宇佐市,ウサシ,Usa-shi,,,,大字南敷田,オオアザミナミシキダ,Minamishikida,,,,,,,,0,0,0,0,0,0,1,1,1947-04-17,,0,8790231,
442119,0208000,1,大分県,オオイタケン,Oita,,,,宇佐市,ウサシ,Usa-shi,,,,大字南鶴田新田,オオアザミナミツルタシンデン,Minamitsurudashinden,,,,,,,,0,0,0,0,0,0,1,1,1947-04-17,,0,8720014,
442119,0209000,1,大分県,オオイタケン,Oita,,,,宇佐市,ウサシ,Usa-shi,,,,大字宮熊,オオアザミヤグマ,Miyaguma,,,,,,,,0,0,0,0,0,0,1,1,1947-04-17,,0,8790151,
442119,0210000,1,大分県,オオイタケン,Oita,,,,宇佐市,ウサシ,Usa-shi,,,,大字森山,オオアザモリヤマ,Moriyama,,,,,,,,0,0,0,0,0,0,1,1,1947-04-17,,0,8790311,
442119,0211000,1,大分県,オオイタケン,Oita,,,,宇佐市,ウサシ,Usa-shi,,,,大字山,オオアザヤマ,Yama,,,,,,,,0,0,0,0,0,0,1,1,1947-04-17,,0,8791124,
442119,0212000,1,大分県,オオイタケン,Oita,,,,宇佐市,ウサシ,Usa-shi,,,,大字山下,オオアザヤマシタ,Yamashita,,,,,,,,0,0,0,0,0,0,1,1,1947-04-17,,0,8790474,
442119,0213000,1,大分県,オオイタケン,Oita,,,,宇佐市,ウサシ,Usa-shi,,,,大字山袋,オオアザヤマブクロ,Yamabukuro,,,,,,,,0,0,0,0,0,0,1,1,1947-04-17,,0,8790511,
442119,0214000,1,大分県,オオイタケン,Oita,,,,宇佐市,ウサシ,Usa-shi,,,,大字山本,オオアザヤマモト,Yamamoto,,,,,,,,0,0,0,0,0,0,1,1,1947-04-17,,0,8790467,
442119,0215000,1,大分県,オオイタケン,Oita,,,,宇佐市,ウサシ,Usa-shi,,,,大字横田,オオアザヨコタ,Yokota,,,,,,,,0,0,0,0,0,0,1,1,1947-04-17,,0,8791122,
442119,0216000,1,大分県,オオイタケン,Oita,,,,宇佐市,ウサシ,Usa-shi,,,,大字吉松,オオアザヨシマツ,Yoshimatsu,,,,,,,,0,0,0,0,0,0,1,1,1947-04-17,,0,8790441,
442119,0217000,1,大分県,オオイタケン,Oita,,,,宇佐市,ウサシ,Usa-shi,,,,大字四日市,オオアザヨッカイチ,Yokkaichi,,,,,,,,0,0,0,0,0,0,1,1,1947-04-17,,0,8790471,
442119,0218000,1,大分県,オオイタケン,Oita,,,,宇佐市,ウサシ,Usa-shi,,,,大字両戒,オオアザリョウカイ,Ryokai,,,,,,,,0,0,0,0,0,0,1,1,1947-04-17,,0,8791125,
442119,0219000,1,大分県,オオイタケン,Oita,,,,宇佐市,ウサシ,Usa-shi,,,,大字和気,オオアザワキ,Waki,,,,,,,,0,0,0,0,0,0,1,1,1947-04-17,,0,8791135,
442119,0220001,2,大分県,オオイタケン,Oita,,,,宇佐市,ウサシ,Usa-shi,,,,沖須町,オキスマチ,Okisumachi,１丁目,１チョウメ,1,,,,,0,0,0,0,0,0,1,1,1947-04-17,,0,,
442119,0220002,2,大分県,オオイタケン,Oita,,,,宇佐市,ウサシ,Usa-shi,,,,沖須町,オキスマチ,Okisumachi,２丁目,２チョウメ,2,,,,,0,0,0,0,0,0,1,1,1947-04-17,,0,,
442119,0220003,2,大分県,オオイタケン,Oita,,,,宇佐市,ウサシ,Usa-shi,,,,沖須町,オキスマチ,Okisumachi,３丁目,３チョウメ,3,,,,,0,0,0,0,0,0,1,1,1947-04-17,,0,,
442119,0221001,2,大分県,オオイタケン,Oita,,,,宇佐市,ウサシ,Usa-shi,,,,貴船町,キフネマチ,Kifunemachi,１丁目,１チョウメ,1,,,,,0,0,0,0,0,0,1,1,1947-04-17,,0,,
442119,0221002,2,大分県,オオイタケン,Oita,,,,宇佐市,ウサシ,Usa-shi,,,,貴船町,キフネマチ,Kifunemachi,２丁目,２チョウメ,2,,,,,0,0,0,0,0,0,1,1,1947-04-17,,0,,
442119,0222001,2,大分県,オオイタケン,Oita,,,,宇佐市,ウサシ,Usa-shi,,,,子安町,コヤスマチ,Koyasumachi,１丁目,１チョウメ,1,,,,,0,0,0,0,0,0,1,1,1947-04-17,,0,,
442119,0222002,2,大分県,オオイタケン,Oita,,,,宇佐市,ウサシ,Usa-shi,,,,子安町,コヤスマチ,Koyasumachi,２丁目,２チョウメ,2,,,,,0,0,0,0,0,0,1,1,1947-04-17,,0,,
442119,0222003,2,大分県,オオイタケン,Oita,,,,宇佐市,ウサシ,Usa-shi,,,,子安町,コヤスマチ,Koyasumachi,３丁目,３チョウメ,3,,,,,0,0,0,0,0,0,1,1,1947-04-17,,0,,
442119,0222004,2,大分県,オオイタケン,Oita,,,,宇佐市,ウサシ,Usa-shi,,,,子安町,コヤスマチ,Koyasumachi,４丁目,４チョウメ,4,,,,,0,0,0,0,0,0,1,1,1947-04-17,,0,,
442119,0223001,2,大分県,オオイタケン,Oita,,,,宇佐市,ウサシ,Usa-shi,,,,住吉町,スミヨシマチ,Sumiyoshimachi,１丁目,１チョウメ,1,,,,,0,0,0,0,0,0,1,1,1947-04-17,,0,,
442119,0223002,2,大分県,オオイタケン,Oita,,,,宇佐市,ウサシ,Usa-shi,,,,住吉町,スミヨシマチ,Sumiyoshimachi,２丁目,２チョウメ,2,,,,,0,0,0,0,0,0,1,1,1947-04-17,,0,,
442119,0223003,2,大分県,オオイタケン,Oita,,,,宇佐市,ウサシ,Usa-shi,,,,住吉町,スミヨシマチ,Sumiyoshimachi,３丁目,３チョウメ,3,,,,,0,0,0,0,0,0,1,1,1947-04-17,,0,,
442119,0224000,1,大分県,オオイタケン,Oita,,,,宇佐市,ウサシ,Usa-shi,,,,大字山口,オオアザヤマグチ,Yamaguchi,,,,,,,,0,0,0,0,0,0,1,1,1947-04-17,,0,8790504,
442119,0225000,1,大分県,オオイタケン,Oita,,,,宇佐市,ウサシ,Usa-shi,,,,院内町大重見,インナイマチオシゲミ,Innaimachi Oshigemi,,,,,,,,0,0,0,0,0,0,1,1,1947-04-17,,0,8720323,
442119,0226000,1,大分県,オオイタケン,Oita,,,,宇佐市,ウサシ,Usa-shi,,,,大字上矢部,オオアザカミヤベ,Kamiyabe,,,,,,,,0,0,0,0,0,0,1,1,1947-04-17,,0,8720112,
442119,0227000,1,大分県,オオイタケン,Oita,,,,宇佐市,ウサシ,Usa-shi,,,,大字熊,オオアザクマ,Kuma,,,,,,,,0,0,0,0,0,0,1,1,1947-04-17,,0,8720114,
442119,0228000,1,大分県,オオイタケン,Oita,,,,宇佐市,ウサシ,Usa-shi,,,,大字立石,オオアザタテシ,Tateishi,,,,,,,,0,0,0,0,0,0,1,1,1947-04-17,,0,8791123,
442127,0000101,3,大分県,オオイタケン,Oita,,,,豊後大野市,ブンゴオオノシ,Bungoono-shi,,,,,,,,,,サヤノ木,サヤノキ,,,0,0,0,1,0,0,0,0,1947-04-17,,0,,
442127,0000102,3,大分県,オオイタケン,Oita,,,,豊後大野市,ブンゴオオノシ,Bungoono-shi,,,,,,,,,,阿原,アバラ,,,0,0,0,1,0,0,0,0,1947-04-17,,0,,
442127,0000103,3,大分県,オオイタケン,Oita,,,,豊後大野市,ブンゴオオノシ,Bungoono-shi,,,,,,,,,,茜,アカネ,,,0,0,0,1,0,0,0,0,1947-04-17,,0,,
442127,0000104,3,大分県,オオイタケン,Oita,,,,豊後大野市,ブンゴオオノシ,Bungoono-shi,,,,,,,,,,芦刈,アシカリ,,,0,0,0,1,0,0,0,0,1947-04-17,,0,,
442127,0000105,3,大分県,オオイタケン,Oita,,,,豊後大野市,ブンゴオオノシ,Bungoono-shi,,,,,,,,,,安藤,アンドウ,,,0,0,0,1,0,0,0,0,1947-04-17,,0,,
442127,0000106,3,大分県,オオイタケン,Oita,,,,豊後大野市,ブンゴオオノシ,Bungoono-shi,,,,,,,,,,畏原,カシコバル,,,0,0,0,1,0,0,0,0,1947-04-17,,0,,
442127,0000107,3,大分県,オオイタケン,Oita,,,,豊後大野市,ブンゴオオノシ,Bungoono-shi,,,,,,,,,,衣掛,キヌカケ,,,0,0,0,1,0,0,0,0,1947-04-17,,0,,
442127,0000108,3,大分県,オオイタケン,Oita,,,,豊後大野市,ブンゴオオノシ,Bungoono-shi,,,,,,,,,,井ノ向,イノムカイ,,,0,0,0,1,0,0,0,0,1947-04-17,,0,,
442127,0000109,3,大分県,オオイタケン,Oita,,,,豊後大野市,ブンゴオオノシ,Bungoono-shi,,,,,,,,,,井ノ上,イノウエ,,,0,0,0,1,0,0,0,0,1947-04-17,,0,,
442127,0000110,3,大分県,オオイタケン,Oita,,,,豊後大野市,ブンゴオオノシ,Bungoono-shi,,,,,,,,,,井崎,イサキ,,,0,0,0,1,0,0,0,0,1947-04-17,,0,,
442127,0000111,3,大分県,オオイタケン,Oita,,,,豊後大野市,ブンゴオオノシ,Bungoono-shi,,,,,,,,,,一ノ谷,イチノタニ,,,0,0,0,1,0,0,0,0,1947-04-17,,0,,
442127,0000112,3,大分県,オオイタケン,Oita,,,,豊後大野市,ブンゴオオノシ,Bungoono-shi,,,,,,,,,,引地,ヒキジ,,,0,0,0,1,0,0,0,0,1947-04-17,,0,,
442127,0000113,3,大分県,オオイタケン,Oita,,,,豊後大野市,ブンゴオオノシ,Bungoono-shi,,,,,,,,,,蔭ノ木,カゲノキ,,,0,0,0,1,0,0,0,0,1947-04-17,,0,,
442127,0000114,3,大分県,オオイタケン,Oita,,,,豊後大野市,ブンゴオオノシ,Bungoono-shi,,,,,,,,,,宇対瀬,ウタイゼ,,,0,0,0,1,0,0,0,0,1947-04-17,,0,,
442127,0000115,3,大分県,オオイタケン,Oita,,,,豊後大野市,ブンゴオオノシ,Bungoono-shi,,,,,,,,,,宇津尾木,ウツオギ,,,0,0,0,1,0,0,0,0,1947-04-17,,0,,
442127,0000116,3,大分県,オオイタケン,Oita,,,,豊後大野市,ブンゴオオノシ,Bungoono-shi,,,,,,,,,,宇田,ウタ,,,0,0,0,1,0,0,0,0,1947-04-17,,0,,
442127,0000117,3,大分県,オオイタケン,Oita,,,,豊後大野市,ブンゴオオノシ,Bungoono-shi,,,,,,,,,,宇田枝,ウタエダ,,,0,0,0,1,0,0,0,0,1947-04-17,,0,,
442127,0000118,3,大分県,オオイタケン,Oita,,,,豊後大野市,ブンゴオオノシ,Bungoono-shi,,,,,,,,,,羽飛,ハトブ,,,0,0,0,1,0,0,0,0,1947-04-17,,0,,
442127,0000119,3,大分県,オオイタケン,Oita,,,,豊後大野市,ブンゴオオノシ,Bungoono-shi,,,,,,,,,,臼木,ウスキ,,,0,0,0,1,0,0,0,0,1947-04-17,,0,,
442127,0000120,3,大分県,オオイタケン,Oita,,,,豊後大野市,ブンゴオオノシ,Bungoono-shi,,,,,,,,,,姥社,ウバシャ,,,0,0,0,1,0,0,0,0,1947-04-17,,0,,
442127,0000121,3,大分県,オオイタケン,Oita,,,,豊後大野市,ブンゴオオノシ,Bungoono-shi,,,,,,,,,,瓜生,ウリオ,,,0,0,0,1,0,0,0,0,1947-04-17,,0,,
442127,0000122,3,大分県,オオイタケン,Oita,,,,豊後大野市,ブンゴオオノシ,Bungoono-shi,,,,,,,,,,駅前,エキゼン,,,0,0,0,1,0,0,0,0,1947-04-17,,0,,
442127,0000123,3,大分県,オオイタケン,Oita,,,,豊後大野市,ブンゴオオノシ,Bungoono-shi,,,,,,,,,,榎ツル,エノキツル,,,0,0,0,1,0,0,0,0,1947-04-17,,0,,
442127,0000124,3,大分県,オオイタケン,Oita,,,,豊後大野市,ブンゴオオノシ,Bungoono-shi,,,,,,,,,,遠野,トオノ,,,0,0,0,1,0,0,0,0,1947-04-17,,0,,
442127,0000125,3,大分県,オオイタケン,Oita,,,,豊後大野市,ブンゴオオノシ,Bungoono-shi,,,,,,,,,,奥畑,オクバタ,,,0,0,0,1,0,0,0,0,1947-04-17,,0,,
442127,0000126,3,大分県,オオイタケン,Oita,,,,豊後大野市,ブンゴオオノシ,Bungoono-shi,,,,,,,,,,横手,ヨコテ,,,0,0,0,1,0,0,0,0,1947-04-17,,0,,
442127,0000127,3,大分県,オオイタケン,Oita,,,,豊後大野市,ブンゴオオノシ,Bungoono-shi,,,,,,,,,,横町,ヨコマチ,,,0,0,0,1,0,0,0,0,1947-04-17,,0,,
442127,0000128,3,大分県,オオイタケン,Oita,,,,豊後大野市,ブンゴオオノシ,Bungoono-shi,,,,,,,,,,横尾,ヨコオ,,,0,0,0,1,0,0,0,0,1947-04-17,,0,,
442127,0000129,3,大分県,オオイタケン,Oita,,,,豊後大野市,ブンゴオオノシ,Bungoono-shi,,,,,,,,,,横平,ヨコビラ,,,0,0,0,1,0,0,0,0,1947-04-17,,0,,
442127,0000130,3,大分県,オオイタケン,Oita,,,,豊後大野市,ブンゴオオノシ,Bungoono-shi,,,,,,,,,,岡,オカ,,,0,0,0,1,0,0,0,0,1947-04-17,,0,,
442127,0000131,3,大分県,オオイタケン,Oita,,,,豊後大野市,ブンゴオオノシ,Bungoono-shi,,,,,,,,,,荻原,オギワラ,,,0,0,0,1,0,0,0,0,1947-04-17,,0,,
442127,0000132,3,大分県,オオイタケン,Oita,,,,豊後大野市,ブンゴオオノシ,Bungoono-shi,,,,,,,,,,屋永,ヤナガ,,,0,0,0,1,0,0,0,0,1947-04-17,,0,,
442127,0000133,3,大分県,オオイタケン,Oita,,,,豊後大野市,ブンゴオオノシ,Bungoono-shi,,,,,,,,,,温見,ヌクミ,,,0,0,0,1,0,0,0,0,1947-04-17,,0,,
442127,0000134,3,大分県,オオイタケン,Oita,,,,豊後大野市,ブンゴオオノシ,Bungoono-shi,,,,,,,,,,下ノ原,シモノハル,,,0,0,0,1,0,0,0,0,1947-04-17,,0,,
442127,0000135,3,大分県,オオイタケン,Oita,,,,豊後大野市,ブンゴオオノシ,Bungoono-shi,,,,,,,,,,下の原,シモノハル,,,0,0,0,1,0,0,0,0,1947-04-17,,0,,
442127,0000136,3,大分県,オオイタケン,Oita,,,,豊後大野市,ブンゴオオノシ,Bungoono-shi,,,,,,,,,,下玉田,シモタマダ,,,0,0,0,1,0,0,0,0,1947-04-17,,0,,
442127,0000137,3,大分県,オオイタケン,Oita,,,,豊後大野市,ブンゴオオノシ,Bungoono-shi,,,,,,,,,,下犬塚,シモイヌヅカ,,,0,0,0,1,0,0,0,0,1947-04-17,,0,,
442127,0000138,3,大分県,オオイタケン,Oita,,,,豊後大野市,ブンゴオオノシ,Bungoono-shi,,,,,,,,,,下山奥,シモヤマオク,,,0,0,0,1,0,0,0,0,1947-04-17,,0,,
442127,0000139,3,大分県,オオイタケン,Oita,,,,豊後大野市,ブンゴオオノシ,Bungoono-shi,,,,,,,,,,下市,シモイチ,,,0,0,0,1,0,0,0,0,1947-04-17,,0,,
442127,0000140,3,大分県,オオイタケン,Oita,,,,豊後大野市,ブンゴオオノシ,Bungoono-shi,,,,,,,,,,下小坂,シモオサカ,,,0,0,0,1,0,0,0,0,1947-04-17,,0,,
442127,0000141,3,大分県,オオイタケン,Oita,,,,豊後大野市,ブンゴオオノシ,Bungoono-shi,,,,,,,,,,下赤嶺岡,シモアカミネオカ,,,0,0,0,1,0,0,0,0,1947-04-17,,0,,
442127,0000142,3,大分県,オオイタケン,Oita,,,,豊後大野市,ブンゴオオノシ,Bungoono-shi,,,,,,,,,,下赤嶺下,シモアカミネシタ,,,0,0,0,1,0,0,0,0,1947-04-17,,0,,
442127,0000143,3,大分県,オオイタケン,Oita,,,,豊後大野市,ブンゴオオノシ,Bungoono-shi,,,,,,,,,,下赤嶺中の原,シモアカミネナカノハラ,,,0,0,0,1,0,0,0,0,1947-04-17,,0,,
442127,0000144,3,大分県,オオイタケン,Oita,,,,豊後大野市,ブンゴオオノシ,Bungoono-shi,,,,,,,,,,下赤嶺東,シモアカミネヒガシ,,,0,0,0,1,0,0,0,0,1947-04-17,,0,,
442127,0000145,3,大分県,オオイタケン,Oita,,,,豊後大野市,ブンゴオオノシ,Bungoono-shi,,,,,,,,,,下滞迫,シモタイザコ,,,0,0,0,1,0,0,0,0,1947-04-17,,0,,
442127,0000146,3,大分県,オオイタケン,Oita,,,,豊後大野市,ブンゴオオノシ,Bungoono-shi,,,,,,,,,,下津留,シモヅル,,,0,0,0,1,0,0,0,0,1947-04-17,,0,,
442127,0000147,3,大分県,オオイタケン,Oita,,,,豊後大野市,ブンゴオオノシ,Bungoono-shi,,,,,,,,,,下辻,シモツジ,,,0,0,0,1,0,0,0,0,1947-04-17,,0,,
442127,0000148,3,大分県,オオイタケン,Oita,,,,豊後大野市,ブンゴオオノシ,Bungoono-shi,,,,,,,,,,下徳田,シモトクダ,,,0,0,0,1,0,0,0,0,1947-04-17,,0,,
442127,0000149,3,大分県,オオイタケン,Oita,,,,豊後大野市,ブンゴオオノシ,Bungoono-shi,,,,,,,,,,下馬背畑,シモマセバタ,,,0,0,0,1,0,0,0,0,1947-04-17,,0,,
442127,0000150,3,大分県,オオイタケン,Oita,,,,豊後大野市,ブンゴオオノシ,Bungoono-shi,,,,,,,,,,下尾平,シモオビラ,,,0,0,0,1,0,0,0,0,1947-04-17,,0,,
442127,0000151,3,大分県,オオイタケン,Oita,,,,豊後大野市,ブンゴオオノシ,Bungoono-shi,,,,,,,,,,下野,シモノ,,,0,0,0,1,0,0,0,0,1947-04-17,,0,,
442127,0000152,3,大分県,オオイタケン,Oita,,,,豊後大野市,ブンゴオオノシ,Bungoono-shi,,,,,,,,,,下鷲谷,シモワシタニ,,,0,0,0,1,0,0,0,0,1947-04-17,,0,,
442127,0000153,3,大分県,オオイタケン,Oita,,,,豊後大野市,ブンゴオオノシ,Bungoono-shi,,,,,,,,,,加賀知,カガチ,,,0,0,0,1,0,0,0,0,1947-04-17,,0,,
442127,0000154,3,大分県,オオイタケン,Oita,,,,豊後大野市,ブンゴオオノシ,Bungoono-shi,,,,,,,,,,河面,カワモ,,,0,0,0,1,0,0,0,0,1947-04-17,,0,,
442127,0000155,3,大分県,オオイタケン,Oita,,,,豊後大野市,ブンゴオオノシ,Bungoono-shi,,,,,,,,,,花香,ハナガ,,,0,0,0,1,0,0,0,0,1947-04-17,,0,,
442127,0000156,3,大分県,オオイタケン,Oita,,,,豊後大野市,ブンゴオオノシ,Bungoono-shi,,,,,,,,,,花木沢,ハナギソ,,,0,0,0,1,0,0,0,0,1947-04-17,,0,,
442127,0000157,3,大分県,オオイタケン,Oita,,,,豊後大野市,ブンゴオオノシ,Bungoono-shi,,,,,,,,,,柿ノ木,カキノキ,,,0,0,0,1,0,0,0,0,1947-04-17,,0,,
442127,0000158,3,大分県,オオイタケン,Oita,,,,豊後大野市,ブンゴオオノシ,Bungoono-shi,,,,,,,,,,柿迫,カキサコ,,,0,0,0,1,0,0,0,0,1947-04-17,,0,,
442127,0000159,3,大分県,オオイタケン,Oita,,,,豊後大野市,ブンゴオオノシ,Bungoono-shi,,,,,,,,,,角門,カドモン,,,0,0,0,1,0,0,0,0,1947-04-17,,0,,
442127,0000160,3,大分県,オオイタケン,Oita,,,,豊後大野市,ブンゴオオノシ,Bungoono-shi,,,,,,,,,,葛川,カヅラガワ,,,0,0,0,3,0,845B_*,0,0,1947-04-17,,0,,
442127,0000161,3,大分県,オオイタケン,Oita,,,,豊後大野市,ブンゴオオノシ,Bungoono-shi,,,,,,,,,,釜割,カマワリ,,,0,0,0,1,0,0,0,0,1947-04-17,,0,,
442127,0000162,3,大分県,オオイタケン,Oita,,,,豊後大野市,ブンゴオオノシ,Bungoono-shi,,,,,,,,,,刈政,カリマサ,,,0,0,0,1,0,0,0,0,1947-04-17,,0,,
442127,0000163,3,大分県,オオイタケン,Oita,,,,豊後大野市,ブンゴオオノシ,Bungoono-shi,,,,,,,,,,肝煎一区,キモセン１ク,,,0,0,0,1,0,0,0,0,1947-04-17,,0,,
442127,0000164,3,大分県,オオイタケン,Oita,,,,豊後大野市,ブンゴオオノシ,Bungoono-shi,,,,,,,,,,肝煎二区,キモセン２ク,,,0,0,0,1,0,0,0,0,1947-04-17,,0,,
442127,0000165,3,大分県,オオイタケン,Oita,,,,豊後大野市,ブンゴオオノシ,Bungoono-shi,,,,,,,,,,貫原,ヌキハル,,,0,0,0,1,0,0,0,0,1947-04-17,,0,,
442127,0000166,3,大分県,オオイタケン,Oita,,,,豊後大野市,ブンゴオオノシ,Bungoono-shi,,,,,,,,,,館,タチ,,,0,0,0,1,0,0,0,0,1947-04-17,,0,,
442127,0000167,3,大分県,オオイタケン,Oita,,,,豊後大野市,ブンゴオオノシ,Bungoono-shi,,,,,,,,,,丸山,マルヤマ,,,0,0,0,1,0,0,0,0,1947-04-17,,0,,
442127,0000168,3,大分県,オオイタケン,Oita,,,,豊後大野市,ブンゴオオノシ,Bungoono-shi,,,,,,,,,,丸小野,マルオノ,,,0,0,0,1,0,0,0,0,1947-04-17,,0,,
442127,0000169,3,大分県,オオイタケン,Oita,,,,豊後大野市,ブンゴオオノシ,Bungoono-shi,,,,,,,,,,岩戸,イワド,,,0,0,0,1,0,0,0,0,1947-04-17,,0,,
442127,0000170,3,大分県,オオイタケン,Oita,,,,豊後大野市,ブンゴオオノシ,Bungoono-shi,,,,,,,,,,岩上,イワガミ,,,0,0,0,1,0,0,0,0,1947-04-17,,0,,
442127,0000171,3,大分県,オオイタケン,Oita,,,,豊後大野市,ブンゴオオノシ,Bungoono-shi,,,,,,,,,,岩杉,イワスギ,,,0,0,0,1,0,0,0,0,1947-04-17,,0,,
442127,0000172,3,大分県,オオイタケン,Oita,,,,豊後大野市,ブンゴオオノシ,Bungoono-shi,,,,,,,,,,鬼塚,オニヅカ,,,0,0,0,1,0,0,0,0,1947-04-17,,0,,
442127,0000173,3,大分県,オオイタケン,Oita,,,,豊後大野市,ブンゴオオノシ,Bungoono-shi,,,,,,,,,,久原,クバル,,,0,0,0,1,0,0,0,0,1947-04-17,,0,,
442127,0000174,3,大分県,オオイタケン,Oita,,,,豊後大野市,ブンゴオオノシ,Bungoono-shi,,,,,,,,,,久原下,クバルシタ,,,0,0,0,1,0,0,0,0,1947-04-17,,0,,
442127,0000175,3,大分県,オオイタケン,Oita,,,,豊後大野市,ブンゴオオノシ,Bungoono-shi,,,,,,,,,,久原上,クバルウエ,,,0,0,0,1,0,0,0,0,1947-04-17,,0,,
442127,0000176,3,大分県,オオイタケン,Oita,,,,豊後大野市,ブンゴオオノシ,Bungoono-shi,,,,,,,,,,久知良,クジラ,,,0,0,0,1,0,0,0,0,1947-04-17,,0,,
442127,0000177,3,大分県,オオイタケン,Oita,,,,豊後大野市,ブンゴオオノシ,Bungoono-shi,,,,,,,,,,久知良一区,クジラ１ク,,,0,0,0,1,0,0,0,0,1947-04-17,,0,,
442127,0000178,3,大分県,オオイタケン,Oita,,,,豊後大野市,ブンゴオオノシ,Bungoono-shi,,,,,,,,,,久知良二区,クジラ２ク,,,0,0,0,1,0,0,0,0,1947-04-17,,0,,
442127,0000179,3,大分県,オオイタケン,Oita,,,,豊後大野市,ブンゴオオノシ,Bungoono-shi,,,,,,,,,,久土知,クドチ,,,0,0,0,1,0,0,0,0,1947-04-17,,0,,
442127,0000180,3,大分県,オオイタケン,Oita,,,,豊後大野市,ブンゴオオノシ,Bungoono-shi,,,,,,,,,,久部,キュウブ,,,0,0,0,1,0,0,0,0,1947-04-17,,0,,
442127,0000181,3,大分県,オオイタケン,Oita,,,,豊後大野市,ブンゴオオノシ,Bungoono-shi,,,,,,,,,,宮園,ミヤゾノ,,,0,0,0,1,0,0,0,0,1947-04-17,,0,,
442127,0000182,3,大分県,オオイタケン,Oita,,,,豊後大野市,ブンゴオオノシ,Bungoono-shi,,,,,,,,,,宮原,ミヤバル,,,0,0,0,1,0,0,0,0,1947-04-17,,0,,
442127,0000183,3,大分県,オオイタケン,Oita,,,,豊後大野市,ブンゴオオノシ,Bungoono-shi,,,,,,,,,,宮津留,ミヤヅル,,,0,0,0,1,0,0,0,0,1947-04-17,,0,,
442127,0000184,3,大分県,オオイタケン,Oita,,,,豊後大野市,ブンゴオオノシ,Bungoono-shi,,,,,,,,,,宮迫,ミヤザコ,,,0,0,0,1,0,0,0,0,1947-04-17,,0,,
442127,0000185,3,大分県,オオイタケン,Oita,,,,豊後大野市,ブンゴオオノシ,Bungoono-shi,,,,,,,,,,宮畑,ミヤハタ,,,0,0,0,1,0,0,0,0,1947-04-17,,0,,
442127,0000186,3,大分県,オオイタケン,Oita,,,,豊後大野市,ブンゴオオノシ,Bungoono-shi,,,,,,,,,,宮尾,ミヤオ,,,0,0,0,1,0,0,0,0,1947-04-17,,0,,
442127,0000187,3,大分県,オオイタケン,Oita,,,,豊後大野市,ブンゴオオノシ,Bungoono-shi,,,,,,,,,,宮本,ミヤモト,,,0,0,0,1,0,0,0,0,1947-04-17,,0,,
442127,0000188,3,大分県,オオイタケン,Oita,,,,豊後大野市,ブンゴオオノシ,Bungoono-shi,,,,,,,,,,牛ヶ迫,ウシガサコ,,,0,0,0,1,0,0,0,0,1947-04-17,,0,,
442127,0000189,3,大分県,オオイタケン,Oita,,,,豊後大野市,ブンゴオオノシ,Bungoono-shi,,,,,,,,,,牛頭,ウシガシラ,,,0,0,0,1,0,0,0,0,1947-04-17,,0,,
442127,0000190,3,大分県,オオイタケン,Oita,,,,豊後大野市,ブンゴオオノシ,Bungoono-shi,,,,,,,,,,郷野,ゴウノ,,,0,0,0,1,0,0,0,0,1947-04-17,,0,,
442127,0000191,3,大分県,オオイタケン,Oita,,,,豊後大野市,ブンゴオオノシ,Bungoono-shi,,,,,,,,,,桐木,キリギ,,,0,0,0,1,0,0,0,0,1947-04-17,,0,,
442127,0000192,3,大分県,オオイタケン,Oita,,,,豊後大野市,ブンゴオオノシ,Bungoono-shi,,,,,,,,,,近郷,キンゴウ,,,0,0,0,1,0,0,0,0,1947-04-17,,0,,
442127,0000193,3,大分県,オオイタケン,Oita,,,,豊後大野市,ブンゴオオノシ,Bungoono-shi,,,,,,,,,,近地,チカチ,,,0,0,0,1,0,0,0,0,1947-04-17,,0,,
442127,0000194,3,大分県,オオイタケン,Oita,,,,豊後大野市,ブンゴオオノシ,Bungoono-shi,,,,,,,,,,金田,キンダ,,,0,0,0,1,0,0,0,0,1947-04-17,,0,,
442127,0000195,3,大分県,オオイタケン,Oita,,,,豊後大野市,ブンゴオオノシ,Bungoono-shi,,,,,,,,,,九折,ツヅラ,,,0,0,0,1,0,0,0,0,1947-04-17,,0,,
442127,0000196,3,大分県,オオイタケン,Oita,,,,豊後大野市,ブンゴオオノシ,Bungoono-shi,,,,,,,,,,駒方,コマガタ,,,0,0,0,1,0,0,0,0,1947-04-17,,0,,
442127,0000197,3,大分県,オオイタケン,Oita,,,,豊後大野市,ブンゴオオノシ,Bungoono-shi,,,,,,,,,,窪,クボ,,,0,0,0,1,0,0,0,0,1947-04-17,,0,,
442127,0000198,3,大分県,オオイタケン,Oita,,,,豊後大野市,ブンゴオオノシ,Bungoono-shi,,,,,,,,,,栗の木,クリノキ,,,0,0,0,1,0,0,0,0,1947-04-17,,0,,
442127,0000199,3,大分県,オオイタケン,Oita,,,,豊後大野市,ブンゴオオノシ,Bungoono-shi,,,,,,,,,,栗栖,クリス,,,0,0,0,1,0,0,0,0,1947-04-17,,0,,
442127,0000200,3,大分県,オオイタケン,Oita,,,,豊後大野市,ブンゴオオノシ,Bungoono-shi,,,,,,,,,,栗林,クリバヤシ,,,0,0,0,1,0,0,0,0,1947-04-17,,0,,
442127,0000201,3,大分県,オオイタケン,Oita,,,,豊後大野市,ブンゴオオノシ,Bungoono-shi,,,,,,,,,,桑津留,クワヅル,,,0,0,0,1,0,0,0,0,1947-04-17,,0,,
442127,0000202,3,大分県,オオイタケン,Oita,,,,豊後大野市,ブンゴオオノシ,Bungoono-shi,,,,,,,,,,穴井,アナイ,,,0,0,0,1,0,0,0,0,1947-04-17,,0,,
442127,0000203,3,大分県,オオイタケン,Oita,,,,豊後大野市,ブンゴオオノシ,Bungoono-shi,,,,,,,,,,犬山,イヌヤマ,,,0,0,0,1,0,0,0,0,1947-04-17,,0,,
442127,0000204,3,大分県,オオイタケン,Oita,,,,豊後大野市,ブンゴオオノシ,Bungoono-shi,,,,,,,,,,犬鳴,イヌナキ,,,0,0,0,1,0,0,0,0,1947-04-17,,0,,
442127,0000205,3,大分県,オオイタケン,Oita,,,,豊後大野市,ブンゴオオノシ,Bungoono-shi,,,,,,,,,,見殿,ミドノ,,,0,0,0,1,0,0,0,0,1947-04-17,,0,,
442127,0000206,3,大分県,オオイタケン,Oita,,,,豊後大野市,ブンゴオオノシ,Bungoono-shi,,,,,,,,,,原,ハル,,,0,0,0,1,0,0,0,0,1947-04-17,,0,,
442127,0000207,3,大分県,オオイタケン,Oita,,,,豊後大野市,ブンゴオオノシ,Bungoono-shi,,,,,,,,,,原田,ハラダ,,,0,0,0,1,0,0,0,0,1947-04-17,,0,,
442127,0000208,3,大分県,オオイタケン,Oita,,,,豊後大野市,ブンゴオオノシ,Bungoono-shi,,,,,,,,,,古家,フルエ,,,0,0,0,1,0,0,0,0,1947-04-17,,0,,
442127,0000209,3,大分県,オオイタケン,Oita,,,,豊後大野市,ブンゴオオノシ,Bungoono-shi,,,,,,,,,,古殿,フルトノ,,,0,0,0,1,0,0,0,0,1947-04-17,,0,,
442127,0000210,3,大分県,オオイタケン,Oita,,,,豊後大野市,ブンゴオオノシ,Bungoono-shi,,,,,,,,,,古畑,フルハタ,,,0,0,0,1,0,0,0,0,1947-04-17,,0,,
442127,0000211,3,大分県,オオイタケン,Oita,,,,豊後大野市,ブンゴオオノシ,Bungoono-shi,,,,,,,,,,戸崎,トサキ,,,0,0,0,1,0,0,0,0,1947-04-17,,0,,
442127,0000212,3,大分県,オオイタケン,Oita,,,,豊後大野市,ブンゴオオノシ,Bungoono-shi,,,,,,,,,,戸上,トノウエ,,,0,0,0,1,0,0,0,0,1947-04-17,,0,,
442127,0000213,3,大分県,オオイタケン,Oita,,,,豊後大野市,ブンゴオオノシ,Bungoono-shi,,,,,,,,,,袴田,ハカマダ,,,0,0,0,1,0,0,0,0,1947-04-17,,0,,
442127,0000214,3,大分県,オオイタケン,Oita,,,,豊後大野市,ブンゴオオノシ,Bungoono-shi,,,,,,,,,,五斗栗,ゴトグリ,,,0,0,0,1,0,0,0,0,1947-04-17,,0,,
442127,0000215,3,大分県,オオイタケン,Oita,,,,豊後大野市,ブンゴオオノシ,Bungoono-shi,,,,,,,,,,光昌寺,コウショウジ,,,0,0,0,1,0,0,0,0,1947-04-17,,0,,
442127,0000216,3,大分県,オオイタケン,Oita,,,,豊後大野市,ブンゴオオノシ,Bungoono-shi,,,,,,,,,,向原,ムコウバル,,,0,0,0,1,0,0,0,0,1947-04-17,,0,,
442127,0000217,3,大分県,オオイタケン,Oita,,,,豊後大野市,ブンゴオオノシ,Bungoono-shi,,,,,,,,,,向田住宅,ムコウダジュウタク,,,0,0,0,1,0,0,0,0,1947-04-17,,0,,
442127,0000218,3,大分県,オオイタケン,Oita,,,,豊後大野市,ブンゴオオノシ,Bungoono-shi,,,,,,,,,,広戸,ヒロト,,,0,0,0,1,0,0,0,0,1947-04-17,,0,,
442127,0000219,3,大分県,オオイタケン,Oita,,,,豊後大野市,ブンゴオオノシ,Bungoono-shi,,,,,,,,,,広瀬,ヒロセ,,,0,0,0,1,0,0,0,0,1947-04-17,,0,,
442127,0000220,3,大分県,オオイタケン,Oita,,,,豊後大野市,ブンゴオオノシ,Bungoono-shi,,,,,,,,,,広石,ヒロイシ,,,0,0,0,1,0,0,0,0,1947-04-17,,0,,
442127,0000221,3,大分県,オオイタケン,Oita,,,,豊後大野市,ブンゴオオノシ,Bungoono-shi,,,,,,,,,,荒木,アラコ,,,0,0,0,1,0,0,0,0,1947-04-17,,0,,
442127,0000222,3,大分県,オオイタケン,Oita,,,,豊後大野市,ブンゴオオノシ,Bungoono-shi,,,,,,,,,,高屋,タカヤ,,,0,0,0,1,0,0,0,0,1947-04-17,,0,,
442127,0000223,3,大分県,オオイタケン,Oita,,,,豊後大野市,ブンゴオオノシ,Bungoono-shi,,,,,,,,,,高寺,タカテラ,,,0,0,0,1,0,0,0,0,1947-04-17,,0,,
442127,0000224,3,大分県,オオイタケン,Oita,,,,豊後大野市,ブンゴオオノシ,Bungoono-shi,,,,,,,,,,高松,タカマツ,,,0,0,0,1,0,0,0,0,1947-04-17,,0,,
442127,0000225,3,大分県,オオイタケン,Oita,,,,豊後大野市,ブンゴオオノシ,Bungoono-shi,,,,,,,,,,高城,タカシロ,,,0,0,0,1,0,0,0,0,1947-04-17,,0,,
442127,0000226,3,大分県,オオイタケン,Oita,,,,豊後大野市,ブンゴオオノシ,Bungoono-shi,,,,,,,,,,高津原,コウヅハル,,,0,0,0,1,0,0,0,0,1947-04-17,,0,,
442127,0000227,3,大分県,オオイタケン,Oita,,,,豊後大野市,ブンゴオオノシ,Bungoono-shi,,,,,,,,,,高添,タカゾエ,,,0,0,0,1,0,0,0,0,1947-04-17,,0,,
442127,0000228,3,大分県,オオイタケン,Oita,,,,豊後大野市,ブンゴオオノシ,Bungoono-shi,,,,,,,,,,高畑,タカハタ,,,0,0,0,1,0,0,0,0,1947-04-17,,0,,
442127,0000229,3,大分県,オオイタケン,Oita,,,,豊後大野市,ブンゴオオノシ,Bungoono-shi,,,,,,,,,,高無礼,タカムレ,,,0,0,0,1,0,0,0,0,1947-04-17,,0,,
442127,0000230,3,大分県,オオイタケン,Oita,,,,豊後大野市,ブンゴオオノシ,Bungoono-shi,,,,,,,,,,高野,タカノ,,,0,0,0,1,0,0,0,0,1947-04-17,,0,,
442127,0000231,3,大分県,オオイタケン,Oita,,,,豊後大野市,ブンゴオオノシ,Bungoono-shi,,,,,,,,,,轟,トドロ,,,0,0,0,1,0,0,0,0,1947-04-17,,0,,
442127,0000232,3,大分県,オオイタケン,Oita,,,,豊後大野市,ブンゴオオノシ,Bungoono-shi,,,,,,,,,,黒松西,クロマツニシ,,,0,0,0,1,0,0,0,0,1947-04-17,,0,,
442127,0000233,3,大分県,オオイタケン,Oita,,,,豊後大野市,ブンゴオオノシ,Bungoono-shi,,,,,,,,,,黒松東,クロマツヒガシ,,,0,0,0,1,0,0,0,0,1947-04-17,,0,,
442127,0000234,3,大分県,オオイタケン,Oita,,,,豊後大野市,ブンゴオオノシ,Bungoono-shi,,,,,,,,,,今山,イマヤマ,,,0,0,0,1,0,0,0,0,1947-04-17,,0,,
442127,0000235,3,大分県,オオイタケン,Oita,,,,豊後大野市,ブンゴオオノシ,Bungoono-shi,,,,,,,,,,佐草,サクサ,,,0,0,0,1,0,0,0,0,1947-04-17,,0,,
442127,0000236,3,大分県,オオイタケン,Oita,,,,豊後大野市,ブンゴオオノシ,Bungoono-shi,,,,,,,,,,佐代,サダイ,,,0,0,0,1,0,0,0,0,1947-04-17,,0,,
442127,0000237,3,大分県,オオイタケン,Oita,,,,豊後大野市,ブンゴオオノシ,Bungoono-shi,,,,,,,,,,佐渕,サブチ,,,0,0,0,1,0,0,0,0,1947-04-17,,0,,
442127,0000238,3,大分県,オオイタケン,Oita,,,,豊後大野市,ブンゴオオノシ,Bungoono-shi,,,,,,,,,,左右知,ソウチ,,,0,0,0,1,0,0,0,0,1947-04-17,,0,,
442127,0000239,3,大分県,オオイタケン,Oita,,,,豊後大野市,ブンゴオオノシ,Bungoono-shi,,,,,,,,,,細口,ホソグチ,,,0,0,0,1,0,0,0,0,1947-04-17,,0,,
442127,0000240,3,大分県,オオイタケン,Oita,,,,豊後大野市,ブンゴオオノシ,Bungoono-shi,,,,,,,,,,三口,ミクチ,,,0,0,0,1,0,0,0,0,1947-04-17,,0,,
442127,0000241,3,大分県,オオイタケン,Oita,,,,豊後大野市,ブンゴオオノシ,Bungoono-shi,,,,,,,,,,三重原,ミエバル,,,0,0,0,1,0,0,0,0,1947-04-17,,0,,
442127,0000242,3,大分県,オオイタケン,Oita,,,,豊後大野市,ブンゴオオノシ,Bungoono-shi,,,,,,,,,,三重大原,ミエオオハル,,,0,0,0,1,0,0,0,0,1947-04-17,,0,,
442127,0000243,3,大分県,オオイタケン,Oita,,,,豊後大野市,ブンゴオオノシ,Bungoono-shi,,,,,,,,,,三成,サンナリ,,,0,0,0,1,0,0,0,0,1947-04-17,,0,,
442127,0000244,3,大分県,オオイタケン,Oita,,,,豊後大野市,ブンゴオオノシ,Bungoono-shi,,,,,,,,,,三木,ミツキ,,,0,0,0,1,0,0,0,0,1947-04-17,,0,,
442127,0000245,3,大分県,オオイタケン,Oita,,,,豊後大野市,ブンゴオオノシ,Bungoono-shi,,,,,,,,,,山ノ口,ヤマクチ,,,0,0,0,1,0,0,0,0,1947-04-17,,0,,
442127,0000246,3,大分県,オオイタケン,Oita,,,,豊後大野市,ブンゴオオノシ,Bungoono-shi,,,,,,,,,,山の田,ヤマノタ,,,0,0,0,1,0,0,0,0,1947-04-17,,0,,
442127,0000247,3,大分県,オオイタケン,Oita,,,,豊後大野市,ブンゴオオノシ,Bungoono-shi,,,,,,,,,,山の内,ヤマノウチ,,,0,0,0,1,0,0,0,0,1947-04-17,,0,,
442127,0000248,3,大分県,オオイタケン,Oita,,,,豊後大野市,ブンゴオオノシ,Bungoono-shi,,,,,,,,,,山中,ヤマナカ,,,0,0,0,1,0,0,0,0,1947-04-17,,0,,
442127,0000249,3,大分県,オオイタケン,Oita,,,,豊後大野市,ブンゴオオノシ,Bungoono-shi,,,,,,,,,,山田,ヤマダ,,,0,0,0,1,0,0,0,0,1947-04-17,,0,,
442127,0000250,3,大分県,オオイタケン,Oita,,,,豊後大野市,ブンゴオオノシ,Bungoono-shi,,,,,,,,,,山内,ヤマウチ,,,0,0,0,1,0,0,0,0,1947-04-17,,0,,
442127,0000251,3,大分県,オオイタケン,Oita,,,,豊後大野市,ブンゴオオノシ,Bungoono-shi,,,,,,,,,,山方,ヤマカタ,,,0,0,0,1,0,0,0,0,1947-04-17,,0,,
442127,0000252,3,大分県,オオイタケン,Oita,,,,豊後大野市,ブンゴオオノシ,Bungoono-shi,,,,,,,,,,市原,イチバル,,,0,0,0,1,0,0,0,0,1947-04-17,,0,,
442127,0000253,3,大分県,オオイタケン,Oita,,,,豊後大野市,ブンゴオオノシ,Bungoono-shi,,,,,,,,,,市場一区,イチバ１ク,,,0,0,0,1,0,0,0,0,1947-04-17,,0,,
442127,0000254,3,大分県,オオイタケン,Oita,,,,豊後大野市,ブンゴオオノシ,Bungoono-shi,,,,,,,,,,市場五区,イチバ５ク,,,0,0,0,1,0,0,0,0,1947-04-17,,0,,
442127,0000255,3,大分県,オオイタケン,Oita,,,,豊後大野市,ブンゴオオノシ,Bungoono-shi,,,,,,,,,,市場三区,イチバ３ク,,,0,0,0,1,0,0,0,0,1947-04-17,,0,,
442127,0000256,3,大分県,オオイタケン,Oita,,,,豊後大野市,ブンゴオオノシ,Bungoono-shi,,,,,,,,,,市場四区,イチバ４ク,,,0,0,0,1,0,0,0,0,1947-04-17,,0,,
442127,0000257,3,大分県,オオイタケン,Oita,,,,豊後大野市,ブンゴオオノシ,Bungoono-shi,,,,,,,,,,市場六区,イチバ６ク,,,0,0,0,1,0,0,0,0,1947-04-17,,0,,
442127,0000258,3,大分県,オオイタケン,Oita,,,,豊後大野市,ブンゴオオノシ,Bungoono-shi,,,,,,,,,,師田原,シダハル,,,0,0,0,1,0,0,0,0,1947-04-17,,0,,
442127,0000259,3,大分県,オオイタケン,Oita,,,,豊後大野市,ブンゴオオノシ,Bungoono-shi,,,,,,,,,,志屋,シヤ,,,0,0,0,1,0,0,0,0,1947-04-17,,0,,
442127,0000260,3,大分県,オオイタケン,Oita,,,,豊後大野市,ブンゴオオノシ,Bungoono-shi,,,,,,,,,,志賀迫,シガサコ,,,0,0,0,1,0,0,0,0,1947-04-17,,0,,
442127,0000261,3,大分県,オオイタケン,Oita,,,,豊後大野市,ブンゴオオノシ,Bungoono-shi,,,,,,,,,,志田原,シダワラ,,,0,0,0,1,0,0,0,0,1947-04-17,,0,,
442127,0000262,3,大分県,オオイタケン,Oita,,,,豊後大野市,ブンゴオオノシ,Bungoono-shi,,,,,,,,,,枝石,エダイシ,,,0,0,0,1,0,0,0,0,1947-04-17,,0,,
442127,0000263,3,大分県,オオイタケン,Oita,,,,豊後大野市,ブンゴオオノシ,Bungoono-shi,,,,,,,,,,寺原,テラバル,,,0,0,0,1,0,0,0,0,1947-04-17,,0,,
442127,0000264,3,大分県,オオイタケン,Oita,,,,豊後大野市,ブンゴオオノシ,Bungoono-shi,,,,,,,,,,寺山,テラヤマ,,,0,0,0,1,0,0,0,0,1947-04-17,,0,,
442127,0000265,3,大分県,オオイタケン,Oita,,,,豊後大野市,ブンゴオオノシ,Bungoono-shi,,,,,,,,,,鹿屋,シヤ,,,0,0,0,1,0,0,0,0,1947-04-17,,0,,
442127,0000266,3,大分県,オオイタケン,Oita,,,,豊後大野市,ブンゴオオノシ,Bungoono-shi,,,,,,,,,,鹿毛,シシゲ,,,0,0,0,1,0,0,0,0,1947-04-17,,0,,
442127,0000267,3,大分県,オオイタケン,Oita,,,,豊後大野市,ブンゴオオノシ,Bungoono-shi,,,,,,,,,,室屋,ムロヤ,,,0,0,0,1,0,0,0,0,1947-04-17,,0,,
442127,0000268,3,大分県,オオイタケン,Oita,,,,豊後大野市,ブンゴオオノシ,Bungoono-shi,,,,,,,,,,漆生,ウルシオ,,,0,0,0,1,0,0,0,0,1947-04-17,,0,,
442127,0000269,3,大分県,オオイタケン,Oita,,,,豊後大野市,ブンゴオオノシ,Bungoono-shi,,,,,,,,,,篠原,シノハラ,,,0,0,0,1,0,0,0,0,1947-04-17,,0,,
442127,0000270,3,大分県,オオイタケン,Oita,,,,豊後大野市,ブンゴオオノシ,Bungoono-shi,,,,,,,,,,柴山,シバヤマ,,,0,0,0,1,0,0,0,0,1947-04-17,,0,,
442127,0000271,3,大分県,オオイタケン,Oita,,,,豊後大野市,ブンゴオオノシ,Bungoono-shi,,,,,,,,,,柴北下,シバキタシモ,,,0,0,0,1,0,0,0,0,1947-04-17,,0,,
442127,0000272,3,大分県,オオイタケン,Oita,,,,豊後大野市,ブンゴオオノシ,Bungoono-shi,,,,,,,,,,柴北上,シバキタカミ,,,0,0,0,1,0,0,0,0,1947-04-17,,0,,
442127,0000273,3,大分県,オオイタケン,Oita,,,,豊後大野市,ブンゴオオノシ,Bungoono-shi,,,,,,,,,,芝返,シバガエシ,,,0,0,0,1,0,0,0,0,1947-04-17,,0,,
442127,0000274,3,大分県,オオイタケン,Oita,,,,豊後大野市,ブンゴオオノシ,Bungoono-shi,,,,,,,,,,若宮,ワカミヤ,,,0,0,0,1,0,0,0,0,1947-04-17,,0,,
442127,0000275,3,大分県,オオイタケン,Oita,,,,豊後大野市,ブンゴオオノシ,Bungoono-shi,,,,,,,,,,若山,ワカヤマ,,,0,0,0,1,0,0,0,0,1947-04-17,,0,,
442127,0000276,3,大分県,オオイタケン,Oita,,,,豊後大野市,ブンゴオオノシ,Bungoono-shi,,,,,,,,,,若林,ワカバヤシ,,,0,0,0,1,0,0,0,0,1947-04-17,,0,,
442127,0000277,3,大分県,オオイタケン,Oita,,,,豊後大野市,ブンゴオオノシ,Bungoono-shi,,,,,,,,,,酒井寺西,サカイジニシ,,,0,0,0,1,0,0,0,0,1947-04-17,,0,,
442127,0000278,3,大分県,オオイタケン,Oita,,,,豊後大野市,ブンゴオオノシ,Bungoono-shi,,,,,,,,,,酒井寺東,サカイジヒガシ,,,0,0,0,1,0,0,0,0,1947-04-17,,0,,
442127,0000279,3,大分県,オオイタケン,Oita,,,,豊後大野市,ブンゴオオノシ,Bungoono-shi,,,,,,,,,,宗福,ソウフク,,,0,0,0,1,0,0,0,0,1947-04-17,,0,,
442127,0000280,3,大分県,オオイタケン,Oita,,,,豊後大野市,ブンゴオオノシ,Bungoono-shi,,,,,,,,,,舟木,フナギ,,,0,0,0,1,0,0,0,0,1947-04-17,,0,,
442127,0000281,3,大分県,オオイタケン,Oita,,,,豊後大野市,ブンゴオオノシ,Bungoono-shi,,,,,,,,,,住吉,スミヨシ,,,0,0,0,1,0,0,0,0,1947-04-17,,0,,
442127,0000282,3,大分県,オオイタケン,Oita,,,,豊後大野市,ブンゴオオノシ,Bungoono-shi,,,,,,,,,,十時,トトキ,,,0,0,0,1,0,0,0,0,1947-04-17,,0,,
442127,0000283,3,大分県,オオイタケン,Oita,,,,豊後大野市,ブンゴオオノシ,Bungoono-shi,,,,,,,,,,十矢,トヤ,,,0,0,0,1,0,0,0,0,1947-04-17,,0,,
442127,0000284,3,大分県,オオイタケン,Oita,,,,豊後大野市,ブンゴオオノシ,Bungoono-shi,,,,,,,,,,小園,オゾノ,,,0,0,0,1,0,0,0,0,1947-04-17,,0,,
442127,0000285,3,大分県,オオイタケン,Oita,,,,豊後大野市,ブンゴオオノシ,Bungoono-shi,,,,,,,,,,小久保,コクボ,,,0,0,0,1,0,0,0,0,1947-04-17,,0,,
442127,0000286,3,大分県,オオイタケン,Oita,,,,豊後大野市,ブンゴオオノシ,Bungoono-shi,,,,,,,,,,小原,オハル,,,0,0,0,1,0,0,0,0,1947-04-17,,0,,
442127,0000287,3,大分県,オオイタケン,Oita,,,,豊後大野市,ブンゴオオノシ,Bungoono-shi,,,,,,,,,,小鹿,オシカ,,,0,0,0,1,0,0,0,0,1947-04-17,,0,,
442127,0000288,3,大分県,オオイタケン,Oita,,,,豊後大野市,ブンゴオオノシ,Bungoono-shi,,,,,,,,,,小切畑,コギリハタ,,,0,0,0,1,0,0,0,0,1947-04-17,,0,,
442127,0000289,3,大分県,オオイタケン,Oita,,,,豊後大野市,ブンゴオオノシ,Bungoono-shi,,,,,,,,,,小川野,オガワノ,,,0,0,0,1,0,0,0,0,1947-04-17,,0,,
442127,0000290,3,大分県,オオイタケン,Oita,,,,豊後大野市,ブンゴオオノシ,Bungoono-shi,,,,,,,,,,小倉木,コグラキ,,,0,0,0,1,0,0,0,0,1947-04-17,,0,,
442127,0000291,3,大分県,オオイタケン,Oita,,,,豊後大野市,ブンゴオオノシ,Bungoono-shi,,,,,,,,,,小仲尾,コナカオ,,,0,0,0,1,0,0,0,0,1947-04-17,,0,,
442127,0000292,3,大分県,オオイタケン,Oita,,,,豊後大野市,ブンゴオオノシ,Bungoono-shi,,,,,,,,,,小津留,コヅル,,,0,0,0,1,0,0,0,0,1947-04-17,,0,,
442127,0000293,3,大分県,オオイタケン,Oita,,,,豊後大野市,ブンゴオオノシ,Bungoono-shi,,,,,,,,,,小豆穴,アズキアナ,,,0,0,0,1,0,0,0,0,1947-04-17,,0,,
442127,0000294,3,大分県,オオイタケン,Oita,,,,豊後大野市,ブンゴオオノシ,Bungoono-shi,,,,,,,,,,小迫,オサコ,,,0,0,0,1,0,0,0,0,1947-04-17,,0,,
442127,0000295,3,大分県,オオイタケン,Oita,,,,豊後大野市,ブンゴオオノシ,Bungoono-shi,,,,,,,,,,小畑,オバタ,,,0,0,0,1,0,0,0,0,1947-04-17,,0,,
442127,0000296,3,大分県,オオイタケン,Oita,,,,豊後大野市,ブンゴオオノシ,Bungoono-shi,,,,,,,,,,小福手,コブクテ,,,0,0,0,1,0,0,0,0,1947-04-17,,0,,
442127,0000297,3,大分県,オオイタケン,Oita,,,,豊後大野市,ブンゴオオノシ,Bungoono-shi,,,,,,,,,,小無田,コムタ,,,0,0,0,1,0,0,0,0,1947-04-17,,0,,
442127,0000298,3,大分県,オオイタケン,Oita,,,,豊後大野市,ブンゴオオノシ,Bungoono-shi,,,,,,,,,,小木浦,コギウラ,,,0,0,0,1,0,0,0,0,1947-04-17,,0,,
442127,0000299,3,大分県,オオイタケン,Oita,,,,豊後大野市,ブンゴオオノシ,Bungoono-shi,,,,,,,,,,小門,コカド,,,0,0,0,1,0,0,0,0,1947-04-17,,0,,
442127,0000300,3,大分県,オオイタケン,Oita,,,,豊後大野市,ブンゴオオノシ,Bungoono-shi,,,,,,,,,,小野,オノ,,,0,0,0,1,0,0,0,0,1947-04-17,,0,,
442127,0000301,3,大分県,オオイタケン,Oita,,,,豊後大野市,ブンゴオオノシ,Bungoono-shi,,,,,,,,,,小野崎,オノザキ,,,0,0,0,1,0,0,0,0,1947-04-17,,0,,
442127,0000302,3,大分県,オオイタケン,Oita,,,,豊後大野市,ブンゴオオノシ,Bungoono-shi,,,,,,,,,,庄屋,ショウヤ,,,0,0,0,1,0,0,0,0,1947-04-17,,0,,
442127,0000303,3,大分県,オオイタケン,Oita,,,,豊後大野市,ブンゴオオノシ,Bungoono-shi,,,,,,,,,,松ノ木,マツノキ,,,0,0,0,1,0,0,0,0,1947-04-17,,0,,
442127,0000304,3,大分県,オオイタケン,Oita,,,,豊後大野市,ブンゴオオノシ,Bungoono-shi,,,,,,,,,,松谷,マツタニ,,,0,0,0,1,0,0,0,0,1947-04-17,,0,,
442127,0000305,3,大分県,オオイタケン,Oita,,,,豊後大野市,ブンゴオオノシ,Bungoono-shi,,,,,,,,,,松田,マツダ,,,0,0,0,1,0,0,0,0,1947-04-17,,0,,
442127,0000306,3,大分県,オオイタケン,Oita,,,,豊後大野市,ブンゴオオノシ,Bungoono-shi,,,,,,,,,,松迫,マッサコ,,,0,0,0,1,0,0,0,0,1947-04-17,,0,,
442127,0000307,3,大分県,オオイタケン,Oita,,,,豊後大野市,ブンゴオオノシ,Bungoono-shi,,,,,,,,,,松尾,マツオ,,,0,0,0,1,0,0,0,0,1947-04-17,,0,,
442127,0000308,3,大分県,オオイタケン,Oita,,,,豊後大野市,ブンゴオオノシ,Bungoono-shi,,,,,,,,,,上ノ原,カミノハル,,,0,0,0,1,0,0,0,0,1947-04-17,,0,,
442127,0000309,3,大分県,オオイタケン,Oita,,,,豊後大野市,ブンゴオオノシ,Bungoono-shi,,,,,,,,,,上園,カミゾノ,,,0,0,0,1,0,0,0,0,1947-04-17,,0,,
442127,0000310,3,大分県,オオイタケン,Oita,,,,豊後大野市,ブンゴオオノシ,Bungoono-shi,,,,,,,,,,上栗生,カミクリウ,,,0,0,0,1,0,0,0,0,1947-04-17,,0,,
442127,0000311,3,大分県,オオイタケン,Oita,,,,豊後大野市,ブンゴオオノシ,Bungoono-shi,,,,,,,,,,上犬塚,カミイヌヅカ,,,0,0,0,1,0,0,0,0,1947-04-17,,0,,
442127,0000312,3,大分県,オオイタケン,Oita,,,,豊後大野市,ブンゴオオノシ,Bungoono-shi,,,,,,,,,,上山奥,カミヤマオク,,,0,0,0,1,0,0,0,0,1947-04-17,,0,,
442127,0000313,3,大分県,オオイタケン,Oita,,,,豊後大野市,ブンゴオオノシ,Bungoono-shi,,,,,,,,,,上市,カミイチ,,,0,0,0,1,0,0,0,0,1947-04-17,,0,,
442127,0000314,3,大分県,オオイタケン,Oita,,,,豊後大野市,ブンゴオオノシ,Bungoono-shi,,,,,,,,,,上重,ウエノジュウ,,,0,0,0,1,0,0,0,0,1947-04-17,,0,,
442127,0000315,3,大分県,オオイタケン,Oita,,,,豊後大野市,ブンゴオオノシ,Bungoono-shi,,,,,,,,,,上小坂,カミオサカ,,,0,0,0,1,0,0,0,0,1947-04-17,,0,,
442127,0000316,3,大分県,オオイタケン,Oita,,,,豊後大野市,ブンゴオオノシ,Bungoono-shi,,,,,,,,,,上赤嶺一区,カミアカ１ク,,,0,0,0,1,0,0,0,0,1947-04-17,,0,,
442127,0000317,3,大分県,オオイタケン,Oita,,,,豊後大野市,ブンゴオオノシ,Bungoono-shi,,,,,,,,,,上赤嶺二区,カミアカ２ク,,,0,0,0,1,0,0,0,0,1947-04-17,,0,,
442127,0000318,3,大分県,オオイタケン,Oita,,,,豊後大野市,ブンゴオオノシ,Bungoono-shi,,,,,,,,,,上滞迫,カミタイザコ,,,0,0,0,1,0,0,0,0,1947-04-17,,0,,
442127,0000319,3,大分県,オオイタケン,Oita,,,,豊後大野市,ブンゴオオノシ,Bungoono-shi,,,,,,,,,,上津尾,コウヅオ,,,0,0,0,1,0,0,0,0,1947-04-17,,0,,
442127,0000320,3,大分県,オオイタケン,Oita,,,,豊後大野市,ブンゴオオノシ,Bungoono-shi,,,,,,,,,,上馬背畑,カミマセバタ,,,0,0,0,1,0,0,0,0,1947-04-17,,0,,
442127,0000321,3,大分県,オオイタケン,Oita,,,,豊後大野市,ブンゴオオノシ,Bungoono-shi,,,,,,,,,,上畑,ウワハタ,,,0,0,0,1,0,0,0,0,1947-04-17,,0,,
442127,0000322,3,大分県,オオイタケン,Oita,,,,豊後大野市,ブンゴオオノシ,Bungoono-shi,,,,,,,,,,上鷲谷,カミワシタニ,,,0,0,0,1,0,0,0,0,1947-04-17,,0,,
442127,0000323,3,大分県,オオイタケン,Oita,,,,豊後大野市,ブンゴオオノシ,Bungoono-shi,,,,,,,,,,城山,シロヤマ,,,0,0,0,1,0,0,0,0,1947-04-17,,0,,
442127,0000324,3,大分県,オオイタケン,Oita,,,,豊後大野市,ブンゴオオノシ,Bungoono-shi,,,,,,,,,,尻井,シリイ,,,0,0,0,1,0,0,0,0,1947-04-17,,0,,
442127,0000325,3,大分県,オオイタケン,Oita,,,,豊後大野市,ブンゴオオノシ,Bungoono-shi,,,,,,,,,,新,シン,,,0,0,0,1,0,0,0,0,1947-04-17,,0,,
442127,0000326,3,大分県,オオイタケン,Oita,,,,豊後大野市,ブンゴオオノシ,Bungoono-shi,,,,,,,,,,新殿,ニイドノ,,,0,0,0,1,0,0,0,0,1947-04-17,,0,,
442127,0000327,3,大分県,オオイタケン,Oita,,,,豊後大野市,ブンゴオオノシ,Bungoono-shi,,,,,,,,,,新道,シンドウ,,,0,0,0,1,0,0,0,0,1947-04-17,,0,,
442127,0000328,3,大分県,オオイタケン,Oita,,,,豊後大野市,ブンゴオオノシ,Bungoono-shi,,,,,,,,,,森迫,モリサコ,,,0,0,0,1,0,0,0,0,1947-04-17,,0,,
442127,0000329,3,大分県,オオイタケン,Oita,,,,豊後大野市,ブンゴオオノシ,Bungoono-shi,,,,,,,,,,深田,フカタ,,,0,0,0,1,0,0,0,0,1947-04-17,,0,,
442127,0000330,3,大分県,オオイタケン,Oita,,,,豊後大野市,ブンゴオオノシ,Bungoono-shi,,,,,,,,,,深又,フカマタ,,,0,0,0,1,0,0,0,0,1947-04-17,,0,,
442127,0000331,3,大分県,オオイタケン,Oita,,,,豊後大野市,ブンゴオオノシ,Bungoono-shi,,,,,,,,,,深野,フカノ,,,0,0,0,1,0,0,0,0,1947-04-17,,0,,
442127,0000332,3,大分県,オオイタケン,Oita,,,,豊後大野市,ブンゴオオノシ,Bungoono-shi,,,,,,,,,,真茅,マカヤ,,,0,0,0,1,0,0,0,0,1947-04-17,,0,,
442127,0000333,3,大分県,オオイタケン,Oita,,,,豊後大野市,ブンゴオオノシ,Bungoono-shi,,,,,,,,,,真萱,マカヤ,,,0,0,0,1,0,0,0,0,1947-04-17,,0,,
442127,0000334,3,大分県,オオイタケン,Oita,,,,豊後大野市,ブンゴオオノシ,Bungoono-shi,,,,,,,,,,神ケ辻,ジンガツジ,,,0,0,0,1,0,0,0,0,1947-04-17,,0,,
442127,0000335,3,大分県,オオイタケン,Oita,,,,豊後大野市,ブンゴオオノシ,Bungoono-shi,,,,,,,,,,菅生,スガオ,,,0,0,0,1,0,0,0,0,1947-04-17,,0,,
442127,0000336,3,大分県,オオイタケン,Oita,,,,豊後大野市,ブンゴオオノシ,Bungoono-shi,,,,,,,,,,菅田,スゲタ,,,0,0,0,1,0,0,0,0,1947-04-17,,0,,
442127,0000337,3,大分県,オオイタケン,Oita,,,,豊後大野市,ブンゴオオノシ,Bungoono-shi,,,,,,,,,,瀬口,セグチ,,,0,0,0,1,0,0,0,0,1947-04-17,,0,,
442127,0000338,3,大分県,オオイタケン,Oita,,,,豊後大野市,ブンゴオオノシ,Bungoono-shi,,,,,,,,,,瀬子,セコ,,,0,0,0,1,0,0,0,0,1947-04-17,,0,,
442127,0000339,3,大分県,オオイタケン,Oita,,,,豊後大野市,ブンゴオオノシ,Bungoono-shi,,,,,,,,,,生木,ナマキ,,,0,0,0,1,0,0,0,0,1947-04-17,,0,,
442127,0000340,3,大分県,オオイタケン,Oita,,,,豊後大野市,ブンゴオオノシ,Bungoono-shi,,,,,,,,,,西原,ニシバル,,,0,0,0,1,0,0,0,0,1947-04-17,,0,,
442127,0000341,3,大分県,オオイタケン,Oita,,,,豊後大野市,ブンゴオオノシ,Bungoono-shi,,,,,,,,,,西白寺,サイハクジ,,,0,0,0,1,0,0,0,0,1947-04-17,,0,,
442127,0000342,3,大分県,オオイタケン,Oita,,,,豊後大野市,ブンゴオオノシ,Bungoono-shi,,,,,,,,,,西平,ニシビラ,,,0,0,0,1,0,0,0,0,1947-04-17,,0,,
442127,0000343,3,大分県,オオイタケン,Oita,,,,豊後大野市,ブンゴオオノシ,Bungoono-shi,,,,,,,,,,西蓮寺,サイレンジ,,,0,0,0,1,0,0,0,0,1947-04-17,,0,,
442127,0000344,3,大分県,オオイタケン,Oita,,,,豊後大野市,ブンゴオオノシ,Bungoono-shi,,,,,,,,,,石ヶ原,イシガハル,,,0,0,0,1,0,0,0,0,1947-04-17,,0,,
442127,0000345,3,大分県,オオイタケン,Oita,,,,豊後大野市,ブンゴオオノシ,Bungoono-shi,,,,,,,,,,石井,イシイ,,,0,0,0,1,0,0,0,0,1947-04-17,,0,,
442127,0000346,3,大分県,オオイタケン,Oita,,,,豊後大野市,ブンゴオオノシ,Bungoono-shi,,,,,,,,,,石原,イシバル,,,0,0,0,1,0,0,0,0,1947-04-17,,0,,
442127,0000347,3,大分県,オオイタケン,Oita,,,,豊後大野市,ブンゴオオノシ,Bungoono-shi,,,,,,,,,,赤嶽,アカダケ,,,0,0,0,1,0,0,0,0,1947-04-17,,0,,
442127,0000348,3,大分県,オオイタケン,Oita,,,,豊後大野市,ブンゴオオノシ,Bungoono-shi,,,,,,,,,,千束,センゾク,,,0,0,0,1,0,0,0,0,1947-04-17,,0,,
442127,0000349,3,大分県,オオイタケン,Oita,,,,豊後大野市,ブンゴオオノシ,Bungoono-shi,,,,,,,,,,川南,カワミナミ,,,0,0,0,1,0,0,0,0,1947-04-17,,0,,
442127,0000350,3,大分県,オオイタケン,Oita,,,,豊後大野市,ブンゴオオノシ,Bungoono-shi,,,,,,,,,,川辺,カワベ,,,0,0,0,1,0,0,0,0,1947-04-17,,0,,
442127,0000351,3,大分県,オオイタケン,Oita,,,,豊後大野市,ブンゴオオノシ,Bungoono-shi,,,,,,,,,,川北,カワキタ,,,0,0,0,1,0,0,0,0,1947-04-17,,0,,
442127,0000352,3,大分県,オオイタケン,Oita,,,,豊後大野市,ブンゴオオノシ,Bungoono-shi,,,,,,,,,,泉園,イズミゾノ,,,0,0,0,1,0,0,0,0,1947-04-17,,0,,
442127,0000353,3,大分県,オオイタケン,Oita,,,,豊後大野市,ブンゴオオノシ,Bungoono-shi,,,,,,,,,,泉殿,イズミドノ,,,0,0,0,1,0,0,0,0,1947-04-17,,0,,
442127,0000354,3,大分県,オオイタケン,Oita,,,,豊後大野市,ブンゴオオノシ,Bungoono-shi,,,,,,,,,,浅水,アソウズ,,,0,0,0,1,0,0,0,0,1947-04-17,,0,,
442127,0000355,3,大分県,オオイタケン,Oita,,,,豊後大野市,ブンゴオオノシ,Bungoono-shi,,,,,,,,,,浅草,アサクサ,,,0,0,0,1,0,0,0,0,1947-04-17,,0,,
442127,0000356,3,大分県,オオイタケン,Oita,,,,豊後大野市,ブンゴオオノシ,Bungoono-shi,,,,,,,,,,前内田,マエウチダ,,,0,0,0,1,0,0,0,0,1947-04-17,,0,,
442127,0000357,3,大分県,オオイタケン,Oita,,,,豊後大野市,ブンゴオオノシ,Bungoono-shi,,,,,,,,,,倉園,クラゾノ,,,0,0,0,1,0,0,0,0,1947-04-17,,0,,
442127,0000358,3,大分県,オオイタケン,Oita,,,,豊後大野市,ブンゴオオノシ,Bungoono-shi,,,,,,,,,,倉元,クラモト,,,0,0,0,1,0,0,0,0,1947-04-17,,0,,
442127,0000359,3,大分県,オオイタケン,Oita,,,,豊後大野市,ブンゴオオノシ,Bungoono-shi,,,,,,,,,,倉波,クラナミ,,,0,0,0,1,0,0,0,0,1947-04-17,,0,,
442127,0000360,3,大分県,オオイタケン,Oita,,,,豊後大野市,ブンゴオオノシ,Bungoono-shi,,,,,,,,,,早水,ソウミ,,,0,0,0,1,0,0,0,0,1947-04-17,,0,,
442127,0000361,3,大分県,オオイタケン,Oita,,,,豊後大野市,ブンゴオオノシ,Bungoono-shi,,,,,,,,,,早尾原,ハヨオバル,,,0,0,0,1,0,0,0,0,1947-04-17,,0,,
442127,0000362,3,大分県,オオイタケン,Oita,,,,豊後大野市,ブンゴオオノシ,Bungoono-shi,,,,,,,,,,草深,クサブカ,,,0,0,0,1,0,0,0,0,1947-04-17,,0,,
442127,0000363,3,大分県,オオイタケン,Oita,,,,豊後大野市,ブンゴオオノシ,Bungoono-shi,,,,,,,,,,草深野,クサブカノ,,,0,0,0,1,0,0,0,0,1947-04-17,,0,,
442127,0000364,3,大分県,オオイタケン,Oita,,,,豊後大野市,ブンゴオオノシ,Bungoono-shi,,,,,,,,,,増氏,マシュウジ,,,0,0,0,1,0,0,0,0,1947-04-17,,0,,
442127,0000365,3,大分県,オオイタケン,Oita,,,,豊後大野市,ブンゴオオノシ,Bungoono-shi,,,,,,,,,,蔵内,クラウチ,,,0,0,0,1,0,0,0,0,1947-04-17,,0,,
442127,0000366,3,大分県,オオイタケン,Oita,,,,豊後大野市,ブンゴオオノシ,Bungoono-shi,,,,,,,,,,蔵万寺,ゾウマンジ,,,0,0,0,1,0,0,0,0,1947-04-17,,0,,
442127,0000367,3,大分県,オオイタケン,Oita,,,,豊後大野市,ブンゴオオノシ,Bungoono-shi,,,,,,,,,,代,ダイ,,,0,0,0,1,0,0,0,0,1947-04-17,,0,,
442127,0000368,3,大分県,オオイタケン,Oita,,,,豊後大野市,ブンゴオオノシ,Bungoono-shi,,,,,,,,,,代ノ原,ダイノハル,,,0,0,0,1,0,0,0,0,1947-04-17,,0,,
442127,0000369,3,大分県,オオイタケン,Oita,,,,豊後大野市,ブンゴオオノシ,Bungoono-shi,,,,,,,,,,大恩寺,ダイオンジ,,,0,0,0,1,0,0,0,0,1947-04-17,,0,,
442127,0000370,3,大分県,オオイタケン,Oita,,,,豊後大野市,ブンゴオオノシ,Bungoono-shi,,,,,,,,,,大久保,オオクボ,,,0,0,0,1,0,0,0,0,1947-04-17,,0,,
442127,0000371,3,大分県,オオイタケン,Oita,,,,豊後大野市,ブンゴオオノシ,Bungoono-shi,,,,,,,,,,大西,オオニシ,,,0,0,0,1,0,0,0,0,1947-04-17,,0,,
442127,0000372,3,大分県,オオイタケン,Oita,,,,豊後大野市,ブンゴオオノシ,Bungoono-shi,,,,,,,,,,大村,オオムラ,,,0,0,0,1,0,0,0,0,1947-04-17,,0,,
442127,0000373,3,大分県,オオイタケン,Oita,,,,豊後大野市,ブンゴオオノシ,Bungoono-shi,,,,,,,,,,大鳥,オオトリ,,,0,0,0,1,0,0,0,0,1947-04-17,,0,,
442127,0000374,3,大分県,オオイタケン,Oita,,,,豊後大野市,ブンゴオオノシ,Bungoono-shi,,,,,,,,,,大塚,オオツカ,,,0,0,0,1,0,0,0,0,1947-04-17,,0,,
442127,0000375,3,大分県,オオイタケン,Oita,,,,豊後大野市,ブンゴオオノシ,Bungoono-shi,,,,,,,,,,大坪,オオツボ,,,0,0,0,1,0,0,0,0,1947-04-17,,0,,
442127,0000376,3,大分県,オオイタケン,Oita,,,,豊後大野市,ブンゴオオノシ,Bungoono-shi,,,,,,,,,,大渡,オワタリ,,,0,0,0,1,0,0,0,0,1947-04-17,,0,,
442127,0000377,3,大分県,オオイタケン,Oita,,,,豊後大野市,ブンゴオオノシ,Bungoono-shi,,,,,,,,,,大迫,オオサコ,,,0,0,0,1,0,0,0,0,1947-04-17,,0,,
442127,0000378,3,大分県,オオイタケン,Oita,,,,豊後大野市,ブンゴオオノシ,Bungoono-shi,,,,,,,,,,大無礼,オオムレ,,,0,0,0,1,0,0,0,0,1947-04-17,,0,,
442127,0000379,3,大分県,オオイタケン,Oita,,,,豊後大野市,ブンゴオオノシ,Bungoono-shi,,,,,,,,,,大牟礼,オムレ,,,0,0,0,1,0,0,0,0,1947-04-17,,0,,
442127,0000380,3,大分県,オオイタケン,Oita,,,,豊後大野市,ブンゴオオノシ,Bungoono-shi,,,,,,,,,,大木,オオギ,,,0,0,0,1,0,0,0,0,1947-04-17,,0,,
442127,0000381,3,大分県,オオイタケン,Oita,,,,豊後大野市,ブンゴオオノシ,Bungoono-shi,,,,,,,,,,滝ノ上,タキノウエ,,,0,0,0,1,0,0,0,0,1947-04-17,,0,,
442127,0000382,3,大分県,オオイタケン,Oita,,,,豊後大野市,ブンゴオオノシ,Bungoono-shi,,,,,,,,,,沢田,サワタ,,,0,0,0,1,0,0,0,0,1947-04-17,,0,,
442127,0000383,3,大分県,オオイタケン,Oita,,,,豊後大野市,ブンゴオオノシ,Bungoono-shi,,,,,,,,,,谷,タニ,,,0,0,0,1,0,0,0,0,1947-04-17,,0,,
442127,0000384,3,大分県,オオイタケン,Oita,,,,豊後大野市,ブンゴオオノシ,Bungoono-shi,,,,,,,,,,谷ノ窪,タンノクボ,,,0,0,0,1,0,0,0,0,1947-04-17,,0,,
442127,0000385,3,大分県,オオイタケン,Oita,,,,豊後大野市,ブンゴオオノシ,Bungoono-shi,,,,,,,,,,谷犬山,タニイヌヤマ,,,0,0,0,1,0,0,0,0,1947-04-17,,0,,
442127,0000386,3,大分県,オオイタケン,Oita,,,,豊後大野市,ブンゴオオノシ,Bungoono-shi,,,,,,,,,,谷門,タニカド,,,0,0,0,1,0,0,0,0,1947-04-17,,0,,
442127,0000387,3,大分県,オオイタケン,Oita,,,,豊後大野市,ブンゴオオノシ,Bungoono-shi,,,,,,,,,,炭焼,スミヤキ,,,0,0,0,1,0,0,0,0,1947-04-17,,0,,
442127,0000388,3,大分県,オオイタケン,Oita,,,,豊後大野市,ブンゴオオノシ,Bungoono-shi,,,,,,,,,,池在,イケザイ,,,0,0,0,1,0,0,0,0,1947-04-17,,0,,
442127,0000389,3,大分県,オオイタケン,Oita,,,,豊後大野市,ブンゴオオノシ,Bungoono-shi,,,,,,,,,,茶屋場,チャヤバ,,,0,0,0,1,0,0,0,0,1947-04-17,,0,,
442127,0000390,3,大分県,オオイタケン,Oita,,,,豊後大野市,ブンゴオオノシ,Bungoono-shi,,,,,,,,,,中ノ原,ナカノハル,,,0,0,0,1,0,0,0,0,1947-04-17,,0,,
442127,0000391,3,大分県,オオイタケン,Oita,,,,豊後大野市,ブンゴオオノシ,Bungoono-shi,,,,,,,,,,中角,ナカツノ,,,0,0,0,1,0,0,0,0,1947-04-17,,0,,
442127,0000392,3,大分県,オオイタケン,Oita,,,,豊後大野市,ブンゴオオノシ,Bungoono-shi,,,,,,,,,,中玉田,ナカタマダ,,,0,0,0,1,0,0,0,0,1947-04-17,,0,,
442127,0000393,3,大分県,オオイタケン,Oita,,,,豊後大野市,ブンゴオオノシ,Bungoono-shi,,,,,,,,,,中熊,ナカグマ,,,0,0,0,1,0,0,0,0,1947-04-17,,0,,
442127,0000394,3,大分県,オオイタケン,Oita,,,,豊後大野市,ブンゴオオノシ,Bungoono-shi,,,,,,,,,,中犬塚,ナカイヌヅカ,,,0,0,0,1,0,0,0,0,1947-04-17,,0,,
442127,0000395,3,大分県,オオイタケン,Oita,,,,豊後大野市,ブンゴオオノシ,Bungoono-shi,,,,,,,,,,中原,ナカバル,,,0,0,0,1,0,0,0,0,1947-04-17,,0,,
442127,0000396,3,大分県,オオイタケン,Oita,,,,豊後大野市,ブンゴオオノシ,Bungoono-shi,,,,,,,,,,中山,ナカヤマ,,,0,0,0,1,0,0,0,0,1947-04-17,,0,,
442127,0000397,3,大分県,オオイタケン,Oita,,,,豊後大野市,ブンゴオオノシ,Bungoono-shi,,,,,,,,,,中市,ナカイチ,,,0,0,0,1,0,0,0,0,1947-04-17,,0,,
442127,0000398,3,大分県,オオイタケン,Oita,,,,豊後大野市,ブンゴオオノシ,Bungoono-shi,,,,,,,,,,中小坂,ナカオサカ,,,0,0,0,1,0,0,0,0,1947-04-17,,0,,
442127,0000399,3,大分県,オオイタケン,Oita,,,,豊後大野市,ブンゴオオノシ,Bungoono-shi,,,,,,,,,,中村,ナカムラ,,,0,0,0,1,0,0,0,0,1947-04-17,,0,,
442127,0000400,3,大分県,オオイタケン,Oita,,,,豊後大野市,ブンゴオオノシ,Bungoono-shi,,,,,,,,,,中津無礼,ナカツムレ,,,0,0,0,1,0,0,0,0,1947-04-17,,0,,
442127,0000401,3,大分県,オオイタケン,Oita,,,,豊後大野市,ブンゴオオノシ,Bungoono-shi,,,,,,,,,,中津留,ナカヅル,,,0,0,0,1,0,0,0,0,1947-04-17,,0,,
442127,0000402,3,大分県,オオイタケン,Oita,,,,豊後大野市,ブンゴオオノシ,Bungoono-shi,,,,,,,,,,中土師,ナカハジ,,,0,0,0,1,0,0,0,0,1947-04-17,,0,,
442127,0000403,3,大分県,オオイタケン,Oita,,,,豊後大野市,ブンゴオオノシ,Bungoono-shi,,,,,,,,,,中道,ナカミチ,,,0,0,0,1,0,0,0,0,1947-04-17,,0,,
442127,0000404,3,大分県,オオイタケン,Oita,,,,豊後大野市,ブンゴオオノシ,Bungoono-shi,,,,,,,,,,中馬背畑,ナカマセバタ,,,0,0,0,1,0,0,0,0,1947-04-17,,0,,
442127,0000405,3,大分県,オオイタケン,Oita,,,,豊後大野市,ブンゴオオノシ,Bungoono-shi,,,,,,,,,,中尾,ナカオ,,,0,0,0,1,0,0,0,0,1947-04-17,,0,,
442127,0000406,3,大分県,オオイタケン,Oita,,,,豊後大野市,ブンゴオオノシ,Bungoono-shi,,,,,,,,,,中部,チュウブ,,,0,0,0,1,0,0,0,0,1947-04-17,,0,,
442127,0000407,3,大分県,オオイタケン,Oita,,,,豊後大野市,ブンゴオオノシ,Bungoono-shi,,,,,,,,,,中野,ナカノ,,,0,0,0,1,0,0,0,0,1947-04-17,,0,,
442127,0000408,3,大分県,オオイタケン,Oita,,,,豊後大野市,ブンゴオオノシ,Bungoono-shi,,,,,,,,,,朝倉,アサクラ,,,0,0,0,1,0,0,0,0,1947-04-17,,0,,
442127,0000409,3,大分県,オオイタケン,Oita,,,,豊後大野市,ブンゴオオノシ,Bungoono-shi,,,,,,,,,,朝地,アサジ,,,0,0,0,1,0,0,0,0,1947-04-17,,0,,
442127,0000410,3,大分県,オオイタケン,Oita,,,,豊後大野市,ブンゴオオノシ,Bungoono-shi,,,,,,,,,,朝日ヶ丘,アサヒガオカ,,,0,0,0,1,0,0,0,0,1947-04-17,,0,,
442127,0000411,3,大分県,オオイタケン,Oita,,,,豊後大野市,ブンゴオオノシ,Bungoono-shi,,,,,,,,,,町,マチ,,,0,0,0,1,0,0,0,0,1947-04-17,,0,,
442127,0000412,3,大分県,オオイタケン,Oita,,,,豊後大野市,ブンゴオオノシ,Bungoono-shi,,,,,,,,,,長小野,ナガオノ,,,0,0,0,1,0,0,0,0,1947-04-17,,0,,
442127,0000413,3,大分県,オオイタケン,Oita,,,,豊後大野市,ブンゴオオノシ,Bungoono-shi,,,,,,,,,,長谷,ナガタニ,,,0,0,0,1,0,0,0,0,1947-04-17,,0,,
442127,0000414,3,大分県,オオイタケン,Oita,,,,豊後大野市,ブンゴオオノシ,Bungoono-shi,,,,,,,,,,長迫,チョウザコ,,,0,0,0,1,0,0,0,0,1947-04-17,,0,,
442127,0000415,3,大分県,オオイタケン,Oita,,,,豊後大野市,ブンゴオオノシ,Bungoono-shi,,,,,,,,,,長畑,ナガバタケ,,,0,0,0,1,0,0,0,0,1947-04-17,,0,,
442127,0000416,3,大分県,オオイタケン,Oita,,,,豊後大野市,ブンゴオオノシ,Bungoono-shi,,,,,,,,,,長尾,ナガオ,,,0,0,0,1,0,0,0,0,1947-04-17,,0,,
442127,0000417,3,大分県,オオイタケン,Oita,,,,豊後大野市,ブンゴオオノシ,Bungoono-shi,,,,,,,,,,長尾野,ナガオノ,,,0,0,0,1,0,0,0,0,1947-04-17,,0,,
442127,0000418,3,大分県,オオイタケン,Oita,,,,豊後大野市,ブンゴオオノシ,Bungoono-shi,,,,,,,,,,長峰,ナガミネ,,,0,0,0,1,0,0,0,0,1947-04-17,,0,,
442127,0000419,3,大分県,オオイタケン,Oita,,,,豊後大野市,ブンゴオオノシ,Bungoono-shi,,,,,,,,,,鳥屋,トリヤ,,,0,0,0,1,0,0,0,0,1947-04-17,,0,,
442127,0000420,3,大分県,オオイタケン,Oita,,,,豊後大野市,ブンゴオオノシ,Bungoono-shi,,,,,,,,,,沈墮,チンダ,,,0,0,0,1,0,0,0,0,1947-04-17,,0,,
442127,0000421,3,大分県,オオイタケン,Oita,,,,豊後大野市,ブンゴオオノシ,Bungoono-shi,,,,,,,,,,津留,ツル,,,0,0,0,1,0,0,0,0,1947-04-17,,0,,
442127,0000422,3,大分県,オオイタケン,Oita,,,,豊後大野市,ブンゴオオノシ,Bungoono-shi,,,,,,,,,,通山,トオリヤマ,,,0,0,0,1,0,0,0,0,1947-04-17,,0,,
442127,0000423,3,大分県,オオイタケン,Oita,,,,豊後大野市,ブンゴオオノシ,Bungoono-shi,,,,,,,,,,塚田,ツカダ,,,0,0,0,1,0,0,0,0,1947-04-17,,0,,
442127,0000424,3,大分県,オオイタケン,Oita,,,,豊後大野市,ブンゴオオノシ,Bungoono-shi,,,,,,,,,,辻,ツジ,,,0,0,0,1,0,0,0,0,1947-04-17,,0,,
442127,0000425,3,大分県,オオイタケン,Oita,,,,豊後大野市,ブンゴオオノシ,Bungoono-shi,,,,,,,,,,釣戸,ツリド,,,0,0,0,1,0,0,0,0,1947-04-17,,0,,
442127,0000426,3,大分県,オオイタケン,Oita,,,,豊後大野市,ブンゴオオノシ,Bungoono-shi,,,,,,,,,,鶴ノ原,ツルノハル,,,0,0,0,1,0,0,0,0,1947-04-17,,0,,
442127,0000427,3,大分県,オオイタケン,Oita,,,,豊後大野市,ブンゴオオノシ,Bungoono-shi,,,,,,,,,,鶴ノ口,ツルノクチ,,,0,0,0,1,0,0,0,0,1947-04-17,,0,,
442127,0000428,3,大分県,オオイタケン,Oita,,,,豊後大野市,ブンゴオオノシ,Bungoono-shi,,,,,,,,,,定付,サダツキ,,,0,0,0,1,0,0,0,0,1947-04-17,,0,,
442127,0000429,3,大分県,オオイタケン,Oita,,,,豊後大野市,ブンゴオオノシ,Bungoono-shi,,,,,,,,,,天神,テンジン,,,0,0,0,1,0,0,0,0,1947-04-17,,0,,
442127,0000430,3,大分県,オオイタケン,Oita,,,,豊後大野市,ブンゴオオノシ,Bungoono-shi,,,,,,,,,,殿ヶ迫,トノガサコ,,,0,0,0,1,0,0,0,0,1947-04-17,,0,,
442127,0000431,3,大分県,オオイタケン,Oita,,,,豊後大野市,ブンゴオオノシ,Bungoono-shi,,,,,,,,,,田原園,タハラゾノ,,,0,0,0,1,0,0,0,0,1947-04-17,,0,,
442127,0000432,3,大分県,オオイタケン,Oita,,,,豊後大野市,ブンゴオオノシ,Bungoono-shi,,,,,,,,,,田口,タグチ,,,0,0,0,1,0,0,0,0,1947-04-17,,0,,
442127,0000433,3,大分県,オオイタケン,Oita,,,,豊後大野市,ブンゴオオノシ,Bungoono-shi,,,,,,,,,,田村,タムラ,,,0,0,0,1,0,0,0,0,1947-04-17,,0,,
442127,0000434,3,大分県,オオイタケン,Oita,,,,豊後大野市,ブンゴオオノシ,Bungoono-shi,,,,,,,,,,田町,タマチ,,,0,0,0,1,0,0,0,0,1947-04-17,,0,,
442127,0000435,3,大分県,オオイタケン,Oita,,,,豊後大野市,ブンゴオオノシ,Bungoono-shi,,,,,,,,,,田尾,タオ,,,0,0,0,1,0,0,0,0,1947-04-17,,0,,
442127,0000436,3,大分県,オオイタケン,Oita,,,,豊後大野市,ブンゴオオノシ,Bungoono-shi,,,,,,,,,,田尾崎,タオサキ,,,0,0,0,1,0,0,0,0,1947-04-17,,0,,
442127,0000437,3,大分県,オオイタケン,Oita,,,,豊後大野市,ブンゴオオノシ,Bungoono-shi,,,,,,,,,,田夫時,タブトキ,,,0,0,0,1,0,0,0,0,1947-04-17,,0,,
442127,0000438,3,大分県,オオイタケン,Oita,,,,豊後大野市,ブンゴオオノシ,Bungoono-shi,,,,,,,,,,田附,タズク,,,0,0,0,1,0,0,0,0,1947-04-17,,0,,
442127,0000439,3,大分県,オオイタケン,Oita,,,,豊後大野市,ブンゴオオノシ,Bungoono-shi,,,,,,,,,,田良原,タラワラ,,,0,0,0,1,0,0,0,0,1947-04-17,,0,,
442127,0000440,3,大分県,オオイタケン,Oita,,,,豊後大野市,ブンゴオオノシ,Bungoono-shi,,,,,,,,,,吐合,ハケアイ,,,0,0,0,1,0,0,0,0,1947-04-17,,0,,
442127,0000441,3,大分県,オオイタケン,Oita,,,,豊後大野市,ブンゴオオノシ,Bungoono-shi,,,,,,,,,,渡無瀬,トナセ,,,0,0,0,1,0,0,0,0,1947-04-17,,0,,
442127,0000442,3,大分県,オオイタケン,Oita,,,,豊後大野市,ブンゴオオノシ,Bungoono-shi,,,,,,,,,,渡来,ワタライ,,,0,0,0,1,0,0,0,0,1947-04-17,,0,,
442127,0000443,3,大分県,オオイタケン,Oita,,,,豊後大野市,ブンゴオオノシ,Bungoono-shi,,,,,,,,,,土岩,ツチイワ,,,0,0,0,1,0,0,0,0,1947-04-17,,0,,
442127,0000444,3,大分県,オオイタケン,Oita,,,,豊後大野市,ブンゴオオノシ,Bungoono-shi,,,,,,,,,,土祝,ツチイワイ,,,0,0,0,1,0,0,0,0,1947-04-17,,0,,
442127,0000445,3,大分県,オオイタケン,Oita,,,,豊後大野市,ブンゴオオノシ,Bungoono-shi,,,,,,,,,,土入,ツチバミ,,,0,0,0,1,0,0,0,0,1947-04-17,,0,,
442127,0000446,3,大分県,オオイタケン,Oita,,,,豊後大野市,ブンゴオオノシ,Bungoono-shi,,,,,,,,,,東,ヒガシ,,,0,0,0,1,0,0,0,0,1947-04-17,,0,,
442127,0000447,3,大分県,オオイタケン,Oita,,,,豊後大野市,ブンゴオオノシ,Bungoono-shi,,,,,,,,,,東営団地,トウエイダンチ,,,0,0,0,1,0,0,0,0,1947-04-17,,0,,
442127,0000448,3,大分県,オオイタケン,Oita,,,,豊後大野市,ブンゴオオノシ,Bungoono-shi,,,,,,,,,,湯之迫,ユノサコ,,,0,0,0,1,0,0,0,0,1947-04-17,,0,,
442127,0000449,3,大分県,オオイタケン,Oita,,,,豊後大野市,ブンゴオオノシ,Bungoono-shi,,,,,,,,,,藤北,フジキタ,,,0,0,0,1,0,0,0,0,1947-04-17,,0,,
442127,0000450,3,大分県,オオイタケン,Oita,,,,豊後大野市,ブンゴオオノシ,Bungoono-shi,,,,,,,,,,藤浪,フジナミ,,,0,0,0,1,0,0,0,0,1947-04-17,,0,,
442127,0000451,3,大分県,オオイタケン,Oita,,,,豊後大野市,ブンゴオオノシ,Bungoono-shi,,,,,,,,,,堂ノ内,ドウノウチ,,,0,0,0,1,0,0,0,0,1947-04-17,,0,,
442127,0000452,3,大分県,オオイタケン,Oita,,,,豊後大野市,ブンゴオオノシ,Bungoono-shi,,,,,,,,,,徳ノ原,トクノハル,,,0,0,0,1,0,0,0,0,1947-04-17,,0,,
442127,0000453,3,大分県,オオイタケン,Oita,,,,豊後大野市,ブンゴオオノシ,Bungoono-shi,,,,,,,,,,徳田,トクダ,,,0,0,0,1,0,0,0,0,1947-04-17,,0,,
442127,0000454,3,大分県,オオイタケン,Oita,,,,豊後大野市,ブンゴオオノシ,Bungoono-shi,,,,,,,,,,徳尾,トクオ,,,0,0,0,1,0,0,0,0,1947-04-17,,0,,
442127,0000455,3,大分県,オオイタケン,Oita,,,,豊後大野市,ブンゴオオノシ,Bungoono-shi,,,,,,,,,,徳部,トクベ,,,0,0,0,1,0,0,0,0,1947-04-17,,0,,
442127,0000456,3,大分県,オオイタケン,Oita,,,,豊後大野市,ブンゴオオノシ,Bungoono-shi,,,,,,,,,,内河,ウチガワ,,,0,0,0,1,0,0,0,0,1947-04-17,,0,,
442127,0000457,3,大分県,オオイタケン,Oita,,,,豊後大野市,ブンゴオオノシ,Bungoono-shi,,,,,,,,,,内山,ウチヤマ,,,0,0,0,1,0,0,0,0,1947-04-17,,0,,
442127,0000458,3,大分県,オオイタケン,Oita,,,,豊後大野市,ブンゴオオノシ,Bungoono-shi,,,,,,,,,,内田,ウチダ,,,0,0,0,1,0,0,0,0,1947-04-17,,0,,
442127,0000459,3,大分県,オオイタケン,Oita,,,,豊後大野市,ブンゴオオノシ,Bungoono-shi,,,,,,,,,,内平,ウチビラ,,,0,0,0,1,0,0,0,0,1947-04-17,,0,,
442127,0000460,3,大分県,オオイタケン,Oita,,,,豊後大野市,ブンゴオオノシ,Bungoono-shi,,,,,,,,,,鍋倉,ナベクラ,,,0,0,0,1,0,0,0,0,1947-04-17,,0,,
442127,0000461,3,大分県,オオイタケン,Oita,,,,豊後大野市,ブンゴオオノシ,Bungoono-shi,,,,,,,,,,南,ミナミ,,,0,0,0,1,0,0,0,0,1947-04-17,,0,,
442127,0000462,3,大分県,オオイタケン,Oita,,,,豊後大野市,ブンゴオオノシ,Bungoono-shi,,,,,,,,,,日向久保,ヒユウガクボ,,,0,0,0,1,0,0,0,0,1947-04-17,,0,,
442127,0000463,3,大分県,オオイタケン,Oita,,,,豊後大野市,ブンゴオオノシ,Bungoono-shi,,,,,,,,,,入北,イリキタ,,,0,0,0,1,0,0,0,0,1947-04-17,,0,,
442127,0000464,3,大分県,オオイタケン,Oita,,,,豊後大野市,ブンゴオオノシ,Bungoono-shi,,,,,,,,,,年野,トシノ,,,0,0,0,1,0,0,0,0,1947-04-17,,0,,
442127,0000465,3,大分県,オオイタケン,Oita,,,,豊後大野市,ブンゴオオノシ,Bungoono-shi,,,,,,,,,,馬場,ババ,,,0,0,0,1,0,0,0,0,1947-04-17,,0,,
442127,0000466,3,大分県,オオイタケン,Oita,,,,豊後大野市,ブンゴオオノシ,Bungoono-shi,,,,,,,,,,梅木,ウメギ,,,0,0,0,1,0,0,0,0,1947-04-17,,0,,
442127,0000467,3,大分県,オオイタケン,Oita,,,,豊後大野市,ブンゴオオノシ,Bungoono-shi,,,,,,,,,,柏野,カシワノ,,,0,0,0,1,0,0,0,0,1947-04-17,,0,,
442127,0000468,3,大分県,オオイタケン,Oita,,,,豊後大野市,ブンゴオオノシ,Bungoono-shi,,,,,,,,,,白石,シロイシ,,,0,0,0,1,0,0,0,0,1947-04-17,,0,,
442127,0000469,3,大分県,オオイタケン,Oita,,,,豊後大野市,ブンゴオオノシ,Bungoono-shi,,,,,,,,,,白谷,シロタニ,,,0,0,0,1,0,0,0,0,1947-04-17,,0,,
442127,0000470,3,大分県,オオイタケン,Oita,,,,豊後大野市,ブンゴオオノシ,Bungoono-shi,,,,,,,,,,迫辺,サコウベ,,,0,0,0,1,0,0,0,0,1947-04-17,,0,,
442127,0000471,3,大分県,オオイタケン,Oita,,,,豊後大野市,ブンゴオオノシ,Bungoono-shi,,,,,,,,,,畑ヶ川,ハタケガワ,,,0,0,0,1,0,0,0,0,1947-04-17,,0,,
442127,0000472,3,大分県,オオイタケン,Oita,,,,豊後大野市,ブンゴオオノシ,Bungoono-shi,,,,,,,,,,八屋,ハチヤ,,,0,0,0,1,0,0,0,0,1947-04-17,,0,,
442127,0000473,3,大分県,オオイタケン,Oita,,,,豊後大野市,ブンゴオオノシ,Bungoono-shi,,,,,,,,,,八原,ハチバル,,,0,0,0,1,0,0,0,0,1947-04-17,,0,,
442127,0000474,3,大分県,オオイタケン,Oita,,,,豊後大野市,ブンゴオオノシ,Bungoono-shi,,,,,,,,,,八坂津留,ヤサカツル,,,0,0,0,1,0,0,0,0,1947-04-17,,0,,
442127,0000475,3,大分県,オオイタケン,Oita,,,,豊後大野市,ブンゴオオノシ,Bungoono-shi,,,,,,,,,,鉢屋,ハチヤ,,,0,0,0,1,0,0,0,0,1947-04-17,,0,,
442127,0000476,3,大分県,オオイタケン,Oita,,,,豊後大野市,ブンゴオオノシ,Bungoono-shi,,,,,,,,,,斑瀬,マダラゼ,,,0,0,0,1,0,0,0,0,1947-04-17,,0,,
442127,0000477,3,大分県,オオイタケン,Oita,,,,豊後大野市,ブンゴオオノシ,Bungoono-shi,,,,,,,,,,板屋,イタヤ,,,0,0,0,1,0,0,0,0,1947-04-17,,0,,
442127,0000478,3,大分県,オオイタケン,Oita,,,,豊後大野市,ブンゴオオノシ,Bungoono-shi,,,,,,,,,,飛尾,トビノ,,,0,0,0,1,0,0,0,0,1947-04-17,,0,,
442127,0000479,3,大分県,オオイタケン,Oita,,,,豊後大野市,ブンゴオオノシ,Bungoono-shi,,,,,,,,,,樋の口,ヒノクチ,,,0,0,0,3,0,6A0B_*_*,0,0,1947-04-17,,0,,
442127,0000480,3,大分県,オオイタケン,Oita,,,,豊後大野市,ブンゴオオノシ,Bungoono-shi,,,,,,,,,,樋口,ヒノクチ,,,0,0,0,1,0,0,0,0,1947-04-17,,0,,
442127,0000481,3,大分県,オオイタケン,Oita,,,,豊後大野市,ブンゴオオノシ,Bungoono-shi,,,,,,,,,,尾崎,オサキ,,,0,0,0,1,0,0,0,0,1947-04-17,,0,,
442127,0000482,3,大分県,オオイタケン,Oita,,,,豊後大野市,ブンゴオオノシ,Bungoono-shi,,,,,,,,,,尾首,オクビ,,,0,0,0,1,0,0,0,0,1947-04-17,,0,,
442127,0000483,3,大分県,オオイタケン,Oita,,,,豊後大野市,ブンゴオオノシ,Bungoono-shi,,,,,,,,,,尾森,オモリ,,,0,0,0,1,0,0,0,0,1947-04-17,,0,,
442127,0000484,3,大分県,オオイタケン,Oita,,,,豊後大野市,ブンゴオオノシ,Bungoono-shi,,,,,,,,,,尾迫,オサコ,,,0,0,0,1,0,0,0,0,1947-04-17,,0,,
442127,0000485,3,大分県,オオイタケン,Oita,,,,豊後大野市,ブンゴオオノシ,Bungoono-shi,,,,,,,,,,尾平,オビラ,,,0,0,0,1,0,0,0,0,1947-04-17,,0,,
442127,0000486,3,大分県,オオイタケン,Oita,,,,豊後大野市,ブンゴオオノシ,Bungoono-shi,,,,,,,,,,尾峰,オミネ,,,0,0,0,1,0,0,0,0,1947-04-17,,0,,
442127,0000487,3,大分県,オオイタケン,Oita,,,,豊後大野市,ブンゴオオノシ,Bungoono-shi,,,,,,,,,,百枝,モモエダ,,,0,0,0,1,0,0,0,0,1947-04-17,,0,,
442127,0000488,3,大分県,オオイタケン,Oita,,,,豊後大野市,ブンゴオオノシ,Bungoono-shi,,,,,,,,,,府手,フデ,,,0,0,0,1,0,0,0,0,1947-04-17,,0,,
442127,0000489,3,大分県,オオイタケン,Oita,,,,豊後大野市,ブンゴオオノシ,Bungoono-shi,,,,,,,,,,普光寺,フコウジ,,,0,0,0,1,0,0,0,0,1947-04-17,,0,,
442127,0000490,3,大分県,オオイタケン,Oita,,,,豊後大野市,ブンゴオオノシ,Bungoono-shi,,,,,,,,,,伏野,フセノ,,,0,0,0,1,0,0,0,0,1947-04-17,,0,,
442127,0000491,3,大分県,オオイタケン,Oita,,,,豊後大野市,ブンゴオオノシ,Bungoono-shi,,,,,,,,,,福河内,フクコウチ,,,0,0,0,1,0,0,0,0,1947-04-17,,0,,
442127,0000492,3,大分県,オオイタケン,Oita,,,,豊後大野市,ブンゴオオノシ,Bungoono-shi,,,,,,,,,,福地,フクチ,,,0,0,0,1,0,0,0,0,1947-04-17,,0,,
442127,0000493,3,大分県,オオイタケン,Oita,,,,豊後大野市,ブンゴオオノシ,Bungoono-shi,,,,,,,,,,平井,ヒライ,,,0,0,0,1,0,0,0,0,1947-04-17,,0,,
442127,0000494,3,大分県,オオイタケン,Oita,,,,豊後大野市,ブンゴオオノシ,Bungoono-shi,,,,,,,,,,平岡,ヒラオカ,,,0,0,0,1,0,0,0,0,1947-04-17,,0,,
442127,0000495,3,大分県,オオイタケン,Oita,,,,豊後大野市,ブンゴオオノシ,Bungoono-shi,,,,,,,,,,平原,ヒラバル,,,0,0,0,1,0,0,0,0,1947-04-17,,0,,
442127,0000496,3,大分県,オオイタケン,Oita,,,,豊後大野市,ブンゴオオノシ,Bungoono-shi,,,,,,,,,,平治畑,ベジバタ,,,0,0,0,1,0,0,0,0,1947-04-17,,0,,
442127,0000497,3,大分県,オオイタケン,Oita,,,,豊後大野市,ブンゴオオノシ,Bungoono-shi,,,,,,,,,,米山,コメヤマ,,,0,0,0,1,0,0,0,0,1947-04-17,,0,,
442127,0000498,3,大分県,オオイタケン,Oita,,,,豊後大野市,ブンゴオオノシ,Bungoono-shi,,,,,,,,,,片内,カタウチ,,,0,0,0,1,0,0,0,0,1947-04-17,,0,,
442127,0000499,3,大分県,オオイタケン,Oita,,,,豊後大野市,ブンゴオオノシ,Bungoono-shi,,,,,,,,,,宝川内,ホウガチ,,,0,0,0,1,0,0,0,0,1947-04-17,,0,,
442127,0000500,3,大分県,オオイタケン,Oita,,,,豊後大野市,ブンゴオオノシ,Bungoono-shi,,,,,,,,,,法泉庵,ホウセンアン,,,0,0,0,1,0,0,0,0,1947-04-17,,0,,
442127,0000501,3,大分県,オオイタケン,Oita,,,,豊後大野市,ブンゴオオノシ,Bungoono-shi,,,,,,,,,,北,キタ,,,0,0,0,1,0,0,0,0,1947-04-17,,0,,
442127,0000502,3,大分県,オオイタケン,Oita,,,,豊後大野市,ブンゴオオノシ,Bungoono-shi,,,,,,,,,,北園,キタゾノ,,,0,0,0,1,0,0,0,0,1947-04-17,,0,,
442127,0000503,3,大分県,オオイタケン,Oita,,,,豊後大野市,ブンゴオオノシ,Bungoono-shi,,,,,,,,,,北平,キタビラ,,,0,0,0,1,0,0,0,0,1947-04-17,,0,,
442127,0000504,3,大分県,オオイタケン,Oita,,,,豊後大野市,ブンゴオオノシ,Bungoono-shi,,,,,,,,,,牧,マキ,,,0,0,0,1,0,0,0,0,1947-04-17,,0,,
442127,0000505,3,大分県,オオイタケン,Oita,,,,豊後大野市,ブンゴオオノシ,Bungoono-shi,,,,,,,,,,牧原,マキバル,,,0,0,0,1,0,0,0,0,1947-04-17,,0,,
442127,0000506,3,大分県,オオイタケン,Oita,,,,豊後大野市,ブンゴオオノシ,Bungoono-shi,,,,,,,,,,牧原西,マキバルニシ,,,0,0,0,1,0,0,0,0,1947-04-17,,0,,
442127,0000507,3,大分県,オオイタケン,Oita,,,,豊後大野市,ブンゴオオノシ,Bungoono-shi,,,,,,,,,,牧原東,マキバルヒガシ,,,0,0,0,1,0,0,0,0,1947-04-17,,0,,
442127,0000508,3,大分県,オオイタケン,Oita,,,,豊後大野市,ブンゴオオノシ,Bungoono-shi,,,,,,,,,,堀家,ホリケ,,,0,0,0,1,0,0,0,0,1947-04-17,,0,,
442127,0000509,3,大分県,オオイタケン,Oita,,,,豊後大野市,ブンゴオオノシ,Bungoono-shi,,,,,,,,,,本村,ホンムラ,,,0,0,0,1,0,0,0,0,1947-04-17,,0,,
442127,0000510,3,大分県,オオイタケン,Oita,,,,豊後大野市,ブンゴオオノシ,Bungoono-shi,,,,,,,,,,本谷,ホンダニ,,,0,0,0,1,0,0,0,0,1947-04-17,,0,,
442127,0000511,3,大分県,オオイタケン,Oita,,,,豊後大野市,ブンゴオオノシ,Bungoono-shi,,,,,,,,,,又井,マタイ,,,0,0,0,1,0,0,0,0,1947-04-17,,0,,
442127,0000512,3,大分県,オオイタケン,Oita,,,,豊後大野市,ブンゴオオノシ,Bungoono-shi,,,,,,,,,,妙勝庵,ミヨウショウアン,,,0,0,0,1,0,0,0,0,1947-04-17,,0,,
442127,0000513,3,大分県,オオイタケン,Oita,,,,豊後大野市,ブンゴオオノシ,Bungoono-shi,,,,,,,,,,牟礼,ムレ,,,0,0,0,1,0,0,0,0,1947-04-17,,0,,
442127,0000514,3,大分県,オオイタケン,Oita,,,,豊後大野市,ブンゴオオノシ,Bungoono-shi,,,,,,,,,,椋ノ木,ムクノキ,,,0,0,0,1,0,0,0,0,1947-04-17,,0,,
442127,0000515,3,大分県,オオイタケン,Oita,,,,豊後大野市,ブンゴオオノシ,Bungoono-shi,,,,,,,,,,名本,ナモト,,,0,0,0,1,0,0,0,0,1947-04-17,,0,,
442127,0000516,3,大分県,オオイタケン,Oita,,,,豊後大野市,ブンゴオオノシ,Bungoono-shi,,,,,,,,,,名免利,ナメリ,,,0,0,0,1,0,0,0,0,1947-04-17,,0,,
442127,0000517,3,大分県,オオイタケン,Oita,,,,豊後大野市,ブンゴオオノシ,Bungoono-shi,,,,,,,,,,綿田,ワタダ,,,0,0,0,1,0,0,0,0,1947-04-17,,0,,
442127,0000518,3,大分県,オオイタケン,Oita,,,,豊後大野市,ブンゴオオノシ,Bungoono-shi,,,,,,,,,,木浦内,キュウラウチ,,,0,0,0,1,0,0,0,0,1947-04-17,,0,,
442127,0000519,3,大分県,オオイタケン,Oita,,,,豊後大野市,ブンゴオオノシ,Bungoono-shi,,,,,,,,,,木浦畑,キウラバタ,,,0,0,0,1,0,0,0,0,1947-04-17,,0,,
442127,0000520,3,大分県,オオイタケン,Oita,,,,豊後大野市,ブンゴオオノシ,Bungoono-shi,,,,,,,,,,木原,コハラ,,,0,0,0,1,0,0,0,0,1947-04-17,,0,,
442127,0000521,3,大分県,オオイタケン,Oita,,,,豊後大野市,ブンゴオオノシ,Bungoono-shi,,,,,,,,,,木南切,キナギリ,,,0,0,0,1,0,0,0,0,1947-04-17,,0,,
442127,0000522,3,大分県,オオイタケン,Oita,,,,豊後大野市,ブンゴオオノシ,Bungoono-shi,,,,,,,,,,野尻,ノジリ,,,0,0,0,1,0,0,0,0,1947-04-17,,0,,
442127,0000523,3,大分県,オオイタケン,Oita,,,,豊後大野市,ブンゴオオノシ,Bungoono-shi,,,,,,,,,,野中,ノナカ,,,0,0,0,1,0,0,0,0,1947-04-17,,0,,
442127,0000524,3,大分県,オオイタケン,Oita,,,,豊後大野市,ブンゴオオノシ,Bungoono-shi,,,,,,,,,,野仲,ノナカ,,,0,0,0,1,0,0,0,0,1947-04-17,,0,,
442127,0000525,3,大分県,オオイタケン,Oita,,,,豊後大野市,ブンゴオオノシ,Bungoono-shi,,,,,,,,,,矢田,ヤダ,,,0,0,0,1,0,0,0,0,1947-04-17,,0,,
442127,0000526,3,大分県,オオイタケン,Oita,,,,豊後大野市,ブンゴオオノシ,Bungoono-shi,,,,,,,,,,役ヶ迫,ヤッカサコ,,,0,0,0,1,0,0,0,0,1947-04-17,,0,,
442127,0000527,3,大分県,オオイタケン,Oita,,,,豊後大野市,ブンゴオオノシ,Bungoono-shi,,,,,,,,,,柚ノ木,ユウノキ,,,0,0,0,1,0,0,0,0,1947-04-17,,0,,
442127,0000528,3,大分県,オオイタケン,Oita,,,,豊後大野市,ブンゴオオノシ,Bungoono-shi,,,,,,,,,,柚木,ユウノキ,,,0,0,0,1,0,0,0,0,1947-04-17,,0,,
442127,0000529,3,大分県,オオイタケン,Oita,,,,豊後大野市,ブンゴオオノシ,Bungoono-shi,,,,,,,,,,用作,ユウジャク,,,0,0,0,1,0,0,0,0,1947-04-17,,0,,
442127,0000530,3,大分県,オオイタケン,Oita,,,,豊後大野市,ブンゴオオノシ,Bungoono-shi,,,,,,,,,,落合,オチアイ,,,0,0,0,1,0,0,0,0,1947-04-17,,0,,
442127,0000531,3,大分県,オオイタケン,Oita,,,,豊後大野市,ブンゴオオノシ,Bungoono-shi,,,,,,,,,,梨原,ナシハラ,,,0,0,0,1,0,0,0,0,1947-04-17,,0,,
442127,0000532,3,大分県,オオイタケン,Oita,,,,豊後大野市,ブンゴオオノシ,Bungoono-shi,,,,,,,,,,立迫,タッサコ,,,0,0,0,1,0,0,0,0,1947-04-17,,0,,
442127,0000533,3,大分県,オオイタケン,Oita,,,,豊後大野市,ブンゴオオノシ,Bungoono-shi,,,,,,,,,,竜千寺,リュウセンジ,,,0,0,0,1,0,0,0,0,1947-04-17,,0,,
442127,0000534,3,大分県,オオイタケン,Oita,,,,豊後大野市,ブンゴオオノシ,Bungoono-shi,,,,,,,,,,和田,ワダ,,,0,0,0,1,0,0,0,0,1947-04-17,,0,,
442127,0000535,3,大分県,オオイタケン,Oita,,,,豊後大野市,ブンゴオオノシ,Bungoono-shi,,,,,,,,,,朷迫,オウコサコ,,,0,0,0,1,0,0,0,0,1947-04-17,,0,,
442127,0000536,3,大分県,オオイタケン,Oita,,,,豊後大野市,ブンゴオオノシ,Bungoono-shi,,,,,,,,,,眞光院,シンコウイン,,,0,0,0,1,0,0,0,0,1947-04-17,,0,,
442127,0000537,3,大分県,オオイタケン,Oita,,,,豊後大野市,ブンゴオオノシ,Bungoono-shi,,,,,,,,,,眞竹,マタケ,,,0,0,0,1,0,0,0,0,1947-04-17,,0,,
442127,0001000,1,大分県,オオイタケン,Oita,,,,豊後大野市,ブンゴオオノシ,Bungoono-shi,,,,朝地町朝地,アサジマチアサジ,Asajimachi Asaji,,,,,,,,0,0,0,0,0,0,1,1,1947-04-17,,0,8796222,
442127,0002000,1,大分県,オオイタケン,Oita,,,,豊後大野市,ブンゴオオノシ,Bungoono-shi,,,,朝地町池田,アサジマチイケダ,Asajimachi Ikeda,,,,,,,,0,0,0,0,0,0,1,1,1947-04-17,,0,8796224,
442127,0003000,1,大分県,オオイタケン,Oita,,,,豊後大野市,ブンゴオオノシ,Bungoono-shi,,,,朝地町板井迫,アサジマチイタイザコ,Asajimachi Itaizako,,,,,,,,0,0,0,0,0,0,1,1,1947-04-17,,0,8796223,
442127,0004000,1,大分県,オオイタケン,Oita,,,,豊後大野市,ブンゴオオノシ,Bungoono-shi,,,,朝地町市万田,アサジマチイチマンダ,Asajimachi Ichimanda,,,,,,,,0,0,0,0,0,0,1,1,1947-04-17,,0,8796201,
442127,0005000,1,大分県,オオイタケン,Oita,,,,豊後大野市,ブンゴオオノシ,Bungoono-shi,,,,朝地町上尾塚,アサジマチカミオツカ,Asajimachi Kamiotsuka,,,,,,,,0,0,0,0,0,0,1,1,1947-04-17,,0,8796213,
442127,0006000,1,大分県,オオイタケン,Oita,,,,豊後大野市,ブンゴオオノシ,Bungoono-shi,,,,朝地町栗林,アサジマチクリバヤシ,Asajimachi Kuribayashi,,,,,,,,0,0,0,0,0,0,1,1,1947-04-17,,0,8796333,
442127,0007000,1,大分県,オオイタケン,Oita,,,,豊後大野市,ブンゴオオノシ,Bungoono-shi,,,,朝地町志賀,アサジマチシガ,Asajimachi Shiga,,,,,,,,0,0,0,0,0,0,1,1,1947-04-17,,0,8796212,
442127,0008000,1,大分県,オオイタケン,Oita,,,,豊後大野市,ブンゴオオノシ,Bungoono-shi,,,,朝地町下野,アサジマチシモノ,Asajimachi Shimono,,,,,,,,0,0,0,0,0,0,1,1,1947-04-17,,0,8796202,
442127,0009000,1,大分県,オオイタケン,Oita,,,,豊後大野市,ブンゴオオノシ,Bungoono-shi,,,,朝地町坪泉,アサジマチツボイズミ,Asajimachi Tsuboizumi,,,,,,,,0,0,0,0,0,0,1,1,1947-04-17,,0,8796221,
442127,0010000,1,大分県,オオイタケン,Oita,,,,豊後大野市,ブンゴオオノシ,Bungoono-shi,,,,朝地町鳥田,アサジマチトリタ,Asajimachi Torita,,,,,,,,0,0,0,0,0,0,1,1,1947-04-17,,0,8796331,
442127,0011000,1,大分県,オオイタケン,Oita,,,,豊後大野市,ブンゴオオノシ,Bungoono-shi,,,,朝地町梨小,アサジマチナシコ,Asajimachi Nashiko,,,,,,,,0,0,0,0,0,0,1,1,1947-04-17,,0,8796334,
442127,0012000,1,大分県,オオイタケン,Oita,,,,豊後大野市,ブンゴオオノシ,Bungoono-shi,,,,朝地町宮生,アサジマチミヤオ,Asajimachi Miyao,,,,,,,,0,0,0,0,0,0,1,1,1947-04-17,,0,8796211,
442127,0013000,1,大分県,オオイタケン,Oita,,,,豊後大野市,ブンゴオオノシ,Bungoono-shi,,,,朝地町綿田,アサジマチワタダ,Asajimachi Watada,,,,,,,,0,0,0,0,0,0,1,1,1947-04-17,,0,8796332,
442127,0014000,1,大分県,オオイタケン,Oita,,,,豊後大野市,ブンゴオオノシ,Bungoono-shi,,,,犬飼町犬飼,イヌカイマチイヌカイ,Inukaimachi Inukai,,,,,,,,0,0,0,0,0,0,1,1,1947-04-17,,0,8797301,
442127,0015000,1,大分県,オオイタケン,Oita,,,,豊後大野市,ブンゴオオノシ,Bungoono-shi,,,,犬飼町大寒,イヌカイマチオオソウ,Inukaimachi Oso,,,,,,,,0,0,0,0,0,0,1,1,1947-04-17,,0,8797304,
442127,0016000,1,大分県,オオイタケン,Oita,,,,豊後大野市,ブンゴオオノシ,Bungoono-shi,,,,犬飼町久原,イヌカイマチクバル,Inukaimachi Kubaru,,,,,,,,0,0,0,0,0,0,1,1,1947-04-17,,0,8797302,
442127,0017000,1,大分県,オオイタケン,Oita,,,,豊後大野市,ブンゴオオノシ,Bungoono-shi,,,,犬飼町栗ケ畑,イヌカイマチクリガハタ,Inukaimachi Kurigahata,,,,,,,,0,0,0,0,0,0,1,1,1947-04-17,,0,8797314,
442127,0018000,1,大分県,オオイタケン,Oita,,,,豊後大野市,ブンゴオオノシ,Bungoono-shi,,,,犬飼町黒松,イヌカイマチクロマツ,Inukaimachi Kuromatsu,,,,,,,,0,0,0,0,0,0,1,1,1947-04-17,,0,8797313,
442127,0019000,1,大分県,オオイタケン,Oita,,,,豊後大野市,ブンゴオオノシ,Bungoono-shi,,,,犬飼町高津原,イヌカイマチコウヅハル,Inukaimachi Kozuharu,,,,,,,,0,0,0,0,0,0,1,1,1947-04-17,,0,8797312,
442127,0020000,1,大分県,オオイタケン,Oita,,,,豊後大野市,ブンゴオオノシ,Bungoono-shi,,,,犬飼町西寒田,イヌカイマチササムタ,Inukaimachi Sasamuta,,,,,,,,0,0,0,0,0,0,1,1,1947-04-17,,0,8797307,
442127,0021000,1,大分県,オオイタケン,Oita,,,,豊後大野市,ブンゴオオノシ,Bungoono-shi,,,,犬飼町柴北,イヌカイマチシバキタ,Inukaimachi Shibakita,,,,,,,,0,0,0,0,0,0,1,1,1947-04-17,,0,8797311,
442127,0022000,1,大分県,オオイタケン,Oita,,,,豊後大野市,ブンゴオオノシ,Bungoono-shi,,,,犬飼町下津尾,イヌカイマチシモツオ,Inukaimachi Shimotsuo,,,,,,,,0,0,0,0,0,0,1,1,1947-04-17,,0,8797306,
442127,0023000,1,大分県,オオイタケン,Oita,,,,豊後大野市,ブンゴオオノシ,Bungoono-shi,,,,犬飼町田原,イヌカイマチタハラ,Inukaimachi Tahara,,,,,,,,0,0,0,0,0,0,1,1,1947-04-17,,0,8797305,
442127,0024000,1,大分県,オオイタケン,Oita,,,,豊後大野市,ブンゴオオノシ,Bungoono-shi,,,,犬飼町長畑,イヌカイマチナガハタ,Inukaimachi Nagahata,,,,,,,,0,0,0,0,0,0,1,1,1947-04-17,,0,8797316,
442127,0025000,1,大分県,オオイタケン,Oita,,,,豊後大野市,ブンゴオオノシ,Bungoono-shi,,,,犬飼町山内,イヌカイマチヤマウチ,Inukaimachi Yamauchi,,,,,,,,0,0,0,0,0,0,1,1,1947-04-17,,0,8797315,
442127,0026000,1,大分県,オオイタケン,Oita,,,,豊後大野市,ブンゴオオノシ,Bungoono-shi,,,,犬飼町柚野木,イヌカイマチユノキ,Inukaimachi Yunoki,,,,,,,,0,0,0,0,0,0,1,1,1947-04-17,,0,8797303,
442127,0027000,1,大分県,オオイタケン,Oita,,,,豊後大野市,ブンゴオオノシ,Bungoono-shi,,,,大野町安藤,オオノマチアンドウ,Onomachi Ando,,,,,,,,0,0,0,0,0,0,1,1,1947-04-17,,0,8796401,
442127,0028000,1,大分県,オオイタケン,Oita,,,,豊後大野市,ブンゴオオノシ,Bungoono-shi,,,,大野町後田,オオノマチウシロダ,Onomachi Ushiroda,,,,,,,,0,0,0,0,0,0,1,1,1947-04-17,,0,8796404,
442127,0029000,1,大分県,オオイタケン,Oita,,,,豊後大野市,ブンゴオオノシ,Bungoono-shi,,,,大野町大原,オオノマチオオハル,Onomachi Oharu,,,,,,,,0,0,0,0,0,0,1,1,1947-04-17,,0,8796433,
442127,0030000,1,大分県,オオイタケン,Oita,,,,豊後大野市,ブンゴオオノシ,Bungoono-shi,,,,大野町片島,オオノマチカタシマ,Onomachi Katashima,,,,,,,,0,0,0,0,0,0,1,1,1947-04-17,,0,8796445,
442127,0031000,1,大分県,オオイタケン,Oita,,,,豊後大野市,ブンゴオオノシ,Bungoono-shi,,,,大野町北園,オオノマチキタゾノ,Onomachi Kitazono,,,,,,,,0,0,0,0,0,0,1,1,1947-04-17,,0,8796435,
442127,0032000,1,大分県,オオイタケン,Oita,,,,豊後大野市,ブンゴオオノシ,Bungoono-shi,,,,大野町桑原,オオノマチクワバル,Onomachi Kuwabaru,,,,,,,,0,0,0,0,0,0,1,1,1947-04-17,,0,8796434,
442127,0033000,1,大分県,オオイタケン,Oita,,,,豊後大野市,ブンゴオオノシ,Bungoono-shi,,,,大野町郡山,オオノマチコオリヤマ,Onomachi Koriyama,,,,,,,,0,0,0,0,0,0,1,1,1947-04-17,,0,8796426,
442127,0034000,1,大分県,オオイタケン,Oita,,,,豊後大野市,ブンゴオオノシ,Bungoono-shi,,,,大野町小倉木,オオノマチコグラキ,Onomachi Koguraki,,,,,,,,0,0,0,0,0,0,1,1,1947-04-17,,0,8796422,
442127,0035000,1,大分県,オオイタケン,Oita,,,,豊後大野市,ブンゴオオノシ,Bungoono-shi,,,,大野町酒井寺,オオノマチサカイジ,Onomachi Sakaiji,,,,,,,,0,0,0,0,0,0,1,1,1947-04-17,,0,8796431,
442127,0036000,1,大分県,オオイタケン,Oita,,,,豊後大野市,ブンゴオオノシ,Bungoono-shi,,,,大野町澤田,オオノマチサワタ,Onomachi Sawata,,,,,,,,0,0,0,0,0,0,1,1,1947-04-17,,0,8796408,
442127,0037000,1,大分県,オオイタケン,Oita,,,,豊後大野市,ブンゴオオノシ,Bungoono-shi,,,,大野町杉園,オオノマチスギゾノ,Onomachi Sugizono,,,,,,,,0,0,0,0,0,0,1,1,1947-04-17,,0,8796406,
442127,0038000,1,大分県,オオイタケン,Oita,,,,豊後大野市,ブンゴオオノシ,Bungoono-shi,,,,大野町代三五,オオノマチダイサンゴ,Onomachi Daisango,,,,,,,,0,0,0,0,0,0,1,1,1947-04-17,,0,8796405,
442127,0039000,1,大分県,オオイタケン,Oita,,,,豊後大野市,ブンゴオオノシ,Bungoono-shi,,,,大野町田代,オオノマチタシロ,Onomachi Tashiro,,,,,,,,0,0,0,0,0,0,1,1,1947-04-17,,0,8796444,
442127,0040000,1,大分県,オオイタケン,Oita,,,,豊後大野市,ブンゴオオノシ,Bungoono-shi,,,,大野町田中,オオノマチタナカ,Onomachi Tanaka,,,,,,,,0,0,0,0,0,0,1,1,1947-04-17,,0,8796441,
442127,0041000,1,大分県,オオイタケン,Oita,,,,豊後大野市,ブンゴオオノシ,Bungoono-shi,,,,大野町十時,オオノマチトトキ,Onomachi Totoki,,,,,,,,0,0,0,0,0,0,1,1,1947-04-17,,0,8796407,
442127,0042000,1,大分県,オオイタケン,Oita,,,,豊後大野市,ブンゴオオノシ,Bungoono-shi,,,,大野町中土師,オオノマチナカハジ,Onomachi Nakahaji,,,,,,,,0,0,0,0,0,0,1,1,1947-04-17,,0,8796402,
442127,0043000,1,大分県,オオイタケン,Oita,,,,豊後大野市,ブンゴオオノシ,Bungoono-shi,,,,大野町長畑,オオノマチナガハタ,Onomachi Nagahata,,,,,,,,0,0,0,0,0,0,1,1,1947-04-17,,0,8796403,
442127,0044000,1,大分県,オオイタケン,Oita,,,,豊後大野市,ブンゴオオノシ,Bungoono-shi,,,,大野町中原,オオノマチナカバル,Onomachi Nakabaru,,,,,,,,0,0,0,0,0,0,1,1,1947-04-17,,0,8796421,
442127,0045000,1,大分県,オオイタケン,Oita,,,,豊後大野市,ブンゴオオノシ,Bungoono-shi,,,,大野町夏足,オオノマチナタセ,Onomachi Natase,,,,,,,,0,0,0,0,0,0,1,1,1947-04-17,,0,8796424,
442127,0046000,1,大分県,オオイタケン,Oita,,,,豊後大野市,ブンゴオオノシ,Bungoono-shi,,,,大野町藤北,オオノマチフジキタ,Onomachi Fujikita,,,,,,,,0,0,0,0,0,0,1,1,1947-04-17,,0,8796442,
442127,0047000,1,大分県,オオイタケン,Oita,,,,豊後大野市,ブンゴオオノシ,Bungoono-shi,,,,大野町宮迫,オオノマチミヤザコ,Onomachi Miyazako,,,,,,,,0,0,0,0,0,0,1,1,1947-04-17,,0,8796443,
442127,0048000,1,大分県,オオイタケン,Oita,,,,豊後大野市,ブンゴオオノシ,Bungoono-shi,,,,大野町矢田,オオノマチヤダ,Onomachi Yada,,,,,,,,0,0,0,0,0,0,1,1,1947-04-17,,0,8796423,
442127,0049000,1,大分県,オオイタケン,Oita,,,,豊後大野市,ブンゴオオノシ,Bungoono-shi,,,,大野町屋原,オオノマチヤバル,Onomachi Yabaru,,,,,,,,0,0,0,0,0,0,1,1,1947-04-17,,0,8796432,
442127,0050000,1,大分県,オオイタケン,Oita,,,,豊後大野市,ブンゴオオノシ,Bungoono-shi,,,,大野町両家,オオノマチリョウケ,Onomachi Ryoke,,,,,,,,0,0,0,0,0,0,1,1,1947-04-17,,0,8796425,
442127,0051000,1,大分県,オオイタケン,Oita,,,,豊後大野市,ブンゴオオノシ,Bungoono-shi,,,,緒方町井上,オガタマチイノウエ,Ogatamachi Inoe,,,,,,,,0,0,0,0,0,0,1,1,1947-04-17,,0,8796613,
442127,0052000,1,大分県,オオイタケン,Oita,,,,豊後大野市,ブンゴオオノシ,Bungoono-shi,,,,緒方町上畑,オガタマチウワハタ,Ogatamachi Uwahata,,,,,,,,0,0,0,0,0,0,1,1,1947-04-17,,0,8796864,
442127,0053000,1,大分県,オオイタケン,Oita,,,,豊後大野市,ブンゴオオノシ,Bungoono-shi,,,,緒方町小宛,オガタマチオアテ,Ogatamachi Oate,,,,,,,,0,0,0,0,0,0,1,1,1947-04-17,,0,8796633,
442127,0054000,1,大分県,オオイタケン,Oita,,,,豊後大野市,ブンゴオオノシ,Bungoono-shi,,,,緒方町大石,オガタマチオオイシ,Ogatamachi Oishi,,,,,,,,0,0,0,0,0,0,1,1,1947-04-17,,0,8796759,
442127,0055000,1,大分県,オオイタケン,Oita,,,,豊後大野市,ブンゴオオノシ,Bungoono-shi,,,,緒方町小原,オガタマチオハル,Ogatamachi Oharu,,,,,,,,0,0,0,0,0,0,1,1,1947-04-17,,0,8796861,
442127,0056000,1,大分県,オオイタケン,Oita,,,,豊後大野市,ブンゴオオノシ,Bungoono-shi,,,,緒方町尾平鉱山,オガタマチオビラコウザン,Ogatamachi Obirakozan,,,,,,,,0,0,0,0,0,0,1,1,1947-04-17,,0,8796865,
442127,0057000,1,大分県,オオイタケン,Oita,,,,豊後大野市,ブンゴオオノシ,Bungoono-shi,,,,緒方町上自在,オガタマチカミジザイ,Ogatamachi Kamijizai,,,,,,,,0,0,0,0,0,0,1,1,1947-04-17,,0,8796642,
442127,0058000,1,大分県,オオイタケン,Oita,,,,豊後大野市,ブンゴオオノシ,Bungoono-shi,,,,緒方町上年野,オガタマチカミトシノ,Ogatamachi Kamitoshino,,,,,,,,0,0,0,0,0,0,1,1,1947-04-17,,0,8796751,
442127,0059000,1,大分県,オオイタケン,Oita,,,,豊後大野市,ブンゴオオノシ,Bungoono-shi,,,,緒方町上冬原,オガタマチカミフユバル,Ogatamachi Kamifuyubaru,,,,,,,,0,0,0,0,0,0,1,1,1947-04-17,,0,8796755,
442127,0060000,1,大分県,オオイタケン,Oita,,,,豊後大野市,ブンゴオオノシ,Bungoono-shi,,,,緒方町木野,オガタマチキノ,Ogatamachi Kino,,,,,,,,0,0,0,0,0,0,1,1,1947-04-17,,0,8796757,
442127,0061000,1,大分県,オオイタケン,Oita,,,,豊後大野市,ブンゴオオノシ,Bungoono-shi,,,,緒方町草深野,オガタマチクサブカノ,Ogatamachi Kusabukano,,,,,,,,0,0,0,0,0,0,1,1,1947-04-17,,0,8796641,
442127,0062000,1,大分県,オオイタケン,Oita,,,,豊後大野市,ブンゴオオノシ,Bungoono-shi,,,,緒方町久土知,オガタマチクドチ,Ogatamachi Kudochi,,,,,,,,0,0,0,0,0,0,1,1,1947-04-17,,0,8796616,
442127,0063000,1,大分県,オオイタケン,Oita,,,,豊後大野市,ブンゴオオノシ,Bungoono-shi,,,,緒方町栗生,オガタマチクリュウ,Ogatamachi Kuriu,,,,,,,,0,0,0,0,0,0,1,1,1947-04-17,,0,8796862,
442127,0064000,1,大分県,オオイタケン,Oita,,,,豊後大野市,ブンゴオオノシ,Bungoono-shi,,,,緒方町越生,オガタマチコショウ,Ogatamachi Koshio,,,,,,,,0,0,0,0,0,0,1,1,1947-04-17,,0,8796612,
442127,0065000,1,大分県,オオイタケン,Oita,,,,豊後大野市,ブンゴオオノシ,Bungoono-shi,,,,緒方町志賀,オガタマチシガ,Ogatamachi Shiga,,,,,,,,0,0,0,0,0,0,1,1,1947-04-17,,0,8796602,
442127,0066000,1,大分県,オオイタケン,Oita,,,,豊後大野市,ブンゴオオノシ,Bungoono-shi,,,,緒方町軸丸,オガタマチジクマル,Ogatamachi Jikumaru,,,,,,,,0,0,0,0,0,0,1,1,1947-04-17,,0,8796635,
442127,0067000,1,大分県,オオイタケン,Oita,,,,豊後大野市,ブンゴオオノシ,Bungoono-shi,,,,緒方町下自在,オガタマチシモジザイ,Ogatamachi Shimojizai,,,,,,,,0,0,0,0,0,0,1,1,1947-04-17,,0,8796643,
442127,0068000,1,大分県,オオイタケン,Oita,,,,豊後大野市,ブンゴオオノシ,Bungoono-shi,,,,緒方町下徳田,オガタマチシモトクダ,Ogatamachi Shimotokuda,,,,,,,,0,0,0,0,0,0,1,1,1947-04-17,,0,8796753,
442127,0069000,1,大分県,オオイタケン,Oita,,,,豊後大野市,ブンゴオオノシ,Bungoono-shi,,,,緒方町大化,オガタマチタイカ,Ogatamachi Taika,,,,,,,,0,0,0,0,0,0,1,1,1947-04-17,,0,8796626,
442127,0070000,1,大分県,オオイタケン,Oita,,,,豊後大野市,ブンゴオオノシ,Bungoono-shi,,,,緒方町滞迫,オガタマチタイザコ,Ogatamachi Taizako,,,,,,,,0,0,0,0,0,0,1,1,1947-04-17,,0,8796863,
442127,0071000,1,大分県,オオイタケン,Oita,,,,豊後大野市,ブンゴオオノシ,Bungoono-shi,,,,緒方町知田,オガタマチチタ,Ogatamachi Chita,,,,,,,,0,0,0,0,0,0,1,1,1947-04-17,,0,8796614,
442127,0072000,1,大分県,オオイタケン,Oita,,,,豊後大野市,ブンゴオオノシ,Bungoono-shi,,,,緒方町辻,オガタマチツジ,Ogatamachi Tsuji,,,,,,,,0,0,0,0,0,0,1,1,1947-04-17,,0,8796632,
442127,0073000,1,大分県,オオイタケン,Oita,,,,豊後大野市,ブンゴオオノシ,Bungoono-shi,,,,緒方町寺原,オガタマチテラバル,Ogatamachi Terabaru,,,,,,,,0,0,0,0,0,0,1,1,1947-04-17,,0,8796634,
442127,0074000,1,大分県,オオイタケン,Oita,,,,豊後大野市,ブンゴオオノシ,Bungoono-shi,,,,緒方町天神,オガタマチテンジン,Ogatamachi Tenjin,,,,,,,,0,0,0,0,0,0,1,1,1947-04-17,,0,8796622,
442127,0075000,1,大分県,オオイタケン,Oita,,,,豊後大野市,ブンゴオオノシ,Bungoono-shi,,,,緒方町徳田,オガタマチトクダ,Ogatamachi Tokuda,,,,,,,,0,0,0,0,0,0,1,1,1947-04-17,,0,8796756,
442127,0076000,1,大分県,オオイタケン,Oita,,,,豊後大野市,ブンゴオオノシ,Bungoono-shi,,,,緒方町中野,オガタマチナカノ,Ogatamachi Nakano,,,,,,,,0,0,0,0,0,0,1,1,1947-04-17,,0,8796758,
442127,0077000,1,大分県,オオイタケン,Oita,,,,豊後大野市,ブンゴオオノシ,Bungoono-shi,,,,緒方町夏足,オガタマチナタセ,Ogatamachi Natase,,,,,,,,0,0,0,0,0,0,1,1,1947-04-17,,0,8796611,
442127,0078000,1,大分県,オオイタケン,Oita,,,,豊後大野市,ブンゴオオノシ,Bungoono-shi,,,,緒方町野尻,オガタマチノジリ,Ogatamachi Nojiri,,,,,,,,0,0,0,0,0,0,1,1,1947-04-17,,0,8796621,
442127,0079000,1,大分県,オオイタケン,Oita,,,,豊後大野市,ブンゴオオノシ,Bungoono-shi,,,,緒方町馬場,オガタマチババ,Ogatamachi Baba,,,,,,,,0,0,0,0,0,0,1,1,1947-04-17,,0,8796601,
442127,0080000,1,大分県,オオイタケン,Oita,,,,豊後大野市,ブンゴオオノシ,Bungoono-shi,,,,緒方町原尻,オガタマチハラジリ,Ogatamachi Harajiri,,,,,,,,0,0,0,0,0,0,1,1,1947-04-17,,0,8796631,
442127,0081000,1,大分県,オオイタケン,Oita,,,,豊後大野市,ブンゴオオノシ,Bungoono-shi,,,,緒方町平石,オガタマチヒライシ,Ogatamachi Hiraishi,,,,,,,,0,0,0,0,0,0,1,1,1947-04-17,,0,8796624,
442127,0082000,1,大分県,オオイタケン,Oita,,,,豊後大野市,ブンゴオオノシ,Bungoono-shi,,,,緒方町鮒川,オガタマチフナガワ,Ogatamachi Funagawa,,,,,,,,0,0,0,0,0,0,1,1,1947-04-17,,0,8796615,
442127,0083000,1,大分県,オオイタケン,Oita,,,,豊後大野市,ブンゴオオノシ,Bungoono-shi,,,,緒方町冬原,オガタマチフユバル,Ogatamachi Fuyubaru,,,,,,,,0,0,0,0,0,0,1,1,1947-04-17,,0,8796754,
442127,0084000,1,大分県,オオイタケン,Oita,,,,豊後大野市,ブンゴオオノシ,Bungoono-shi,,,,緒方町馬背畑,オガタマチマセバタ,Ogatamachi Masebata,,,,,,,,0,0,0,0,0,0,1,1,1947-04-17,,0,8796623,
442127,0085000,1,大分県,オオイタケン,Oita,,,,豊後大野市,ブンゴオオノシ,Bungoono-shi,,,,緒方町柚木,オガタマチユギ,Ogatamachi Yugi,,,,,,,,0,0,0,0,0,0,1,1,1947-04-17,,0,8796752,
442127,0086000,1,大分県,オオイタケン,Oita,,,,豊後大野市,ブンゴオオノシ,Bungoono-shi,,,,清川町雨堤,キヨカワマチアマヅツミ,Kiyokawamachi Amazutsumi,,,,,,,,0,0,0,0,0,0,1,1,1947-04-17,,0,8796902,
442127,0087000,1,大分県,オオイタケン,Oita,,,,豊後大野市,ブンゴオオノシ,Bungoono-shi,,,,清川町臼尾,キヨカワマチウスオ,Kiyokawamachi Usuo,,,,,,,,0,0,0,0,0,0,1,1,1947-04-17,,0,8796901,
442127,0088000,1,大分県,オオイタケン,Oita,,,,豊後大野市,ブンゴオオノシ,Bungoono-shi,,,,清川町宇田枝,キヨカワマチウタエダ,Kiyokawamachi Utaeda,,,,,,,,0,0,0,0,0,0,1,1,1947-04-17,,0,8796911,
442127,0089000,1,大分県,オオイタケン,Oita,,,,豊後大野市,ブンゴオオノシ,Bungoono-shi,,,,清川町大白谷,キヨカワマチオオシロタニ,Kiyokawamachi Oshirotani,,,,,,,,0,0,0,0,0,0,1,1,1947-04-17,,0,8796922,
442127,0090000,1,大分県,オオイタケン,Oita,,,,豊後大野市,ブンゴオオノシ,Bungoono-shi,,,,清川町砂田,キヨカワマチスナダ,Kiyokawamachi Sunada,,,,,,,,0,0,0,0,0,0,1,1,1947-04-17,,0,8796903,
442127,0091000,1,大分県,オオイタケン,Oita,,,,豊後大野市,ブンゴオオノシ,Bungoono-shi,,,,清川町左右知,キヨカワマチソウチ,Kiyokawamachi Sochi,,,,,,,,0,0,0,0,0,0,1,1,1947-04-17,,0,8796914,
442127,0092000,1,大分県,オオイタケン,Oita,,,,豊後大野市,ブンゴオオノシ,Bungoono-shi,,,,清川町天神,キヨカワマチテンジン,Kiyokawamachi Tenjin,,,,,,,,0,0,0,0,0,0,1,1,1947-04-17,,0,8796904,
442127,0093000,1,大分県,オオイタケン,Oita,,,,豊後大野市,ブンゴオオノシ,Bungoono-shi,,,,清川町平石,キヨカワマチヒライシ,Kiyokawamachi Hiraishi,,,,,,,,0,0,0,0,0,0,1,1,1947-04-17,,0,8796913,
442127,0094000,1,大分県,オオイタケン,Oita,,,,豊後大野市,ブンゴオオノシ,Bungoono-shi,,,,清川町伏野,キヨカワマチフセノ,Kiyokawamachi Fuseno,,,,,,,,0,0,0,0,0,0,1,1,1947-04-17,,0,8796921,
442127,0095000,1,大分県,オオイタケン,Oita,,,,豊後大野市,ブンゴオオノシ,Bungoono-shi,,,,清川町三玉,キヨカワマチミタマ,Kiyokawamachi Mitama,,,,,,,,0,0,0,0,0,0,1,1,1947-04-17,,0,8796905,
442127,0096000,1,大分県,オオイタケン,Oita,,,,豊後大野市,ブンゴオオノシ,Bungoono-shi,,,,清川町六種,キヨカワマチムクサ,Kiyokawamachi Mukusa,,,,,,,,0,0,0,0,0,0,1,1,1947-04-17,,0,8796912,
442127,0097000,1,大分県,オオイタケン,Oita,,,,豊後大野市,ブンゴオオノシ,Bungoono-shi,,,,千歳町石田,チトセマチイシダ,Chitosemachi Ishida,,,,,,,,0,0,0,0,0,0,1,1,1947-04-17,,0,8797403,
442127,0098000,1,大分県,オオイタケン,Oita,,,,豊後大野市,ブンゴオオノシ,Bungoono-shi,,,,千歳町柴山,チトセマチシバヤマ,Chitosemachi Shibayama,,,,,,,,0,0,0,0,0,0,1,1,1947-04-17,,0,8797411,
442127,0099000,1,大分県,オオイタケン,Oita,,,,豊後大野市,ブンゴオオノシ,Bungoono-shi,,,,千歳町下山,チトセマチシモヤマ,Chitosemachi Shimoyama,,,,,,,,0,0,0,0,0,0,1,1,1947-04-17,,0,8797413,
442127,0100000,1,大分県,オオイタケン,Oita,,,,豊後大野市,ブンゴオオノシ,Bungoono-shi,,,,千歳町高畑,チトセマチタカハタ,Chitosemachi Takahata,,,,,,,,0,0,0,0,0,0,1,1,1947-04-17,,0,8797412,
442127,0101000,1,大分県,オオイタケン,Oita,,,,豊後大野市,ブンゴオオノシ,Bungoono-shi,,,,千歳町長峰,チトセマチナガミネ,Chitosemachi Nagamine,,,,,,,,0,0,0,0,0,0,1,1,1947-04-17,,0,8797404,
442127,0102000,1,大分県,オオイタケン,Oita,,,,豊後大野市,ブンゴオオノシ,Bungoono-shi,,,,千歳町新殿,チトセマチニイドノ,Chitosemachi Niidono,,,,,,,,0,0,0,0,0,0,1,1,1947-04-17,,0,8797401,
442127,0103000,1,大分県,オオイタケン,Oita,,,,豊後大野市,ブンゴオオノシ,Bungoono-shi,,,,千歳町船田,チトセマチフナダ,Chitosemachi Funada,,,,,,,,0,0,0,0,0,0,1,1,1947-04-17,,0,8797402,
442127,0104000,1,大分県,オオイタケン,Oita,,,,豊後大野市,ブンゴオオノシ,Bungoono-shi,,,,千歳町前田,チトセマチマエダ,Chitosemachi Maeda,,,,,,,,0,0,0,0,0,0,1,1,1947-04-17,,0,8797414,
442127,0105000,1,大分県,オオイタケン,Oita,,,,豊後大野市,ブンゴオオノシ,Bungoono-shi,,,,三重町赤嶺,ミエマチアカミネ,Miemachi Akamine,,,,,,,,0,0,0,0,0,0,1,1,1947-04-17,,0,8797111,
442127,0106000,1,大分県,オオイタケン,Oita,,,,豊後大野市,ブンゴオオノシ,Bungoono-shi,,,,三重町秋葉,ミエマチアキバ,Miemachi Akiba,,,,,,,,0,0,0,0,0,0,1,1,1947-04-17,,0,8797141,
442127,0107000,1,大分県,オオイタケン,Oita,,,,豊後大野市,ブンゴオオノシ,Bungoono-shi,,,,三重町浅瀬,ミエマチアサセ,Miemachi Asase,,,,,,,,0,0,0,0,0,0,1,1,1947-04-17,,0,8797108,
442127,0108000,1,大分県,オオイタケン,Oita,,,,豊後大野市,ブンゴオオノシ,Bungoono-shi,,,,三重町芦刈,ミエマチアシカリ,Miemachi Ashikari,,,,,,,,0,0,0,0,0,0,1,1,1947-04-17,,0,8797105,
442127,0109000,1,大分県,オオイタケン,Oita,,,,豊後大野市,ブンゴオオノシ,Bungoono-shi,,,,三重町井迫,ミエマチイサコ,Miemachi Isako,,,,,,,,0,0,0,0,0,0,1,1,1947-04-17,,0,8797106,
442127,0110000,1,大分県,オオイタケン,Oita,,,,豊後大野市,ブンゴオオノシ,Bungoono-shi,,,,三重町市場,ミエマチイチバ,Miemachi Ichiba,,,,,,,,0,0,0,0,0,0,1,1,1947-04-17,,0,8797131,
442127,0111000,1,大分県,オオイタケン,Oita,,,,豊後大野市,ブンゴオオノシ,Bungoono-shi,,,,三重町内田,ミエマチウチダ,Miemachi Uchida,,,,,,,,0,0,0,0,0,0,1,1,1947-04-17,,0,8797125,
442127,0112000,1,大分県,オオイタケン,Oita,,,,豊後大野市,ブンゴオオノシ,Bungoono-shi,,,,三重町内山,ミエマチウチヤマ,Miemachi Uchiyama,,,,,,,,0,0,0,0,0,0,1,1,1947-04-17,,0,8797124,
442127,0113000,1,大分県,オオイタケン,Oita,,,,豊後大野市,ブンゴオオノシ,Bungoono-shi,,,,三重町大白谷,ミエマチオオシロタニ,Miemachi Oshirotani,,,,,,,,0,0,0,0,0,0,1,1,1947-04-17,,0,8797264,
442127,0114000,1,大分県,オオイタケン,Oita,,,,豊後大野市,ブンゴオオノシ,Bungoono-shi,,,,三重町奥畑,ミエマチオクバタ,Miemachi Okubata,,,,,,,,0,0,0,0,0,0,1,1,1947-04-17,,0,8797262,
442127,0115000,1,大分県,オオイタケン,Oita,,,,豊後大野市,ブンゴオオノシ,Bungoono-shi,,,,三重町小坂,ミエマチオサカ,Miemachi Osaka,,,,,,,,0,0,0,0,0,0,1,1,1947-04-17,,0,8797104,
442127,0116000,1,大分県,オオイタケン,Oita,,,,豊後大野市,ブンゴオオノシ,Bungoono-shi,,,,三重町小田,ミエマチオダ,Miemachi Oda,,,,,,,,0,0,0,0,0,0,1,1,1947-04-17,,0,8797142,
442127,0117000,1,大分県,オオイタケン,Oita,,,,豊後大野市,ブンゴオオノシ,Bungoono-shi,,,,三重町上田原,ミエマチカミタハラ,Miemachi Kamitawara,,,,,,,,0,0,0,0,0,0,1,1,1947-04-17,,0,8797107,
442127,0118000,1,大分県,オオイタケン,Oita,,,,豊後大野市,ブンゴオオノシ,Bungoono-shi,,,,三重町川辺,ミエマチカワベ,Miemachi Kawabe,,,,,,,,0,0,0,0,0,0,1,1,1947-04-17,,0,8797154,
442127,0119000,1,大分県,オオイタケン,Oita,,,,豊後大野市,ブンゴオオノシ,Bungoono-shi,,,,三重町菅生,ミエマチスゴウ,Miemachi Sugo,,,,,,,,0,0,0,0,0,0,1,1,1947-04-17,,0,8797102,
442127,0120000,1,大分県,オオイタケン,Oita,,,,豊後大野市,ブンゴオオノシ,Bungoono-shi,,,,三重町玉田,ミエマチタマダ,Miemachi Tamada,,,,,,,,0,0,0,0,0,0,1,1,1947-04-17,,0,8797153,
442127,0121000,1,大分県,オオイタケン,Oita,,,,豊後大野市,ブンゴオオノシ,Bungoono-shi,,,,三重町中津留,ミエマチナカヅル,Miemachi Nakazuru,,,,,,,,0,0,0,0,0,0,1,1,1947-04-17,,0,8797263,
442127,0122000,1,大分県,オオイタケン,Oita,,,,豊後大野市,ブンゴオオノシ,Bungoono-shi,,,,三重町西泉,ミエマチニシイズミ,Miemachi Nishiizumi,,,,,,,,0,0,0,0,0,0,1,1,1947-04-17,,0,8797151,
442127,0123000,1,大分県,オオイタケン,Oita,,,,豊後大野市,ブンゴオオノシ,Bungoono-shi,,,,三重町西畑,ミエマチニシハタ,Miemachi Nishihata,,,,,,,,0,0,0,0,0,0,1,1,1947-04-17,,0,8797103,
442127,0124000,1,大分県,オオイタケン,Oita,,,,豊後大野市,ブンゴオオノシ,Bungoono-shi,,,,三重町久田,ミエマチヒサダ,Miemachi Hisada,,,,,,,,0,0,0,0,0,0,1,1,1947-04-17,,0,8797143,
442127,0125000,1,大分県,オオイタケン,Oita,,,,豊後大野市,ブンゴオオノシ,Bungoono-shi,,,,三重町伏野,ミエマチフセノ,Miemachi Fuseno,,,,,,,,0,0,0,0,0,0,1,1,1947-04-17,,0,8797261,
442127,0126000,1,大分県,オオイタケン,Oita,,,,豊後大野市,ブンゴオオノシ,Bungoono-shi,,,,三重町本城,ミエマチホンジョウ,Miemachi Honjo,,,,,,,,0,0,0,0,0,0,1,1,1947-04-17,,0,8797144,
442127,0127000,1,大分県,オオイタケン,Oita,,,,豊後大野市,ブンゴオオノシ,Bungoono-shi,,,,三重町松尾,ミエマチマツオ,Miemachi Matsuo,,,,,,,,0,0,0,0,0,0,1,1,1947-04-17,,0,8797123,
442127,0128000,1,大分県,オオイタケン,Oita,,,,豊後大野市,ブンゴオオノシ,Bungoono-shi,,,,三重町宮野,ミエマチミヤノ,Miemachi Miyano,,,,,,,,0,0,0,0,0,0,1,1,1947-04-17,,0,8797101,
442127,0129000,1,大分県,オオイタケン,Oita,,,,豊後大野市,ブンゴオオノシ,Bungoono-shi,,,,三重町向野,ミエマチムコウノ,Miemachi Mukono,,,,,,,,0,0,0,0,0,0,1,1,1947-04-17,,0,8797155,
442127,0130000,1,大分県,オオイタケン,Oita,,,,豊後大野市,ブンゴオオノシ,Bungoono-shi,,,,三重町百枝,ミエマチモモエダ,Miemachi Momoeda,,,,,,,,0,0,0,0,0,0,1,1,1947-04-17,,0,8797152,
442127,0131000,1,大分県,オオイタケン,Oita,,,,豊後大野市,ブンゴオオノシ,Bungoono-shi,,,,三重町山部,ミエマチヤマブ,Miemachi Yamabu,,,,,,,,0,0,0,0,0,0,1,1,1947-04-17,,0,8797121,
442127,0132000,1,大分県,オオイタケン,Oita,,,,豊後大野市,ブンゴオオノシ,Bungoono-shi,,,,三重町鷲谷,ミエマチワシダニ,Miemachi Washidani,,,,,,,,0,0,0,0,0,0,1,1,1947-04-17,,0,8797122,
442127,0133000,1,大分県,オオイタケン,Oita,,,,豊後大野市,ブンゴオオノシ,Bungoono-shi,,,,緒方町片ケ瀬,オガタマチカタカセ,,,,,,,,,0,0,0,0,0,0,1,1,1947-04-17,,0,,
442135,0000101,3,大分県,オオイタケン,Oita,,,,由布市,ユフシ,Yufu-shi,,,,,,,,,,キノウシロ,キノウシロ,,,0,0,0,1,0,0,0,0,1947-04-17,,0,,
442135,0000102,3,大分県,オオイタケン,Oita,,,,由布市,ユフシ,Yufu-shi,,,,,,,,,,サントピア古野,サントピアフルノ,,,0,0,0,1,0,0,0,0,1947-04-17,,0,,
442135,0000103,3,大分県,オオイタケン,Oita,,,,由布市,ユフシ,Yufu-shi,,,,,,,,,,みの草,ミノクサ,,,0,0,0,1,0,0,0,0,1947-04-17,,0,,
442135,0000104,3,大分県,オオイタケン,Oita,,,,由布市,ユフシ,Yufu-shi,,,,,,,,,,阿鉢,アバチ,,,0,0,0,1,0,0,0,0,1947-04-17,,0,,
442135,0000105,3,大分県,オオイタケン,Oita,,,,由布市,ユフシ,Yufu-shi,,,,,,,,,,芦松,アシマツ,,,0,0,0,1,0,0,0,0,1947-04-17,,0,,
442135,0000106,3,大分県,オオイタケン,Oita,,,,由布市,ユフシ,Yufu-shi,,,,,,,,,,鮎川,アユカワ,,,0,0,0,1,0,0,0,0,1947-04-17,,0,,
442135,0000107,3,大分県,オオイタケン,Oita,,,,由布市,ユフシ,Yufu-shi,,,,,,,,,,伊小野,イオノ,,,0,0,0,1,0,0,0,0,1947-04-17,,0,,
442135,0000108,3,大分県,オオイタケン,Oita,,,,由布市,ユフシ,Yufu-shi,,,,,,,,,,井手下,イデシタ,,,0,0,0,1,0,0,0,0,1947-04-17,,0,,
442135,0000109,3,大分県,オオイタケン,Oita,,,,由布市,ユフシ,Yufu-shi,,,,,,,,,,一木,イチギ,,,0,0,0,1,0,0,0,0,1947-04-17,,0,,
442135,0000110,3,大分県,オオイタケン,Oita,,,,由布市,ユフシ,Yufu-shi,,,,,,,,,,宇南,ウナミ,,,0,0,0,1,0,0,0,0,1947-04-17,,0,,
442135,0000111,3,大分県,オオイタケン,Oita,,,,由布市,ユフシ,Yufu-shi,,,,,,,,,,瓜生田,ウリュウダ,,,0,0,0,1,0,0,0,0,1947-04-17,,0,,
442135,0000112,3,大分県,オオイタケン,Oita,,,,由布市,ユフシ,Yufu-shi,,,,,,,,,,雲取,クモトリ,,,0,0,0,1,0,0,0,0,1947-04-17,,0,,
442135,0000113,3,大分県,オオイタケン,Oita,,,,由布市,ユフシ,Yufu-shi,,,,,,,,,,影ノ木,カゲノキ,,,0,0,0,1,0,0,0,0,1947-04-17,,0,,
442135,0000114,3,大分県,オオイタケン,Oita,,,,由布市,ユフシ,Yufu-shi,,,,,,,,,,影戸,カゲト,,,0,0,0,1,0,0,0,0,1947-04-17,,0,,
442135,0000115,3,大分県,オオイタケン,Oita,,,,由布市,ユフシ,Yufu-shi,,,,,,,,,,永畑,ナガバタケ,,,0,0,0,1,0,0,0,0,1947-04-17,,0,,
442135,0000116,3,大分県,オオイタケン,Oita,,,,由布市,ユフシ,Yufu-shi,,,,,,,,,,猿渡,サルワタシ,,,0,0,0,1,0,0,0,0,1947-04-17,,0,,
442135,0000117,3,大分県,オオイタケン,Oita,,,,由布市,ユフシ,Yufu-shi,,,,,,,,,,奥詰,オクヅメ,,,0,0,0,1,0,0,0,0,1947-04-17,,0,,
442135,0000118,3,大分県,オオイタケン,Oita,,,,由布市,ユフシ,Yufu-shi,,,,,,,,,,奥江,オクエ,,,0,0,0,1,0,0,0,0,1947-04-17,,0,,
442135,0000119,3,大分県,オオイタケン,Oita,,,,由布市,ユフシ,Yufu-shi,,,,,,,,,,横枚,ヨコマイ,,,0,0,0,1,0,0,0,0,1947-04-17,,0,,
442135,0000120,3,大分県,オオイタケン,Oita,,,,由布市,ユフシ,Yufu-shi,,,,,,,,,,岡,オカ,,,0,0,0,1,0,0,0,0,1947-04-17,,0,,
442135,0000121,3,大分県,オオイタケン,Oita,,,,由布市,ユフシ,Yufu-shi,,,,,,,,,,岡ノ平,オカノヒラ,,,0,0,0,1,0,0,0,0,1947-04-17,,0,,
442135,0000122,3,大分県,オオイタケン,Oita,,,,由布市,ユフシ,Yufu-shi,,,,,,,,,,乙丸,オトマル,,,0,0,0,1,0,0,0,0,1947-04-17,,0,,
442135,0000123,3,大分県,オオイタケン,Oita,,,,由布市,ユフシ,Yufu-shi,,,,,,,,,,下依,シモヨリ,,,0,0,0,1,0,0,0,0,1947-04-17,,0,,
442135,0000124,3,大分県,オオイタケン,Oita,,,,由布市,ユフシ,Yufu-shi,,,,,,,,,,下柿木,シモカキギ,,,0,0,0,1,0,0,0,0,1947-04-17,,0,,
442135,0000125,3,大分県,オオイタケン,Oita,,,,由布市,ユフシ,Yufu-shi,,,,,,,,,,下笠,シモガサ,,,0,0,0,1,0,0,0,0,1947-04-17,,0,,
442135,0000126,3,大分県,オオイタケン,Oita,,,,由布市,ユフシ,Yufu-shi,,,,,,,,,,下鬼崎,シモオニザキ,,,0,0,0,1,0,0,0,0,1947-04-17,,0,,
442135,0000127,3,大分県,オオイタケン,Oita,,,,由布市,ユフシ,Yufu-shi,,,,,,,,,,下詰,シタヅメ,,,0,0,0,1,0,0,0,0,1947-04-17,,0,,
442135,0000128,3,大分県,オオイタケン,Oita,,,,由布市,ユフシ,Yufu-shi,,,,,,,,,,下原,シタハル,,,0,0,0,1,0,0,0,0,1947-04-17,,0,,
442135,0000129,3,大分県,オオイタケン,Oita,,,,由布市,ユフシ,Yufu-shi,,,,,,,,,,下黒野,シモクロノ,,,0,0,0,1,0,0,0,0,1947-04-17,,0,,
442135,0000130,3,大分県,オオイタケン,Oita,,,,由布市,ユフシ,Yufu-shi,,,,,,,,,,下瀬口,シモセグチ,,,0,0,0,1,0,0,0,0,1947-04-17,,0,,
442135,0000131,3,大分県,オオイタケン,Oita,,,,由布市,ユフシ,Yufu-shi,,,,,,,,,,下石武,シモイシブ,,,0,0,0,1,0,0,0,0,1947-04-17,,0,,
442135,0000132,3,大分県,オオイタケン,Oita,,,,由布市,ユフシ,Yufu-shi,,,,,,,,,,下津々良,シモツヅラ,,,0,0,0,1,0,0,0,0,1947-04-17,,0,,
442135,0000133,3,大分県,オオイタケン,Oita,,,,由布市,ユフシ,Yufu-shi,,,,,,,,,,下田,シモダ,,,0,0,0,1,0,0,0,0,1947-04-17,,0,,
442135,0000134,3,大分県,オオイタケン,Oita,,,,由布市,ユフシ,Yufu-shi,,,,,,,,,,下武宮,シモタケミヤ,,,0,0,0,1,0,0,0,0,1947-04-17,,0,,
442135,0000135,3,大分県,オオイタケン,Oita,,,,由布市,ユフシ,Yufu-shi,,,,,,,,,,下柚ノ木,シモユノキ,,,0,0,0,1,0,0,0,0,1947-04-17,,0,,
442135,0000136,3,大分県,オオイタケン,Oita,,,,由布市,ユフシ,Yufu-shi,,,,,,,,,,下来鉢,シタクバチ,,,0,0,0,1,0,0,0,0,1947-04-17,,0,,
442135,0000137,3,大分県,オオイタケン,Oita,,,,由布市,ユフシ,Yufu-shi,,,,,,,,,,下櫟木,シモイチギ,,,0,0,0,1,0,0,0,0,1947-04-17,,0,,
442135,0000138,3,大分県,オオイタケン,Oita,,,,由布市,ユフシ,Yufu-shi,,,,,,,,,,加倉,カクラ,,,0,0,0,1,0,0,0,0,1947-04-17,,0,,
442135,0000139,3,大分県,オオイタケン,Oita,,,,由布市,ユフシ,Yufu-shi,,,,,,,,,,花合野,カゴノ,,,0,0,0,1,0,0,0,0,1947-04-17,,0,,
442135,0000140,3,大分県,オオイタケン,Oita,,,,由布市,ユフシ,Yufu-shi,,,,,,,,,,海老毛,エビケ,,,0,0,0,1,0,0,0,0,1947-04-17,,0,,
442135,0000141,3,大分県,オオイタケン,Oita,,,,由布市,ユフシ,Yufu-shi,,,,,,,,,,角神,ツノカミ,,,0,0,0,1,0,0,0,0,1947-04-17,,0,,
442135,0000142,3,大分県,オオイタケン,Oita,,,,由布市,ユフシ,Yufu-shi,,,,,,,,,,岳本,タケモト,,,0,0,0,1,0,0,0,0,1947-04-17,,0,,
442135,0000143,3,大分県,オオイタケン,Oita,,,,由布市,ユフシ,Yufu-shi,,,,,,,,,,梶屋,カジヤ,,,0,0,0,1,0,0,0,0,1947-04-17,,0,,
442135,0000144,3,大分県,オオイタケン,Oita,,,,由布市,ユフシ,Yufu-shi,,,,,,,,,,葛原,カズラハラ,,,0,0,0,1,0,0,0,0,1947-04-17,,0,,
442135,0000145,3,大分県,オオイタケン,Oita,,,,由布市,ユフシ,Yufu-shi,,,,,,,,,,葛小野,クズオノ,,,0,0,0,1,0,0,0,0,1947-04-17,,0,,
442135,0000146,3,大分県,オオイタケン,Oita,,,,由布市,ユフシ,Yufu-shi,,,,,,,,,,栢ノ木,カヤノキ,,,0,0,0,1,0,0,0,0,1947-04-17,,0,,
442135,0000147,3,大分県,オオイタケン,Oita,,,,由布市,ユフシ,Yufu-shi,,,,,,,,,,茅場,カヤバ,,,0,0,0,1,0,0,0,0,1947-04-17,,0,,
442135,0000148,3,大分県,オオイタケン,Oita,,,,由布市,ユフシ,Yufu-shi,,,,,,,,,,間田,マダ,,,0,0,0,1,0,0,0,0,1947-04-17,,0,,
442135,0000149,3,大分県,オオイタケン,Oita,,,,由布市,ユフシ,Yufu-shi,,,,,,,,,,丸田,マルダ,,,0,0,0,1,0,0,0,0,1947-04-17,,0,,
442135,0000150,3,大分県,オオイタケン,Oita,,,,由布市,ユフシ,Yufu-shi,,,,,,,,,,岩下,イワシタ,,,0,0,0,1,0,0,0,0,1947-04-17,,0,,
442135,0000151,3,大分県,オオイタケン,Oita,,,,由布市,ユフシ,Yufu-shi,,,,,,,,,,鬼瀬,オニガセ,,,0,0,0,1,0,0,0,0,1947-04-17,,0,,
442135,0000152,3,大分県,オオイタケン,Oita,,,,由布市,ユフシ,Yufu-shi,,,,,,,,,,久保,クボ,,,0,0,0,1,0,0,0,0,1947-04-17,,0,,
442135,0000153,3,大分県,オオイタケン,Oita,,,,由布市,ユフシ,Yufu-shi,,,,,,,,,,宮,ミヤ,,,0,0,0,1,0,0,0,0,1947-04-17,,0,,
442135,0000154,3,大分県,オオイタケン,Oita,,,,由布市,ユフシ,Yufu-shi,,,,,,,,,,弓袋女,イブクメ,,,0,0,0,1,0,0,0,0,1947-04-17,,0,,
442135,0000155,3,大分県,オオイタケン,Oita,,,,由布市,ユフシ,Yufu-shi,,,,,,,,,,橋爪,ハシヅメ,,,0,0,0,1,0,0,0,0,1947-04-17,,0,,
442135,0000156,3,大分県,オオイタケン,Oita,,,,由布市,ユフシ,Yufu-shi,,,,,,,,,,栗ノ木,クリノキ,,,0,0,0,1,0,0,0,0,1947-04-17,,0,,
442135,0000157,3,大分県,オオイタケン,Oita,,,,由布市,ユフシ,Yufu-shi,,,,,,,,,,桑鶴,クワヅル,,,0,0,0,1,0,0,0,0,1947-04-17,,0,,
442135,0000158,3,大分県,オオイタケン,Oita,,,,由布市,ユフシ,Yufu-shi,,,,,,,,,,原,ハル,,,0,0,0,1,0,0,0,0,1947-04-17,,0,,
442135,0000159,3,大分県,オオイタケン,Oita,,,,由布市,ユフシ,Yufu-shi,,,,,,,,,,原口,ハラグチ,,,0,0,0,1,0,0,0,0,1947-04-17,,0,,
442135,0000160,3,大分県,オオイタケン,Oita,,,,由布市,ユフシ,Yufu-shi,,,,,,,,,,原中,ハルナカ,,,0,0,0,1,0,0,0,0,1947-04-17,,0,,
442135,0000161,3,大分県,オオイタケン,Oita,,,,由布市,ユフシ,Yufu-shi,,,,,,,,,,古園,フルゾノ,,,0,0,0,1,0,0,0,0,1947-04-17,,0,,
442135,0000162,3,大分県,オオイタケン,Oita,,,,由布市,ユフシ,Yufu-shi,,,,,,,,,,古屋敷,フルヤシキ,,,0,0,0,1,0,0,0,0,1947-04-17,,0,,
442135,0000163,3,大分県,オオイタケン,Oita,,,,由布市,ユフシ,Yufu-shi,,,,,,,,,,古原,コバル,,,0,0,0,1,0,0,0,0,1947-04-17,,0,,
442135,0000164,3,大分県,オオイタケン,Oita,,,,由布市,ユフシ,Yufu-shi,,,,,,,,,,五福,ゴフク,,,0,0,0,1,0,0,0,0,1947-04-17,,0,,
442135,0000165,3,大分県,オオイタケン,Oita,,,,由布市,ユフシ,Yufu-shi,,,,,,,,,,後田,ウシロダ,,,0,0,0,1,0,0,0,0,1947-04-17,,0,,
442135,0000166,3,大分県,オオイタケン,Oita,,,,由布市,ユフシ,Yufu-shi,,,,,,,,,,光永,ミツナガ,,,0,0,0,1,0,0,0,0,1947-04-17,,0,,
442135,0000167,3,大分県,オオイタケン,Oita,,,,由布市,ユフシ,Yufu-shi,,,,,,,,,,口原,クチノハル,,,0,0,0,1,0,0,0,0,1947-04-17,,0,,
442135,0000168,3,大分県,オオイタケン,Oita,,,,由布市,ユフシ,Yufu-shi,,,,,,,,,,向,ムカイ,,,0,0,0,1,0,0,0,0,1947-04-17,,0,,
442135,0000169,3,大分県,オオイタケン,Oita,,,,由布市,ユフシ,Yufu-shi,,,,,,,,,,向原,ムカイノハル,,,0,0,0,1,0,0,0,0,1947-04-17,,0,,
442135,0000170,3,大分県,オオイタケン,Oita,,,,由布市,ユフシ,Yufu-shi,,,,,,,,,,幸野,コウノ,,,0,0,0,1,0,0,0,0,1947-04-17,,0,,
442135,0000171,3,大分県,オオイタケン,Oita,,,,由布市,ユフシ,Yufu-shi,,,,,,,,,,甲斐田,カイダ,,,0,0,0,1,0,0,0,0,1947-04-17,,0,,
442135,0000172,3,大分県,オオイタケン,Oita,,,,由布市,ユフシ,Yufu-shi,,,,,,,,,,荒木,アラキ,,,0,0,0,1,0,0,0,0,1947-04-17,,0,,
442135,0000173,3,大分県,オオイタケン,Oita,,,,由布市,ユフシ,Yufu-shi,,,,,,,,,,高津原,コウヅバル,,,0,0,0,1,0,0,0,0,1947-04-17,,0,,
442135,0000174,3,大分県,オオイタケン,Oita,,,,由布市,ユフシ,Yufu-shi,,,,,,,,,,高津野,コウヅノ,,,0,0,0,1,0,0,0,0,1947-04-17,,0,,
442135,0000175,3,大分県,オオイタケン,Oita,,,,由布市,ユフシ,Yufu-shi,,,,,,,,,,黒ヶ鶴,クロガツル,,,0,0,0,1,0,0,0,0,1947-04-17,,0,,
442135,0000176,3,大分県,オオイタケン,Oita,,,,由布市,ユフシ,Yufu-shi,,,,,,,,,,佐土原,サドハラ,,,0,0,0,1,0,0,0,0,1947-04-17,,0,,
442135,0000177,3,大分県,オオイタケン,Oita,,,,由布市,ユフシ,Yufu-shi,,,,,,,,,,佐平治,サヘジ,,,0,0,0,1,0,0,0,0,1947-04-17,,0,,
442135,0000178,3,大分県,オオイタケン,Oita,,,,由布市,ユフシ,Yufu-shi,,,,,,,,,,妻ヶ城,ツマガジョウ,,,0,0,0,1,0,0,0,0,1947-04-17,,0,,
442135,0000179,3,大分県,オオイタケン,Oita,,,,由布市,ユフシ,Yufu-shi,,,,,,,,,,山井,ヤマイ,,,0,0,0,1,0,0,0,0,1947-04-17,,0,,
442135,0000180,3,大分県,オオイタケン,Oita,,,,由布市,ユフシ,Yufu-shi,,,,,,,,,,山口,ヤマグチ,,,0,0,0,1,0,0,0,0,1947-04-17,,0,,
442135,0000181,3,大分県,オオイタケン,Oita,,,,由布市,ユフシ,Yufu-shi,,,,,,,,,,山崎,ヤマサキ,,,0,0,0,1,0,0,0,0,1947-04-17,,0,,
442135,0000182,3,大分県,オオイタケン,Oita,,,,由布市,ユフシ,Yufu-shi,,,,,,,,,,山鶴,ヤマヅル,,,0,0,0,1,0,0,0,0,1947-04-17,,0,,
442135,0000183,3,大分県,オオイタケン,Oita,,,,由布市,ユフシ,Yufu-shi,,,,,,,,,,山田,ヤマンタ,,,0,0,0,1,0,0,0,0,1947-04-17,,0,,
442135,0000184,3,大分県,オオイタケン,Oita,,,,由布市,ユフシ,Yufu-shi,,,,,,,,,,山本,ヤマモト,,,0,0,0,1,0,0,0,0,1947-04-17,,0,,
442135,0000185,3,大分県,オオイタケン,Oita,,,,由布市,ユフシ,Yufu-shi,,,,,,,,,,寺小野,テラオノ,,,0,0,0,1,0,0,0,0,1947-04-17,,0,,
442135,0000186,3,大分県,オオイタケン,Oita,,,,由布市,ユフシ,Yufu-shi,,,,,,,,,,寺川,テラゴ,,,0,0,0,1,0,0,0,0,1947-04-17,,0,,
442135,0000187,3,大分県,オオイタケン,Oita,,,,由布市,ユフシ,Yufu-shi,,,,,,,,,,時松,トキマツ,,,0,0,0,1,0,0,0,0,1947-04-17,,0,,
442135,0000188,3,大分県,オオイタケン,Oita,,,,由布市,ユフシ,Yufu-shi,,,,,,,,,,鹿出,ロクデ,,,0,0,0,1,0,0,0,0,1947-04-17,,0,,
442135,0000189,3,大分県,オオイタケン,Oita,,,,由布市,ユフシ,Yufu-shi,,,,,,,,,,七倉,ヒチクラ,,,0,0,0,1,0,0,0,0,1947-04-17,,0,,
442135,0000190,3,大分県,オオイタケン,Oita,,,,由布市,ユフシ,Yufu-shi,,,,,,,,,,七蔵司,ナナゾウシ,,,0,0,0,1,0,0,0,0,1947-04-17,,0,,
442135,0000191,3,大分県,オオイタケン,Oita,,,,由布市,ユフシ,Yufu-shi,,,,,,,,,,室小野,ムロオノ,,,0,0,0,1,0,0,0,0,1947-04-17,,0,,
442135,0000192,3,大分県,オオイタケン,Oita,,,,由布市,ユフシ,Yufu-shi,,,,,,,,,,芝尾,シバオ,,,0,0,0,1,0,0,0,0,1947-04-17,,0,,
442135,0000193,3,大分県,オオイタケン,Oita,,,,由布市,ユフシ,Yufu-shi,,,,,,,,,,蛇口,ジャクチ,,,0,0,0,1,0,0,0,0,1947-04-17,,0,,
442135,0000194,3,大分県,オオイタケン,Oita,,,,由布市,ユフシ,Yufu-shi,,,,,,,,,,若杉,ワカスギ,,,0,0,0,1,0,0,0,0,1947-04-17,,0,,
442135,0000195,3,大分県,オオイタケン,Oita,,,,由布市,ユフシ,Yufu-shi,,,,,,,,,,酒野,サケノ,,,0,0,0,1,0,0,0,0,1947-04-17,,0,,
442135,0000196,3,大分県,オオイタケン,Oita,,,,由布市,ユフシ,Yufu-shi,,,,,,,,,,宗寿寺,ソウジュウジ,,,0,0,0,1,0,0,0,0,1947-04-17,,0,,
442135,0000197,3,大分県,オオイタケン,Oita,,,,由布市,ユフシ,Yufu-shi,,,,,,,,,,十合野,ジュウゴノ,,,0,0,0,1,0,0,0,0,1947-04-17,,0,,
442135,0000198,3,大分県,オオイタケン,Oita,,,,由布市,ユフシ,Yufu-shi,,,,,,,,,,出水,デミズ,,,0,0,0,1,0,0,0,0,1947-04-17,,0,,
442135,0000199,3,大分県,オオイタケン,Oita,,,,由布市,ユフシ,Yufu-shi,,,,,,,,,,春ノ段,ハルノダン,,,0,0,0,1,0,0,0,0,1947-04-17,,0,,
442135,0000200,3,大分県,オオイタケン,Oita,,,,由布市,ユフシ,Yufu-shi,,,,,,,,,,所小野,トコロオノ,,,0,0,0,1,0,0,0,0,1947-04-17,,0,,
442135,0000201,3,大分県,オオイタケン,Oita,,,,由布市,ユフシ,Yufu-shi,,,,,,,,,,小原,オバラ,,,0,0,0,1,0,0,0,0,1947-04-17,,0,,
442135,0000202,3,大分県,オオイタケン,Oita,,,,由布市,ユフシ,Yufu-shi,,,,,,,,,,小鹿倉,オガクラ,,,0,0,0,1,0,0,0,0,1947-04-17,,0,,
442135,0000203,3,大分県,オオイタケン,Oita,,,,由布市,ユフシ,Yufu-shi,,,,,,,,,,小松台,コマツダイ,,,0,0,0,1,0,0,0,0,1947-04-17,,0,,
442135,0000204,3,大分県,オオイタケン,Oita,,,,由布市,ユフシ,Yufu-shi,,,,,,,,,,小倉野,オクラノ,,,0,0,0,1,0,0,0,0,1947-04-17,,0,,
442135,0000205,3,大分県,オオイタケン,Oita,,,,由布市,ユフシ,Yufu-shi,,,,,,,,,,小袋,コブクロ,,,0,0,0,1,0,0,0,0,1947-04-17,,0,,
442135,0000206,3,大分県,オオイタケン,Oita,,,,由布市,ユフシ,Yufu-shi,,,,,,,,,,小平,オヒラ,,,0,0,0,1,0,0,0,0,1947-04-17,,0,,
442135,0000207,3,大分県,オオイタケン,Oita,,,,由布市,ユフシ,Yufu-shi,,,,,,,,,,小野屋,オノヤ,,,0,0,0,1,0,0,0,0,1947-04-17,,0,,
442135,0000208,3,大分県,オオイタケン,Oita,,,,由布市,ユフシ,Yufu-shi,,,,,,,,,,小野仲,オノナカ,,,0,0,0,1,0,0,0,0,1947-04-17,,0,,
442135,0000209,3,大分県,オオイタケン,Oita,,,,由布市,ユフシ,Yufu-shi,,,,,,,,,,小挾間,オバサマ,,,0,0,0,1,0,0,0,0,1947-04-17,,0,,
442135,0000210,3,大分県,オオイタケン,Oita,,,,由布市,ユフシ,Yufu-shi,,,,,,,,,,松ノ木,マツノキ,,,0,0,0,1,0,0,0,0,1947-04-17,,0,,
442135,0000211,3,大分県,オオイタケン,Oita,,,,由布市,ユフシ,Yufu-shi,,,,,,,,,,上,カミ,,,0,0,0,1,0,0,0,0,1947-04-17,,0,,
442135,0000212,3,大分県,オオイタケン,Oita,,,,由布市,ユフシ,Yufu-shi,,,,,,,,,,上市,カミイチ,,,0,0,0,1,0,0,0,0,1947-04-17,,0,,
442135,0000213,3,大分県,オオイタケン,Oita,,,,由布市,ユフシ,Yufu-shi,,,,,,,,,,上重,アゲジュウ,,,0,0,0,1,0,0,0,0,1947-04-17,,0,,
442135,0000214,3,大分県,オオイタケン,Oita,,,,由布市,ユフシ,Yufu-shi,,,,,,,,,,上小野,ウワオノ,,,0,0,0,1,0,0,0,0,1947-04-17,,0,,
442135,0000215,3,大分県,オオイタケン,Oita,,,,由布市,ユフシ,Yufu-shi,,,,,,,,,,上瀬口,カミセグチ,,,0,0,0,1,0,0,0,0,1947-04-17,,0,,
442135,0000216,3,大分県,オオイタケン,Oita,,,,由布市,ユフシ,Yufu-shi,,,,,,,,,,上切畑,ウエギリハタ,,,0,0,0,1,0,0,0,0,1947-04-17,,0,,
442135,0000217,3,大分県,オオイタケン,Oita,,,,由布市,ユフシ,Yufu-shi,,,,,,,,,,上組,カミグミ,,,0,0,0,1,0,0,0,0,1947-04-17,,0,,
442135,0000218,3,大分県,オオイタケン,Oita,,,,由布市,ユフシ,Yufu-shi,,,,,,,,,,上中尾,カミナカオ,,,0,0,0,1,0,0,0,0,1947-04-17,,0,,
442135,0000219,3,大分県,オオイタケン,Oita,,,,由布市,ユフシ,Yufu-shi,,,,,,,,,,上津々良,カミツヅラ,,,0,0,0,1,0,0,0,0,1947-04-17,,0,,
442135,0000220,3,大分県,オオイタケン,Oita,,,,由布市,ユフシ,Yufu-shi,,,,,,,,,,上武宮,カミタケミヤ,,,0,0,0,1,0,0,0,0,1947-04-17,,0,,
442135,0000221,3,大分県,オオイタケン,Oita,,,,由布市,ユフシ,Yufu-shi,,,,,,,,,,上柚ノ木,カミユノキ,,,0,0,0,1,0,0,0,0,1947-04-17,,0,,
442135,0000222,3,大分県,オオイタケン,Oita,,,,由布市,ユフシ,Yufu-shi,,,,,,,,,,埴坪,ハネツボ,,,0,0,0,1,0,0,0,0,1947-04-17,,0,,
442135,0000223,3,大分県,オオイタケン,Oita,,,,由布市,ユフシ,Yufu-shi,,,,,,,,,,深谷,フカタニ,,,0,0,0,1,0,0,0,0,1947-04-17,,0,,
442135,0000224,3,大分県,オオイタケン,Oita,,,,由布市,ユフシ,Yufu-shi,,,,,,,,,,神屋敷,カミヤシキ,,,0,0,0,1,0,0,0,0,1947-04-17,,0,,
442135,0000225,3,大分県,オオイタケン,Oita,,,,由布市,ユフシ,Yufu-shi,,,,,,,,,,仁瀬,ニセ,,,0,0,0,1,0,0,0,0,1947-04-17,,0,,
442135,0000226,3,大分県,オオイタケン,Oita,,,,由布市,ユフシ,Yufu-shi,,,,,,,,,,水足,ミッタル,,,0,0,0,1,0,0,0,0,1947-04-17,,0,,
442135,0000227,3,大分県,オオイタケン,Oita,,,,由布市,ユフシ,Yufu-shi,,,,,,,,,,水地,ミズチ,,,0,0,0,1,0,0,0,0,1947-04-17,,0,,
442135,0000228,3,大分県,オオイタケン,Oita,,,,由布市,ユフシ,Yufu-shi,,,,,,,,,,雛戸,ヒナド,,,0,0,0,1,0,0,0,0,1947-04-17,,0,,
442135,0000229,3,大分県,オオイタケン,Oita,,,,由布市,ユフシ,Yufu-shi,,,,,,,,,,成合,ナリアイ,,,0,0,0,1,0,0,0,0,1947-04-17,,0,,
442135,0000230,3,大分県,オオイタケン,Oita,,,,由布市,ユフシ,Yufu-shi,,,,,,,,,,清白,キヨジロ,,,0,0,0,1,0,0,0,0,1947-04-17,,0,,
442135,0000231,3,大分県,オオイタケン,Oita,,,,由布市,ユフシ,Yufu-shi,,,,,,,,,,生田原,イクタバル,,,0,0,0,1,0,0,0,0,1947-04-17,,0,,
442135,0000232,3,大分県,オオイタケン,Oita,,,,由布市,ユフシ,Yufu-shi,,,,,,,,,,西石松,ニシイシマツ,,,0,0,0,1,0,0,0,0,1947-04-17,,0,,
442135,0000233,3,大分県,オオイタケン,Oita,,,,由布市,ユフシ,Yufu-shi,,,,,,,,,,西鶴,ニシツル,,,0,0,0,1,0,0,0,0,1947-04-17,,0,,
442135,0000234,3,大分県,オオイタケン,Oita,,,,由布市,ユフシ,Yufu-shi,,,,,,,,,,西辺,ニシナベ,,,0,0,0,1,0,0,0,0,1947-04-17,,0,,
442135,0000235,3,大分県,オオイタケン,Oita,,,,由布市,ユフシ,Yufu-shi,,,,,,,,,,青山,セイザン,,,0,0,0,1,0,0,0,0,1947-04-17,,0,,
442135,0000236,3,大分県,オオイタケン,Oita,,,,由布市,ユフシ,Yufu-shi,,,,,,,,,,石堂,イシドウ,,,0,0,0,1,0,0,0,0,1947-04-17,,0,,
442135,0000237,3,大分県,オオイタケン,Oita,,,,由布市,ユフシ,Yufu-shi,,,,,,,,,,石武,イシタケ,,,0,0,0,1,0,0,0,0,1947-04-17,,0,,
442135,0000238,3,大分県,オオイタケン,Oita,,,,由布市,ユフシ,Yufu-shi,,,,,,,,,,赤野,アカノ,,,0,0,0,1,0,0,0,0,1947-04-17,,0,,
442135,0000239,3,大分県,オオイタケン,Oita,,,,由布市,ユフシ,Yufu-shi,,,,,,,,,,折立,オリタテ,,,0,0,0,1,0,0,0,0,1947-04-17,,0,,
442135,0000240,3,大分県,オオイタケン,Oita,,,,由布市,ユフシ,Yufu-shi,,,,,,,,,,扇山,オオギヤマ,,,0,0,0,1,0,0,0,0,1947-04-17,,0,,
442135,0000241,3,大分県,オオイタケン,Oita,,,,由布市,ユフシ,Yufu-shi,,,,,,,,,,前徳野,マエトクノ,,,0,0,0,1,0,0,0,0,1947-04-17,,0,,
442135,0000242,3,大分県,オオイタケン,Oita,,,,由布市,ユフシ,Yufu-shi,,,,,,,,,,倉本,クラモト,,,0,0,0,1,0,0,0,0,1947-04-17,,0,,
442135,0000243,3,大分県,オオイタケン,Oita,,,,由布市,ユフシ,Yufu-shi,,,,,,,,,,袋,フクロ,,,0,0,0,1,0,0,0,0,1947-04-17,,0,,
442135,0000244,3,大分県,オオイタケン,Oita,,,,由布市,ユフシ,Yufu-shi,,,,,,,,,,袋尾,フクロウ,,,0,0,0,1,0,0,0,0,1947-04-17,,0,,
442135,0000245,3,大分県,オオイタケン,Oita,,,,由布市,ユフシ,Yufu-shi,,,,,,,,,,台,ダイ,,,0,0,0,1,0,0,0,0,1947-04-17,,0,,
442135,0000246,3,大分県,オオイタケン,Oita,,,,由布市,ユフシ,Yufu-shi,,,,,,,,,,大下,オオジモ,,,0,0,0,1,0,0,0,0,1947-04-17,,0,,
442135,0000247,3,大分県,オオイタケン,Oita,,,,由布市,ユフシ,Yufu-shi,,,,,,,,,,谷口,タニグチ,,,0,0,0,1,0,0,0,0,1947-04-17,,0,,
442135,0000248,3,大分県,オオイタケン,Oita,,,,由布市,ユフシ,Yufu-shi,,,,,,,,,,池ノ上,イケノウエ,,,0,0,0,1,0,0,0,0,1947-04-17,,0,,
442135,0000249,3,大分県,オオイタケン,Oita,,,,由布市,ユフシ,Yufu-shi,,,,,,,,,,竹ノ下,タケノシタ,,,0,0,0,1,0,0,0,0,1947-04-17,,0,,
442135,0000250,3,大分県,オオイタケン,Oita,,,,由布市,ユフシ,Yufu-shi,,,,,,,,,,竹ノ中,タケノナカ,,,0,0,0,1,0,0,0,0,1947-04-17,,0,,
442135,0000251,3,大分県,オオイタケン,Oita,,,,由布市,ユフシ,Yufu-shi,,,,,,,,,,茶園畑,チャエンバタ,,,0,0,0,1,0,0,0,0,1947-04-17,,0,,
442135,0000252,3,大分県,オオイタケン,Oita,,,,由布市,ユフシ,Yufu-shi,,,,,,,,,,中,ナカ,,,0,0,0,1,0,0,0,0,1947-04-17,,0,,
442135,0000253,3,大分県,オオイタケン,Oita,,,,由布市,ユフシ,Yufu-shi,,,,,,,,,,中依,ナカヨリ,,,0,0,0,1,0,0,0,0,1947-04-17,,0,,
442135,0000254,3,大分県,オオイタケン,Oita,,,,由布市,ユフシ,Yufu-shi,,,,,,,,,,中園,ナカゾノ,,,0,0,0,1,0,0,0,0,1947-04-17,,0,,
442135,0000255,3,大分県,オオイタケン,Oita,,,,由布市,ユフシ,Yufu-shi,,,,,,,,,,中詰,ナカヅメ,,,0,0,0,1,0,0,0,0,1947-04-17,,0,,
442135,0000256,3,大分県,オオイタケン,Oita,,,,由布市,ユフシ,Yufu-shi,,,,,,,,,,中恵,ナカエ,,,0,0,0,1,0,0,0,0,1947-04-17,,0,,
442135,0000257,3,大分県,オオイタケン,Oita,,,,由布市,ユフシ,Yufu-shi,,,,,,,,,,中原,ナカハル,,,0,0,0,1,0,0,0,0,1947-04-17,,0,,
442135,0000258,3,大分県,オオイタケン,Oita,,,,由布市,ユフシ,Yufu-shi,,,,,,,,,,中虎,ナカトラ,,,0,0,0,1,0,0,0,0,1947-04-17,,0,,
442135,0000259,3,大分県,オオイタケン,Oita,,,,由布市,ユフシ,Yufu-shi,,,,,,,,,,中山,ナカヤマ,,,0,0,0,1,0,0,0,0,1947-04-17,,0,,
442135,0000260,3,大分県,オオイタケン,Oita,,,,由布市,ユフシ,Yufu-shi,,,,,,,,,,中村,ナカムラ,,,0,0,0,1,0,0,0,0,1947-04-17,,0,,
442135,0000261,3,大分県,オオイタケン,Oita,,,,由布市,ユフシ,Yufu-shi,,,,,,,,,,中台,ナカダイ,,,0,0,0,1,0,0,0,0,1947-04-17,,0,,
442135,0000262,3,大分県,オオイタケン,Oita,,,,由布市,ユフシ,Yufu-shi,,,,,,,,,,中釣,ナカズル,,,0,0,0,1,0,0,0,0,1947-04-17,,0,,
442135,0000263,3,大分県,オオイタケン,Oita,,,,由布市,ユフシ,Yufu-shi,,,,,,,,,,中島,ナカシマ,,,0,0,0,1,0,0,0,0,1947-04-17,,0,,
442135,0000264,3,大分県,オオイタケン,Oita,,,,由布市,ユフシ,Yufu-shi,,,,,,,,,,中畑,ナカバタ,,,0,0,0,1,0,0,0,0,1947-04-17,,0,,
442135,0000265,3,大分県,オオイタケン,Oita,,,,由布市,ユフシ,Yufu-shi,,,,,,,,,,中淵,ナカブチ,,,0,0,0,1,0,0,0,0,1947-04-17,,0,,
442135,0000266,3,大分県,オオイタケン,Oita,,,,由布市,ユフシ,Yufu-shi,,,,,,,,,,中野瀬,ナカノセ,,,0,0,0,1,0,0,0,0,1947-04-17,,0,,
442135,0000267,3,大分県,オオイタケン,Oita,,,,由布市,ユフシ,Yufu-shi,,,,,,,,,,仲ノ原,ナカノハル,,,0,0,0,1,0,0,0,0,1947-04-17,,0,,
442135,0000268,3,大分県,オオイタケン,Oita,,,,由布市,ユフシ,Yufu-shi,,,,,,,,,,猪野,イノ,,,0,0,0,1,0,0,0,0,1947-04-17,,0,,
442135,0000269,3,大分県,オオイタケン,Oita,,,,由布市,ユフシ,Yufu-shi,,,,,,,,,,直野,ナオノ,,,0,0,0,1,0,0,0,0,1947-04-17,,0,,
442135,0000270,3,大分県,オオイタケン,Oita,,,,由布市,ユフシ,Yufu-shi,,,,,,,,,,津江,ツエ,,,0,0,0,1,0,0,0,0,1947-04-17,,0,,
442135,0000271,3,大分県,オオイタケン,Oita,,,,由布市,ユフシ,Yufu-shi,,,,,,,,,,塚原,ツカワラ,,,0,0,0,1,0,0,0,0,1947-04-17,,0,,
442135,0000272,3,大分県,オオイタケン,Oita,,,,由布市,ユフシ,Yufu-shi,,,,,,,,,,辻,ツジ,,,0,0,0,1,0,0,0,0,1947-04-17,,0,,
442135,0000273,3,大分県,オオイタケン,Oita,,,,由布市,ユフシ,Yufu-shi,,,,,,,,,,鶴田,ツルダ,,,0,0,0,1,0,0,0,0,1947-04-17,,0,,
442135,0000274,3,大分県,オオイタケン,Oita,,,,由布市,ユフシ,Yufu-shi,,,,,,,,,,底鶴,ソコヅル,,,0,0,0,1,0,0,0,0,1947-04-17,,0,,
442135,0000275,3,大分県,オオイタケン,Oita,,,,由布市,ユフシ,Yufu-shi,,,,,,,,,,笛鹿倉,フエノカクラ,,,0,0,0,1,0,0,0,0,1947-04-17,,0,,
442135,0000276,3,大分県,オオイタケン,Oita,,,,由布市,ユフシ,Yufu-shi,,,,,,,,,,天神山,テンジンヤマ,,,0,0,0,1,0,0,0,0,1947-04-17,,0,,
442135,0000277,3,大分県,オオイタケン,Oita,,,,由布市,ユフシ,Yufu-shi,,,,,,,,,,田ノ口,タノクチ,,,0,0,0,1,0,0,0,0,1947-04-17,,0,,
442135,0000278,3,大分県,オオイタケン,Oita,,,,由布市,ユフシ,Yufu-shi,,,,,,,,,,田ノ小野,タノオノ,,,0,0,0,1,0,0,0,0,1947-04-17,,0,,
442135,0000279,3,大分県,オオイタケン,Oita,,,,由布市,ユフシ,Yufu-shi,,,,,,,,,,田伏,タブセ,,,0,0,0,1,0,0,0,0,1947-04-17,,0,,
442135,0000280,3,大分県,オオイタケン,Oita,,,,由布市,ユフシ,Yufu-shi,,,,,,,,,,渡司,ワタシ,,,0,0,0,1,0,0,0,0,1947-04-17,,0,,
442135,0000281,3,大分県,オオイタケン,Oita,,,,由布市,ユフシ,Yufu-shi,,,,,,,,,,東ノ山,ヒガシノヤマ,,,0,0,0,1,0,0,0,0,1947-04-17,,0,,
442135,0000282,3,大分県,オオイタケン,Oita,,,,由布市,ユフシ,Yufu-shi,,,,,,,,,,東家,トウゲ,,,0,0,0,1,0,0,0,0,1947-04-17,,0,,
442135,0000283,3,大分県,オオイタケン,Oita,,,,由布市,ユフシ,Yufu-shi,,,,,,,,,,東行,トウギョウ,,,0,0,0,1,0,0,0,0,1947-04-17,,0,,
442135,0000284,3,大分県,オオイタケン,Oita,,,,由布市,ユフシ,Yufu-shi,,,,,,,,,,東石松,ヒガシイシマツ,,,0,0,0,1,0,0,0,0,1947-04-17,,0,,
442135,0000285,3,大分県,オオイタケン,Oita,,,,由布市,ユフシ,Yufu-shi,,,,,,,,,,湯ノ上,ユノウエ,,,0,0,0,1,0,0,0,0,1947-04-17,,0,,
442135,0000286,3,大分県,オオイタケン,Oita,,,,由布市,ユフシ,Yufu-shi,,,,,,,,,,湯の坪,ユノツボ,,,0,0,0,1,0,0,0,0,1947-04-17,,0,,
442135,0000287,3,大分県,オオイタケン,Oita,,,,由布市,ユフシ,Yufu-shi,,,,,,,,,,湯平温泉,ユノヒラオンセン,,,0,0,0,1,0,0,0,0,1947-04-17,,0,,
442135,0000288,3,大分県,オオイタケン,Oita,,,,由布市,ユフシ,Yufu-shi,,,,,,,,,,筒口,ツツグチ,,,0,0,0,1,0,0,0,0,1947-04-17,,0,,
442135,0000289,3,大分県,オオイタケン,Oita,,,,由布市,ユフシ,Yufu-shi,,,,,,,,,,透内,スキウチ,,,0,0,0,1,0,0,0,0,1947-04-17,,0,,
442135,0000290,3,大分県,オオイタケン,Oita,,,,由布市,ユフシ,Yufu-shi,,,,,,,,,,同尻,ドウジリ,,,0,0,0,1,0,0,0,0,1947-04-17,,0,,
442135,0000291,3,大分県,オオイタケン,Oita,,,,由布市,ユフシ,Yufu-shi,,,,,,,,,,奈良田,ナラダ,,,0,0,0,1,0,0,0,0,1947-04-17,,0,,
442135,0000292,3,大分県,オオイタケン,Oita,,,,由布市,ユフシ,Yufu-shi,,,,,,,,,,内山,ウチヤマ,,,0,0,0,1,0,0,0,0,1947-04-17,,0,,
442135,0000293,3,大分県,オオイタケン,Oita,,,,由布市,ユフシ,Yufu-shi,,,,,,,,,,内川野,ウチガワノ,,,0,0,0,1,0,0,0,0,1947-04-17,,0,,
442135,0000294,3,大分県,オオイタケン,Oita,,,,由布市,ユフシ,Yufu-shi,,,,,,,,,,内徳野,ウチトクノ,,,0,0,0,1,0,0,0,0,1947-04-17,,0,,
442135,0000295,3,大分県,オオイタケン,Oita,,,,由布市,ユフシ,Yufu-shi,,,,,,,,,,南園,ミナミソノ,,,0,0,0,1,0,0,0,0,1947-04-17,,0,,
442135,0000296,3,大分県,オオイタケン,Oita,,,,由布市,ユフシ,Yufu-shi,,,,,,,,,,日ヶ暮,ヒガクレ,,,0,0,0,1,0,0,0,0,1947-04-17,,0,,
442135,0000297,3,大分県,オオイタケン,Oita,,,,由布市,ユフシ,Yufu-shi,,,,,,,,,,馬場,ババ,,,0,0,0,1,0,0,0,0,1947-04-17,,0,,
442135,0000298,3,大分県,オオイタケン,Oita,,,,由布市,ユフシ,Yufu-shi,,,,,,,,,,馬渡,マワタシ,,,0,0,0,1,0,0,0,0,1947-04-17,,0,,
442135,0000299,3,大分県,オオイタケン,Oita,,,,由布市,ユフシ,Yufu-shi,,,,,,,,,,馬米,マゴメ,,,0,0,0,1,0,0,0,0,1947-04-17,,0,,
442135,0000300,3,大分県,オオイタケン,Oita,,,,由布市,ユフシ,Yufu-shi,,,,,,,,,,馬籠,マゴメ,,,0,0,0,1,0,0,0,0,1947-04-17,,0,,
442135,0000301,3,大分県,オオイタケン,Oita,,,,由布市,ユフシ,Yufu-shi,,,,,,,,,,梅ノ木,ウメノキ,,,0,0,0,1,0,0,0,0,1947-04-17,,0,,
442135,0000302,3,大分県,オオイタケン,Oita,,,,由布市,ユフシ,Yufu-shi,,,,,,,,,,萩ノ尾,オギノオ,,,0,0,0,1,0,0,0,0,1947-04-17,,0,,
442135,0000303,3,大分県,オオイタケン,Oita,,,,由布市,ユフシ,Yufu-shi,,,,,,,,,,柏野,カシワノ,,,0,0,0,1,0,0,0,0,1947-04-17,,0,,
442135,0000304,3,大分県,オオイタケン,Oita,,,,由布市,ユフシ,Yufu-shi,,,,,,,,,,白岳,シラタケ,,,0,0,0,1,0,0,0,0,1947-04-17,,0,,
442135,0000305,3,大分県,オオイタケン,Oita,,,,由布市,ユフシ,Yufu-shi,,,,,,,,,,畑,ハタ,,,0,0,0,1,0,0,0,0,1947-04-17,,0,,
442135,0000306,3,大分県,オオイタケン,Oita,,,,由布市,ユフシ,Yufu-shi,,,,,,,,,,畑倉,ハタクラ,,,0,0,0,1,0,0,0,0,1947-04-17,,0,,
442135,0000307,3,大分県,オオイタケン,Oita,,,,由布市,ユフシ,Yufu-shi,,,,,,,,,,八久保,ハチクボ,,,0,0,0,1,0,0,0,0,1947-04-17,,0,,
442135,0000308,3,大分県,オオイタケン,Oita,,,,由布市,ユフシ,Yufu-shi,,,,,,,,,,尾足,オタル,,,0,0,0,1,0,0,0,0,1947-04-17,,0,,
442135,0000309,3,大分県,オオイタケン,Oita,,,,由布市,ユフシ,Yufu-shi,,,,,,,,,,表,オモテ,,,0,0,0,1,0,0,0,0,1947-04-17,,0,,
442135,0000310,3,大分県,オオイタケン,Oita,,,,由布市,ユフシ,Yufu-shi,,,,,,,,,,不論ノ迫,フロノサコ,,,0,0,0,1,0,0,0,0,1947-04-17,,0,,
442135,0000311,3,大分県,オオイタケン,Oita,,,,由布市,ユフシ,Yufu-shi,,,,,,,,,,富,トミ,,,0,0,0,1,0,0,0,0,1947-04-17,,0,,
442135,0000312,3,大分県,オオイタケン,Oita,,,,由布市,ユフシ,Yufu-shi,,,,,,,,,,平,ヒラ,,,0,0,0,1,0,0,0,0,1947-04-17,,0,,
442135,0000313,3,大分県,オオイタケン,Oita,,,,由布市,ユフシ,Yufu-shi,,,,,,,,,,平原,ヒラバル,,,0,0,0,1,0,0,0,0,1947-04-17,,0,,
442135,0000314,3,大分県,オオイタケン,Oita,,,,由布市,ユフシ,Yufu-shi,,,,,,,,,,平床,ヒラトコ,,,0,0,0,1,0,0,0,0,1947-04-17,,0,,
442135,0000315,3,大分県,オオイタケン,Oita,,,,由布市,ユフシ,Yufu-shi,,,,,,,,,,平川,ヒラカワ,,,0,0,0,1,0,0,0,0,1947-04-17,,0,,
442135,0000316,3,大分県,オオイタケン,Oita,,,,由布市,ユフシ,Yufu-shi,,,,,,,,,,並柳,ナミヤナギ,,,0,0,0,1,0,0,0,0,1947-04-17,,0,,
442135,0000317,3,大分県,オオイタケン,Oita,,,,由布市,ユフシ,Yufu-shi,,,,,,,,,,米山,コメヤマ,,,0,0,0,1,0,0,0,0,1947-04-17,,0,,
442135,0000318,3,大分県,オオイタケン,Oita,,,,由布市,ユフシ,Yufu-shi,,,,,,,,,,片野,カタノ,,,0,0,0,1,0,0,0,0,1947-04-17,,0,,
442135,0000319,3,大分県,オオイタケン,Oita,,,,由布市,ユフシ,Yufu-shi,,,,,,,,,,北ノ苑,キタノソノ,,,0,0,0,1,0,0,0,0,1947-04-17,,0,,
442135,0000320,3,大分県,オオイタケン,Oita,,,,由布市,ユフシ,Yufu-shi,,,,,,,,,,牧ノ原,マキノハル,,,0,0,0,1,0,0,0,0,1947-04-17,,0,,
442135,0000321,3,大分県,オオイタケン,Oita,,,,由布市,ユフシ,Yufu-shi,,,,,,,,,,本村,ホンムラ,,,0,0,0,1,0,0,0,0,1947-04-17,,0,,
442135,0000322,3,大分県,オオイタケン,Oita,,,,由布市,ユフシ,Yufu-shi,,,,,,,,,,無田,ムタ,,,0,0,0,1,0,0,0,0,1947-04-17,,0,,
442135,0000323,3,大分県,オオイタケン,Oita,,,,由布市,ユフシ,Yufu-shi,,,,,,,,,,網代,アジロ,,,0,0,0,1,0,0,0,0,1947-04-17,,0,,
442135,0000324,3,大分県,オオイタケン,Oita,,,,由布市,ユフシ,Yufu-shi,,,,,,,,,,目ノ子迫,メノコザコ,,,0,0,0,1,0,0,0,0,1947-04-17,,0,,
442135,0000325,3,大分県,オオイタケン,Oita,,,,由布市,ユフシ,Yufu-shi,,,,,,,,,,野稲,ノイネ,,,0,0,0,1,0,0,0,0,1947-04-17,,0,,
442135,0000326,3,大分県,オオイタケン,Oita,,,,由布市,ユフシ,Yufu-shi,,,,,,,,,,雷,イカツチ,,,0,0,0,1,0,0,0,0,1947-04-17,,0,,
442135,0000327,3,大分県,オオイタケン,Oita,,,,由布市,ユフシ,Yufu-shi,,,,,,,,,,落合,オチアイ,,,0,0,0,1,0,0,0,0,1947-04-17,,0,,
442135,0000328,3,大分県,オオイタケン,Oita,,,,由布市,ユフシ,Yufu-shi,,,,,,,,,,椚山,クヌギヤマ,,,0,0,0,1,0,0,0,0,1947-04-17,,0,,
442135,0000329,3,大分県,オオイタケン,Oita,,,,由布市,ユフシ,Yufu-shi,,,,,,,,,,槐木,ニガキ,,,0,0,0,1,0,0,0,0,1947-04-17,,0,,
442135,0000330,3,大分県,オオイタケン,Oita,,,,由布市,ユフシ,Yufu-shi,,,,,,,,,,櫟木,イチギ,,,0,0,0,1,0,0,0,0,1947-04-17,,0,,
442135,0001000,1,大分県,オオイタケン,Oita,,,,由布市,ユフシ,Yufu-shi,,,,庄内町阿蘇野,ショウナイチョウアソノ,Shonaicho Asono,,,,,,,,0,0,0,0,0,0,1,1,1947-04-17,,0,8795423,
442135,0002000,1,大分県,オオイタケン,Oita,,,,由布市,ユフシ,Yufu-shi,,,,庄内町櫟木,ショウナイチョウイチギ,Shonaicho Ichigi,,,,,,,,0,0,0,0,0,0,1,1,1947-04-17,,0,8795404,
442135,0003000,1,大分県,オオイタケン,Oita,,,,由布市,ユフシ,Yufu-shi,,,,庄内町大龍,ショウナイチョウオオタツ,Shonaicho Otatsu,,,,,,,,0,0,0,0,0,0,1,1,1947-04-17,,0,8795413,
442135,0004000,1,大分県,オオイタケン,Oita,,,,由布市,ユフシ,Yufu-shi,,,,庄内町小挾間,ショウナイチョウオバサマ,Shonaicho Obasama,,,,,,,,0,0,0,0,0,0,1,1,1947-04-17,,0,8795402,
442135,0005000,1,大分県,オオイタケン,Oita,,,,由布市,ユフシ,Yufu-shi,,,,庄内町柿原,ショウナイチョウカキハル,Shonaicho Kakiharu,,,,,,,,0,0,0,0,0,0,1,1,1947-04-17,,0,8795421,
442135,0006000,1,大分県,オオイタケン,Oita,,,,由布市,ユフシ,Yufu-shi,,,,庄内町北大津留,ショウナイチョウキタオオツル,Shonaicho Kitaotsuru,,,,,,,,0,0,0,0,0,0,1,1,1947-04-17,,0,8795401,
442135,0007000,1,大分県,オオイタケン,Oita,,,,由布市,ユフシ,Yufu-shi,,,,庄内町五ケ瀬,ショウナイチョウゴカセ,Shonaicho Gokase,,,,,,,,0,0,0,0,0,0,1,1,1947-04-17,,0,8795412,
442135,0008000,1,大分県,オオイタケン,Oita,,,,由布市,ユフシ,Yufu-shi,,,,庄内町庄内原,ショウナイチョウショウナイバル,Shonaicho Shonaibaru,,,,,,,,0,0,0,0,0,0,1,1,1947-04-17,,0,8795434,
442135,0009000,1,大分県,オオイタケン,Oita,,,,由布市,ユフシ,Yufu-shi,,,,庄内町高岡,ショウナイチョウタカオカ,Shonaicho Takaoka,,,,,,,,0,0,0,0,0,0,1,1,1947-04-17,,0,8795433,
442135,0010000,1,大分県,オオイタケン,Oita,,,,由布市,ユフシ,Yufu-shi,,,,庄内町龍原,ショウナイチョウタツハル,Shonaicho Tatsuharu,,,,,,,,0,0,0,0,0,0,1,1,1947-04-17,,0,8795411,
442135,0011000,1,大分県,オオイタケン,Oita,,,,由布市,ユフシ,Yufu-shi,,,,庄内町直野内山,ショウナイチョウナオノウチヤマ,Shonaicho Naonochiyama,,,,,,,,0,0,0,0,0,0,1,1,1947-04-17,,0,8795424,
442135,0012000,1,大分県,オオイタケン,Oita,,,,由布市,ユフシ,Yufu-shi,,,,庄内町中,ショウナイチョウナカ,Shonaicho Naka,,,,,,,,0,0,0,0,0,0,1,1,1947-04-17,,0,8795435,
442135,0013000,1,大分県,オオイタケン,Oita,,,,由布市,ユフシ,Yufu-shi,,,,庄内町長野,ショウナイチョウナガノ,Shonaicho Nagano,,,,,,,,0,0,0,0,0,0,1,1,1947-04-17,,0,8795431,
442135,0014000,1,大分県,オオイタケン,Oita,,,,由布市,ユフシ,Yufu-shi,,,,庄内町西,ショウナイチョウニシ,Shonaicho Nishi,,,,,,,,0,0,0,0,0,0,1,1,1947-04-17,,0,8795436,
442135,0015000,1,大分県,オオイタケン,Oita,,,,由布市,ユフシ,Yufu-shi,,,,庄内町西大津留,ショウナイチョウニシオオツル,Shonaicho Nishiotsuru,,,,,,,,0,0,0,0,0,0,1,1,1947-04-17,,0,8795408,
442135,0016000,1,大分県,オオイタケン,Oita,,,,由布市,ユフシ,Yufu-shi,,,,庄内町西長宝,ショウナイチョウニシチョウホウ,Shonaicho Nishichoho,,,,,,,,0,0,0,0,0,0,1,1,1947-04-17,,0,8795406,
442135,0017000,1,大分県,オオイタケン,Oita,,,,由布市,ユフシ,Yufu-shi,,,,庄内町野畑,ショウナイチョウノバタケ,Shonaicho Nobatake,,,,,,,,0,0,0,0,0,0,1,1,1947-04-17,,0,8795422,
442135,0018000,1,大分県,オオイタケン,Oita,,,,由布市,ユフシ,Yufu-shi,,,,庄内町畑田,ショウナイチョウハタケダ,Shonaicho Hatakeda,,,,,,,,0,0,0,0,0,0,1,1,1947-04-17,,0,8795432,
442135,0019000,1,大分県,オオイタケン,Oita,,,,由布市,ユフシ,Yufu-shi,,,,庄内町東大津留,ショウナイチョウヒガシオオツル,Shonaicho Higashiotsuru,,,,,,,,0,0,0,0,0,0,1,1,1947-04-17,,0,8795403,
442135,0020000,1,大分県,オオイタケン,Oita,,,,由布市,ユフシ,Yufu-shi,,,,庄内町東長宝,ショウナイチョウヒガシチョウホウ,Shonaicho Higashichoho,,,,,,,,0,0,0,0,0,0,1,1,1947-04-17,,0,8795405,
442135,0021000,1,大分県,オオイタケン,Oita,,,,由布市,ユフシ,Yufu-shi,,,,庄内町平石,ショウナイチョウヒライシ,Shonaicho Hiraishi,,,,,,,,0,0,0,0,0,0,1,1,1947-04-17,,0,8795437,
442135,0022000,1,大分県,オオイタケン,Oita,,,,由布市,ユフシ,Yufu-shi,,,,庄内町渕,ショウナイチョウフチ,Shonaicho Fuchi,,,,,,,,0,0,0,0,0,0,1,1,1947-04-17,,0,8795425,
442135,0023000,1,大分県,オオイタケン,Oita,,,,由布市,ユフシ,Yufu-shi,,,,庄内町南大津留,ショウナイチョウミナミオオツル,Shonaicho Minamiotsuru,,,,,,,,0,0,0,0,0,0,1,1,1947-04-17,,0,8795407,
442135,0024000,1,大分県,オオイタケン,Oita,,,,由布市,ユフシ,Yufu-shi,,,,挾間町赤野,ハサママチアカノ,Hasamamachi Akano,,,,,,,,0,0,0,0,0,0,1,1,1947-04-17,,0,8795516,
442135,0025001,2,大分県,オオイタケン,Oita,,,,由布市,ユフシ,Yufu-shi,,,,挾間町医大ヶ丘,ハサママチイダイガオカ,Hasamamachi Idaigaoka,１丁目,１チョウメ,1,,,,,0,0,0,0,0,0,1,1,1947-04-17,,0,,
442135,0025002,2,大分県,オオイタケン,Oita,,,,由布市,ユフシ,Yufu-shi,,,,挾間町医大ヶ丘,ハサママチイダイガオカ,Hasamamachi Idaigaoka,２丁目,２チョウメ,2,,,,,0,0,0,0,0,0,1,1,1947-04-17,,0,,
442135,0025003,2,大分県,オオイタケン,Oita,,,,由布市,ユフシ,Yufu-shi,,,,挾間町医大ヶ丘,ハサママチイダイガオカ,Hasamamachi Idaigaoka,３丁目,３チョウメ,3,,,,,0,0,0,0,0,0,1,1,1947-04-17,,0,,
442135,0026000,1,大分県,オオイタケン,Oita,,,,由布市,ユフシ,Yufu-shi,,,,挾間町内成,ハサママチウチナリ,Hasamamachi Uchinari,,,,,,,,0,0,0,0,0,0,1,1,1947-04-17,,0,8795517,
442135,0027000,1,大分県,オオイタケン,Oita,,,,由布市,ユフシ,Yufu-shi,,,,挾間町鬼瀬,ハサママチオニガセ,Hasamamachi Onigase,,,,,,,,0,0,0,0,0,0,1,1,1947-04-17,,0,8795521,
442135,0028000,1,大分県,オオイタケン,Oita,,,,由布市,ユフシ,Yufu-shi,,,,挾間町鬼崎,ハサママチオニザキ,Hasamamachi Onizaki,,,,,,,,0,0,0,0,0,0,1,1,1947-04-17,,0,8795501,
442135,0029000,1,大分県,オオイタケン,Oita,,,,由布市,ユフシ,Yufu-shi,,,,挾間町小野,ハサママチオノ,Hasamamachi Ono,,,,,,,,0,0,0,0,0,0,1,1,1947-04-17,,0,8795522,
442135,0030000,1,大分県,オオイタケン,Oita,,,,由布市,ユフシ,Yufu-shi,,,,挾間町北方,ハサママチキタガタ,Hasamamachi Kitagata,,,,,,,,0,0,0,0,0,0,1,1,1947-04-17,,0,8795518,
442135,0031000,1,大分県,オオイタケン,Oita,,,,由布市,ユフシ,Yufu-shi,,,,挾間町来鉢,ハサママチクバチ,Hasamamachi Kubachi,,,,,,,,0,0,0,0,0,0,1,1,1947-04-17,,0,8795512,
442135,0032000,1,大分県,オオイタケン,Oita,,,,由布市,ユフシ,Yufu-shi,,,,挾間町篠原,ハサママチシノハラ,Hasamamachi Shinohara,,,,,,,,0,0,0,0,0,0,1,1,1947-04-17,,0,8795523,
442135,0033000,1,大分県,オオイタケン,Oita,,,,由布市,ユフシ,Yufu-shi,,,,挾間町下市,ハサママチシモイチ,Hasamamachi Shimoichi,,,,,,,,0,0,0,0,0,0,1,1,1947-04-17,,0,8795504,
442135,0034000,1,大分県,オオイタケン,Oita,,,,由布市,ユフシ,Yufu-shi,,,,挾間町高崎,ハサママチタカサキ,Hasamamachi Takazaki,,,,,,,,0,0,0,0,0,0,1,1,1947-04-17,,0,8795513,
442135,0035000,1,大分県,オオイタケン,Oita,,,,由布市,ユフシ,Yufu-shi,,,,挾間町田代,ハサママチタシロ,Hasamamachi Tashiro,,,,,,,,0,0,0,0,0,0,1,1,1947-04-17,,0,8795519,
442135,0036000,1,大分県,オオイタケン,Oita,,,,由布市,ユフシ,Yufu-shi,,,,挾間町谷,ハサママチタニ,Hasamamachi Tani,,,,,,,,0,0,0,0,0,0,1,1,1947-04-17,,0,8795531,
442135,0037000,1,大分県,オオイタケン,Oita,,,,由布市,ユフシ,Yufu-shi,,,,挾間町筒口,ハサママチツツグチ,Hasamamachi Tsutsuguchi,,,,,,,,0,0,0,0,0,0,1,1,1947-04-17,,0,8795532,
442135,0038000,1,大分県,オオイタケン,Oita,,,,由布市,ユフシ,Yufu-shi,,,,挾間町時松,ハサママチトキマツ,Hasamamachi Tokimatsu,,,,,,,,0,0,0,0,0,0,1,1,1947-04-17,,0,8795524,
442135,0039000,1,大分県,オオイタケン,Oita,,,,由布市,ユフシ,Yufu-shi,,,,挾間町七蔵司,ハサママチナナゾウシ,Hasamamachi Nanazoshi,,,,,,,,0,0,0,0,0,0,1,1,1947-04-17,,0,8795514,
442135,0040000,1,大分県,オオイタケン,Oita,,,,由布市,ユフシ,Yufu-shi,,,,挾間町挾間,ハサママチハサマ,Hasamamachi Hasama,,,,,,,,0,0,0,0,0,0,1,1,1947-04-17,,0,8795506,
442135,0041000,1,大分県,オオイタケン,Oita,,,,由布市,ユフシ,Yufu-shi,,,,挾間町古野,ハサママチフルノ,Hasamamachi Furuno,,,,,,,,0,0,0,0,0,0,1,1,1947-04-17,,0,8795511,
442135,0042000,1,大分県,オオイタケン,Oita,,,,由布市,ユフシ,Yufu-shi,,,,挾間町朴木,ハサママチホウノキ,Hasamamachi Honoki,,,,,,,,0,0,0,0,0,0,1,1,1947-04-17,,0,8795525,
442135,0043000,1,大分県,オオイタケン,Oita,,,,由布市,ユフシ,Yufu-shi,,,,挾間町三船,ハサママチミフネ,Hasamamachi Mifune,,,,,,,,0,0,0,0,0,0,1,1,1947-04-17,,0,8795515,
442135,0044000,1,大分県,オオイタケン,Oita,,,,由布市,ユフシ,Yufu-shi,,,,挾間町向原,ハサママチムカイノハル,Hasamamachi Mukainoharu,,,,,,,,0,0,0,0,0,0,1,1,1947-04-17,,0,8795502,
442135,0045000,1,大分県,オオイタケン,Oita,,,,由布市,ユフシ,Yufu-shi,,,,湯布院町川上,ユフインチョウカワカミ,Yufuincho Kawakami,,,,,,,,0,0,0,0,0,0,1,1,1947-04-17,,0,8795102,
442135,0046000,1,大分県,オオイタケン,Oita,,,,由布市,ユフシ,Yufu-shi,,,,湯布院町川北,ユフインチョウカワキタ,Yufuincho Kawakita,,,,,,,,0,0,0,0,0,0,1,1,1947-04-17,,0,8795114,
442135,0047000,1,大分県,オオイタケン,Oita,,,,由布市,ユフシ,Yufu-shi,,,,湯布院町川西,ユフインチョウカワニシ,Yufuincho Kawanishi,,,,,,,,0,0,0,0,0,0,1,1,1947-04-17,,0,8795113,
442135,0048000,1,大分県,オオイタケン,Oita,,,,由布市,ユフシ,Yufu-shi,,,,湯布院町川南,ユフインチョウカワミナミ,Yufuincho Kawaminami,,,,,,,,0,0,0,0,0,0,1,1,1947-04-17,,0,8795103,
442135,0049000,1,大分県,オオイタケン,Oita,,,,由布市,ユフシ,Yufu-shi,,,,湯布院町下湯平,ユフインチョウシモユノヒラ,Yufuincho Shimoyunohira,,,,,,,,0,0,0,0,0,0,1,1,1947-04-17,,0,8795111,
442135,0050000,1,大分県,オオイタケン,Oita,,,,由布市,ユフシ,Yufu-shi,,,,湯布院町塚原,ユフインチョウツカハラ,Yufuincho Tsukawara,,,,,,,,0,0,0,0,0,0,1,1,1947-04-17,,0,8795101,
442135,0051000,1,大分県,オオイタケン,Oita,,,,由布市,ユフシ,Yufu-shi,,,,湯布院町中川,ユフインチョウナカガワ,Yufuincho Nakagawa,,,,,,,,0,0,0,0,0,0,1,1,1947-04-17,,0,8795104,
442135,0052000,1,大分県,オオイタケン,Oita,,,,由布市,ユフシ,Yufu-shi,,,,湯布院町湯平,ユフインチョウユノヒラ,Yufuincho Yunohira,,,,,,,,0,0,0,0,0,0,1,1,1947-04-17,,0,8795112,
442135,0053000,1,大分県,オオイタケン,Oita,,,,由布市,ユフシ,Yufu-shi,,,,挾間町東院,ハサママチトイ,Hasamamachi Toi,,,,,,,,0,0,0,0,0,0,1,1,1947-04-17,,0,8795510,
442143,0000101,3,大分県,オオイタケン,Oita,,,,国東市,クニサキシ,Kunisaki-shi,,,,,,,,,,つた巻,ツタマキ,,,0,0,0,1,0,0,0,0,1947-04-17,,0,,
442143,0000102,3,大分県,オオイタケン,Oita,,,,国東市,クニサキシ,Kunisaki-shi,,,,,,,,,,はりま,ハリマ,,,0,0,0,1,0,0,0,0,1947-04-17,,0,,
442143,0000103,3,大分県,オオイタケン,Oita,,,,国東市,クニサキシ,Kunisaki-shi,,,,,,,,,,一ノ瀬,イチノセ,,,0,0,0,1,0,0,0,0,1947-04-17,,0,,
442143,0000104,3,大分県,オオイタケン,Oita,,,,国東市,クニサキシ,Kunisaki-shi,,,,,,,,,,一円坊,イチエンボウ,,,0,0,0,1,0,0,0,0,1947-04-17,,0,,
442143,0000105,3,大分県,オオイタケン,Oita,,,,国東市,クニサキシ,Kunisaki-shi,,,,,,,,,,稲荷,イナリ,,,0,0,0,1,0,0,0,0,1947-04-17,,0,,
442143,0000106,3,大分県,オオイタケン,Oita,,,,国東市,クニサキシ,Kunisaki-shi,,,,,,,,,,稲川,イナガワ,,,0,0,0,1,0,0,0,0,1947-04-17,,0,,
442143,0000107,3,大分県,オオイタケン,Oita,,,,国東市,クニサキシ,Kunisaki-shi,,,,,,,,,,陰平,カゲヒラ,,,0,0,0,1,0,0,0,0,1947-04-17,,0,,
442143,0000108,3,大分県,オオイタケン,Oita,,,,国東市,クニサキシ,Kunisaki-shi,,,,,,,,,,浦手,ウラテ,,,0,0,0,1,0,0,0,0,1947-04-17,,0,,
442143,0000109,3,大分県,オオイタケン,Oita,,,,国東市,クニサキシ,Kunisaki-shi,,,,,,,,,,雲崎,クモサキ,,,0,0,0,1,0,0,0,0,1947-04-17,,0,,
442143,0000110,3,大分県,オオイタケン,Oita,,,,国東市,クニサキシ,Kunisaki-shi,,,,,,,,,,影,カゲ,,,0,0,0,1,0,0,0,0,1947-04-17,,0,,
442143,0000111,3,大分県,オオイタケン,Oita,,,,国東市,クニサキシ,Kunisaki-shi,,,,,,,,,,影山,カゲヤマ,,,0,0,0,1,0,0,0,0,1947-04-17,,0,,
442143,0000112,3,大分県,オオイタケン,Oita,,,,国東市,クニサキシ,Kunisaki-shi,,,,,,,,,,影平,カゲヒラ,,,0,0,0,1,0,0,0,0,1947-04-17,,0,,
442143,0000113,3,大分県,オオイタケン,Oita,,,,国東市,クニサキシ,Kunisaki-shi,,,,,,,,,,塩屋,シオヤ,,,0,0,0,1,0,0,0,0,1947-04-17,,0,,
442143,0000114,3,大分県,オオイタケン,Oita,,,,国東市,クニサキシ,Kunisaki-shi,,,,,,,,,,横手,ヨコテ,,,0,0,0,1,0,0,0,0,1947-04-17,,0,,
442143,0000115,3,大分県,オオイタケン,Oita,,,,国東市,クニサキシ,Kunisaki-shi,,,,,,,,,,横小路,ヨココウジ,,,0,0,0,1,0,0,0,0,1947-04-17,,0,,
442143,0000116,3,大分県,オオイタケン,Oita,,,,国東市,クニサキシ,Kunisaki-shi,,,,,,,,,,横谷,ヨコダニ,,,0,0,0,1,0,0,0,0,1947-04-17,,0,,
442143,0000117,3,大分県,オオイタケン,Oita,,,,国東市,クニサキシ,Kunisaki-shi,,,,,,,,,,岡,オカ,,,0,0,0,1,0,0,0,0,1947-04-17,,0,,
442143,0000118,3,大分県,オオイタケン,Oita,,,,国東市,クニサキシ,Kunisaki-shi,,,,,,,,,,下,シモ,,,0,0,0,1,0,0,0,0,1947-04-17,,0,,
442143,0000119,3,大分県,オオイタケン,Oita,,,,国東市,クニサキシ,Kunisaki-shi,,,,,,,,,,下岐部,シモキベ,,,0,0,0,1,0,0,0,0,1947-04-17,,0,,
442143,0000120,3,大分県,オオイタケン,Oita,,,,国東市,クニサキシ,Kunisaki-shi,,,,,,,,,,下櫛来,シモクシク,,,0,0,0,1,0,0,0,0,1947-04-17,,0,,
442143,0000121,3,大分県,オオイタケン,Oita,,,,国東市,クニサキシ,Kunisaki-shi,,,,,,,,,,下原港,シモバルミナト,,,0,0,0,1,0,0,0,0,1947-04-17,,0,,
442143,0000122,3,大分県,オオイタケン,Oita,,,,国東市,クニサキシ,Kunisaki-shi,,,,,,,,,,下志和利,シモシワリ,,,0,0,0,1,0,0,0,0,1947-04-17,,0,,
442143,0000123,3,大分県,オオイタケン,Oita,,,,国東市,クニサキシ,Kunisaki-shi,,,,,,,,,,下治郎丸,シモジロウマル,,,0,0,0,1,0,0,0,0,1947-04-17,,0,,
442143,0000124,3,大分県,オオイタケン,Oita,,,,国東市,クニサキシ,Kunisaki-shi,,,,,,,,,,下西本,シモニシモト,,,0,0,0,1,0,0,0,0,1947-04-17,,0,,
442143,0000125,3,大分県,オオイタケン,Oita,,,,国東市,クニサキシ,Kunisaki-shi,,,,,,,,,,下麻田,シモアサダ,,,0,0,0,1,0,0,0,0,1947-04-17,,0,,
442143,0000126,3,大分県,オオイタケン,Oita,,,,国東市,クニサキシ,Kunisaki-shi,,,,,,,,,,下油留木,シモユルギ,,,0,0,0,1,0,0,0,0,1947-04-17,,0,,
442143,0000127,3,大分県,オオイタケン,Oita,,,,国東市,クニサキシ,Kunisaki-shi,,,,,,,,,,花山,ハナヤマ,,,0,0,0,1,0,0,0,0,1947-04-17,,0,,
442143,0000128,3,大分県,オオイタケン,Oita,,,,国東市,クニサキシ,Kunisaki-shi,,,,,,,,,,柿園,カキゾノ,,,0,0,0,1,0,0,0,0,1947-04-17,,0,,
442143,0000129,3,大分県,オオイタケン,Oita,,,,国東市,クニサキシ,Kunisaki-shi,,,,,,,,,,間熊,マグマ,,,0,0,0,1,0,0,0,0,1947-04-17,,0,,
442143,0000130,3,大分県,オオイタケン,Oita,,,,国東市,クニサキシ,Kunisaki-shi,,,,,,,,,,岩ノ後,イワノウシロ,,,0,0,0,1,0,0,0,0,1947-04-17,,0,,
442143,0000131,3,大分県,オオイタケン,Oita,,,,国東市,クニサキシ,Kunisaki-shi,,,,,,,,,,吉木,ヨシキ,,,0,0,0,1,0,0,0,0,1947-04-17,,0,,
442143,0000132,3,大分県,オオイタケン,Oita,,,,国東市,クニサキシ,Kunisaki-shi,,,,,,,,,,久保畑,クボハタ,,,0,0,0,1,0,0,0,0,1947-04-17,,0,,
442143,0000133,3,大分県,オオイタケン,Oita,,,,国東市,クニサキシ,Kunisaki-shi,,,,,,,,,,久末,ヒサスエ,,,0,0,0,1,0,0,0,0,1947-04-17,,0,,
442143,0000134,3,大分県,オオイタケン,Oita,,,,国東市,クニサキシ,Kunisaki-shi,,,,,,,,,,宮ノ原,ミヤノバル,,,0,0,0,1,0,0,0,0,1947-04-17,,0,,
442143,0000135,3,大分県,オオイタケン,Oita,,,,国東市,クニサキシ,Kunisaki-shi,,,,,,,,,,宮の本,ミヤノモト,,,0,0,0,1,0,0,0,0,1947-04-17,,0,,
442143,0000136,3,大分県,オオイタケン,Oita,,,,国東市,クニサキシ,Kunisaki-shi,,,,,,,,,,宮西,ミヤニシ,,,0,0,0,1,0,0,0,0,1947-04-17,,0,,
442143,0000137,3,大分県,オオイタケン,Oita,,,,国東市,クニサキシ,Kunisaki-shi,,,,,,,,,,宮本,ミヤモト,,,0,0,0,1,0,0,0,0,1947-04-17,,0,,
442143,0000138,3,大分県,オオイタケン,Oita,,,,国東市,クニサキシ,Kunisaki-shi,,,,,,,,,,京一,キョウイチ,,,0,0,0,1,0,0,0,0,1947-04-17,,0,,
442143,0000139,3,大分県,オオイタケン,Oita,,,,国東市,クニサキシ,Kunisaki-shi,,,,,,,,,,京田,キョウデ,,,0,0,0,1,0,0,0,0,1947-04-17,,0,,
442143,0000140,3,大分県,オオイタケン,Oita,,,,国東市,クニサキシ,Kunisaki-shi,,,,,,,,,,京乱,キョウラン,,,0,0,0,1,0,0,0,0,1947-04-17,,0,,
442143,0000141,3,大分県,オオイタケン,Oita,,,,国東市,クニサキシ,Kunisaki-shi,,,,,,,,,,橋上,ハジカミ,,,0,0,0,1,0,0,0,0,1947-04-17,,0,,
442143,0000142,3,大分県,オオイタケン,Oita,,,,国東市,クニサキシ,Kunisaki-shi,,,,,,,,,,興導寺,コウドウジ,,,0,0,0,1,0,0,0,0,1947-04-17,,0,,
442143,0000143,3,大分県,オオイタケン,Oita,,,,国東市,クニサキシ,Kunisaki-shi,,,,,,,,,,金剛寺,コンゴウジ,,,0,0,0,1,0,0,0,0,1947-04-17,,0,,
442143,0000144,3,大分県,オオイタケン,Oita,,,,国東市,クニサキシ,Kunisaki-shi,,,,,,,,,,金藤,カネトウ,,,0,0,0,1,0,0,0,0,1947-04-17,,0,,
442143,0000145,3,大分県,オオイタケン,Oita,,,,国東市,クニサキシ,Kunisaki-shi,,,,,,,,,,金湧,カナワキ,,,0,0,0,1,0,0,0,0,1947-04-17,,0,,
442143,0000146,3,大分県,オオイタケン,Oita,,,,国東市,クニサキシ,Kunisaki-shi,,,,,,,,,,櫛海,クシノミ,,,0,0,0,1,0,0,0,0,1947-04-17,,0,,
442143,0000147,3,大分県,オオイタケン,Oita,,,,国東市,クニサキシ,Kunisaki-shi,,,,,,,,,,恵良,エラ,,,0,0,0,1,0,0,0,0,1947-04-17,,0,,
442143,0000148,3,大分県,オオイタケン,Oita,,,,国東市,クニサキシ,Kunisaki-shi,,,,,,,,,,堅来,カタク,,,0,0,0,1,0,0,0,0,1947-04-17,,0,,
442143,0000149,3,大分県,オオイタケン,Oita,,,,国東市,クニサキシ,Kunisaki-shi,,,,,,,,,,原,ハル,,,0,0,0,1,0,0,0,0,1947-04-17,,0,,
442143,0000150,3,大分県,オオイタケン,Oita,,,,国東市,クニサキシ,Kunisaki-shi,,,,,,,,,,古江,フルエ,,,0,0,0,1,0,0,0,0,1947-04-17,,0,,
442143,0000151,3,大分県,オオイタケン,Oita,,,,国東市,クニサキシ,Kunisaki-shi,,,,,,,,,,古市,フルイチ,,,0,0,0,1,0,0,0,0,1947-04-17,,0,,
442143,0000152,3,大分県,オオイタケン,Oita,,,,国東市,クニサキシ,Kunisaki-shi,,,,,,,,,,古城,フルシロ,,,0,0,0,1,0,0,0,0,1947-04-17,,0,,
442143,0000153,3,大分県,オオイタケン,Oita,,,,国東市,クニサキシ,Kunisaki-shi,,,,,,,,,,古柄,フルカラ,,,0,0,0,1,0,0,0,0,1947-04-17,,0,,
442143,0000154,3,大分県,オオイタケン,Oita,,,,国東市,クニサキシ,Kunisaki-shi,,,,,,,,,,戸取,トトリ,,,0,0,0,1,0,0,0,0,1947-04-17,,0,,
442143,0000155,3,大分県,オオイタケン,Oita,,,,国東市,クニサキシ,Kunisaki-shi,,,,,,,,,,後野,ウシロノ,,,0,0,0,1,0,0,0,0,1947-04-17,,0,,
442143,0000156,3,大分県,オオイタケン,Oita,,,,国東市,クニサキシ,Kunisaki-shi,,,,,,,,,,光明寺,コウミョウジ,,,0,0,0,1,0,0,0,0,1947-04-17,,0,,
442143,0000157,3,大分県,オオイタケン,Oita,,,,国東市,クニサキシ,Kunisaki-shi,,,,,,,,,,向鍛冶,ムコウカジ,,,0,0,0,1,0,0,0,0,1947-04-17,,0,,
442143,0000158,3,大分県,オオイタケン,Oita,,,,国東市,クニサキシ,Kunisaki-shi,,,,,,,,,,向田,ムカタ,,,0,0,0,1,0,0,0,0,1947-04-17,,0,,
442143,0000159,3,大分県,オオイタケン,Oita,,,,国東市,クニサキシ,Kunisaki-shi,,,,,,,,,,工寺,クデラ,,,0,0,0,1,0,0,0,0,1947-04-17,,0,,
442143,0000160,3,大分県,オオイタケン,Oita,,,,国東市,クニサキシ,Kunisaki-shi,,,,,,,,,,恒清,ツネキヨ,,,0,0,0,1,0,0,0,0,1947-04-17,,0,,
442143,0000161,3,大分県,オオイタケン,Oita,,,,国東市,クニサキシ,Kunisaki-shi,,,,,,,,,,江尻,エジリ,,,0,0,0,1,0,0,0,0,1947-04-17,,0,,
442143,0000162,3,大分県,オオイタケン,Oita,,,,国東市,クニサキシ,Kunisaki-shi,,,,,,,,,,荒巻,アラマキ,,,0,0,0,1,0,0,0,0,1947-04-17,,0,,
442143,0000163,3,大分県,オオイタケン,Oita,,,,国東市,クニサキシ,Kunisaki-shi,,,,,,,,,,行者原,ギョウジャバル,,,0,0,0,1,0,0,0,0,1947-04-17,,0,,
442143,0000164,3,大分県,オオイタケン,Oita,,,,国東市,クニサキシ,Kunisaki-shi,,,,,,,,,,行入,ギョウニュウ,,,0,0,0,1,0,0,0,0,1947-04-17,,0,,
442143,0000165,3,大分県,オオイタケン,Oita,,,,国東市,クニサキシ,Kunisaki-shi,,,,,,,,,,高地,コウチ,,,0,0,0,1,0,0,0,0,1947-04-17,,0,,
442143,0000166,3,大分県,オオイタケン,Oita,,,,国東市,クニサキシ,Kunisaki-shi,,,,,,,,,,高良,コウラ,,,0,0,0,1,0,0,0,0,1947-04-17,,0,,
442143,0000167,3,大分県,オオイタケン,Oita,,,,国東市,クニサキシ,Kunisaki-shi,,,,,,,,,,黒川原,クロガワラ,,,0,0,0,1,0,0,0,0,1947-04-17,,0,,
442143,0000168,3,大分県,オオイタケン,Oita,,,,国東市,クニサキシ,Kunisaki-shi,,,,,,,,,,黒津,クロツ,,,0,0,0,1,0,0,0,0,1947-04-17,,0,,
442143,0000169,3,大分県,オオイタケン,Oita,,,,国東市,クニサキシ,Kunisaki-shi,,,,,,,,,,今在家,イマザイケ,,,0,0,0,1,0,0,0,0,1947-04-17,,0,,
442143,0000170,3,大分県,オオイタケン,Oita,,,,国東市,クニサキシ,Kunisaki-shi,,,,,,,,,,今市,イマイチ,,,0,0,0,1,0,0,0,0,1947-04-17,,0,,
442143,0000171,3,大分県,オオイタケン,Oita,,,,国東市,クニサキシ,Kunisaki-shi,,,,,,,,,,作道,ツクリミチ,,,0,0,0,1,0,0,0,0,1947-04-17,,0,,
442143,0000172,3,大分県,オオイタケン,Oita,,,,国東市,クニサキシ,Kunisaki-shi,,,,,,,,,,三郎丸,サブロウマル,,,0,0,0,1,0,0,0,0,1947-04-17,,0,,
442143,0000173,3,大分県,オオイタケン,Oita,,,,国東市,クニサキシ,Kunisaki-shi,,,,,,,,,,山浦,ヤマウラ,,,0,0,0,1,0,0,0,0,1947-04-17,,0,,
442143,0000174,3,大分県,オオイタケン,Oita,,,,国東市,クニサキシ,Kunisaki-shi,,,,,,,,,,山口,ヤマグチ,,,0,0,0,1,0,0,0,0,1947-04-17,,0,,
442143,0000175,3,大分県,オオイタケン,Oita,,,,国東市,クニサキシ,Kunisaki-shi,,,,,,,,,,山吹,ヤマブキ,,,0,0,0,1,0,0,0,0,1947-04-17,,0,,
442143,0000176,3,大分県,オオイタケン,Oita,,,,国東市,クニサキシ,Kunisaki-shi,,,,,,,,,,山内,サンナイ,,,0,0,0,1,0,0,0,0,1947-04-17,,0,,
442143,0000177,3,大分県,オオイタケン,Oita,,,,国東市,クニサキシ,Kunisaki-shi,,,,,,,,,,市場,イチバ,,,0,0,0,1,0,0,0,0,1947-04-17,,0,,
442143,0000178,3,大分県,オオイタケン,Oita,,,,国東市,クニサキシ,Kunisaki-shi,,,,,,,,,,志村,シムラ,,,0,0,0,1,0,0,0,0,1947-04-17,,0,,
442143,0000179,3,大分県,オオイタケン,Oita,,,,国東市,クニサキシ,Kunisaki-shi,,,,,,,,,,志保利,シホリ,,,0,0,0,1,0,0,0,0,1947-04-17,,0,,
442143,0000180,3,大分県,オオイタケン,Oita,,,,国東市,クニサキシ,Kunisaki-shi,,,,,,,,,,寺山,テラヤマ,,,0,0,0,1,0,0,0,0,1947-04-17,,0,,
442143,0000181,3,大分県,オオイタケン,Oita,,,,国東市,クニサキシ,Kunisaki-shi,,,,,,,,,,寺脇,テラワキ,,,0,0,0,1,0,0,0,0,1947-04-17,,0,,
442143,0000182,3,大分県,オオイタケン,Oita,,,,国東市,クニサキシ,Kunisaki-shi,,,,,,,,,,時枝,トキエダ,,,0,0,0,1,0,0,0,0,1947-04-17,,0,,
442143,0000183,3,大分県,オオイタケン,Oita,,,,国東市,クニサキシ,Kunisaki-shi,,,,,,,,,,七郎,シチロウ,,,0,0,0,1,0,0,0,0,1947-04-17,,0,,
442143,0000184,3,大分県,オオイタケン,Oita,,,,国東市,クニサキシ,Kunisaki-shi,,,,,,,,,,種田,タネダ,,,0,0,0,1,0,0,0,0,1947-04-17,,0,,
442143,0000185,3,大分県,オオイタケン,Oita,,,,国東市,クニサキシ,Kunisaki-shi,,,,,,,,,,諸田,モロタ,,,0,0,0,1,0,0,0,0,1947-04-17,,0,,
442143,0000186,3,大分県,オオイタケン,Oita,,,,国東市,クニサキシ,Kunisaki-shi,,,,,,,,,,小ヶ倉,コガクラ,,,0,0,0,1,0,0,0,0,1947-04-17,,0,,
442143,0000187,3,大分県,オオイタケン,Oita,,,,国東市,クニサキシ,Kunisaki-shi,,,,,,,,,,小園,コゾノ,,,0,0,0,1,0,0,0,0,1947-04-17,,0,,
442143,0000188,3,大分県,オオイタケン,Oita,,,,国東市,クニサキシ,Kunisaki-shi,,,,,,,,,,小原,オワラ,,,0,0,0,1,0,0,0,0,1947-04-17,,0,,
442143,0000189,3,大分県,オオイタケン,Oita,,,,国東市,クニサキシ,Kunisaki-shi,,,,,,,,,,小江,オエ,,,0,0,0,1,0,0,0,0,1947-04-17,,0,,
442143,0000190,3,大分県,オオイタケン,Oita,,,,国東市,クニサキシ,Kunisaki-shi,,,,,,,,,,小高島,コダカシマ,,,0,0,0,1,0,0,0,0,1947-04-17,,0,,
442143,0000191,3,大分県,オオイタケン,Oita,,,,国東市,クニサキシ,Kunisaki-shi,,,,,,,,,,小瀬原,コゼバル,,,0,0,0,1,0,0,0,0,1947-04-17,,0,,
442143,0000192,3,大分県,オオイタケン,Oita,,,,国東市,クニサキシ,Kunisaki-shi,,,,,,,,,,小川原,ココバル,,,0,0,0,1,0,0,0,0,1947-04-17,,0,,
442143,0000193,3,大分県,オオイタケン,Oita,,,,国東市,クニサキシ,Kunisaki-shi,,,,,,,,,,小倉持,オグラモチ,,,0,0,0,1,0,0,0,0,1947-04-17,,0,,
442143,0000194,3,大分県,オオイタケン,Oita,,,,国東市,クニサキシ,Kunisaki-shi,,,,,,,,,,小畑,オバタケ,,,0,0,0,1,0,0,0,0,1947-04-17,,0,,
442143,0000195,3,大分県,オオイタケン,Oita,,,,国東市,クニサキシ,Kunisaki-shi,,,,,,,,,,小俣,オマタ,,,0,0,0,1,0,0,0,0,1947-04-17,,0,,
442143,0000196,3,大分県,オオイタケン,Oita,,,,国東市,クニサキシ,Kunisaki-shi,,,,,,,,,,小野,オノ,,,0,0,0,1,0,0,0,0,1947-04-17,,0,,
442143,0000197,3,大分県,オオイタケン,Oita,,,,国東市,クニサキシ,Kunisaki-shi,,,,,,,,,,小野田,オノダ,,,0,0,0,1,0,0,0,0,1947-04-17,,0,,
442143,0000198,3,大分県,オオイタケン,Oita,,,,国東市,クニサキシ,Kunisaki-shi,,,,,,,,,,床波,トコナミ,,,0,0,0,1,0,0,0,0,1947-04-17,,0,,
442143,0000199,3,大分県,オオイタケン,Oita,,,,国東市,クニサキシ,Kunisaki-shi,,,,,,,,,,松ヶ迫,マツガサコ,,,0,0,0,1,0,0,0,0,1947-04-17,,0,,
442143,0000200,3,大分県,オオイタケン,Oita,,,,国東市,クニサキシ,Kunisaki-shi,,,,,,,,,,松原,マツバラ,,,0,0,0,1,0,0,0,0,1947-04-17,,0,,
442143,0000201,3,大分県,オオイタケン,Oita,,,,国東市,クニサキシ,Kunisaki-shi,,,,,,,,,,焼野,ヤケノ,,,0,0,0,1,0,0,0,0,1947-04-17,,0,,
442143,0000202,3,大分県,オオイタケン,Oita,,,,国東市,クニサキシ,Kunisaki-shi,,,,,,,,,,上,カミ,,,0,0,0,1,0,0,0,0,1947-04-17,,0,,
442143,0000203,3,大分県,オオイタケン,Oita,,,,国東市,クニサキシ,Kunisaki-shi,,,,,,,,,,上岐部,カミキベ,,,0,0,0,1,0,0,0,0,1947-04-17,,0,,
442143,0000204,3,大分県,オオイタケン,Oita,,,,国東市,クニサキシ,Kunisaki-shi,,,,,,,,,,上櫛来,カミクシク,,,0,0,0,1,0,0,0,0,1947-04-17,,0,,
442143,0000205,3,大分県,オオイタケン,Oita,,,,国東市,クニサキシ,Kunisaki-shi,,,,,,,,,,上治郎丸,カミジロウマル,,,0,0,0,1,0,0,0,0,1947-04-17,,0,,
442143,0000206,3,大分県,オオイタケン,Oita,,,,国東市,クニサキシ,Kunisaki-shi,,,,,,,,,,上小原,カミオワラ,,,0,0,0,1,0,0,0,0,1947-04-17,,0,,
442143,0000207,3,大分県,オオイタケン,Oita,,,,国東市,クニサキシ,Kunisaki-shi,,,,,,,,,,上村,カミムラ,,,0,0,0,1,0,0,0,0,1947-04-17,,0,,
442143,0000208,3,大分県,オオイタケン,Oita,,,,国東市,クニサキシ,Kunisaki-shi,,,,,,,,,,上麻田,カミアサダ,,,0,0,0,1,0,0,0,0,1947-04-17,,0,,
442143,0000209,3,大分県,オオイタケン,Oita,,,,国東市,クニサキシ,Kunisaki-shi,,,,,,,,,,上油留木,カミユルギ,,,0,0,0,1,0,0,0,0,1947-04-17,,0,,
442143,0000210,3,大分県,オオイタケン,Oita,,,,国東市,クニサキシ,Kunisaki-shi,,,,,,,,,,城川,ジョウガワ,,,0,0,0,1,0,0,0,0,1947-04-17,,0,,
442143,0000211,3,大分県,オオイタケン,Oita,,,,国東市,クニサキシ,Kunisaki-shi,,,,,,,,,,新栄,ニイサカ,,,0,0,0,1,0,0,0,0,1947-04-17,,0,,
442143,0000212,3,大分県,オオイタケン,Oita,,,,国東市,クニサキシ,Kunisaki-shi,,,,,,,,,,新貝,シンガイ,,,0,0,0,1,0,0,0,0,1947-04-17,,0,,
442143,0000213,3,大分県,オオイタケン,Oita,,,,国東市,クニサキシ,Kunisaki-shi,,,,,,,,,,新涯,シンガイ,,,0,0,0,1,0,0,0,0,1947-04-17,,0,,
442143,0000214,3,大分県,オオイタケン,Oita,,,,国東市,クニサキシ,Kunisaki-shi,,,,,,,,,,新町,シンマチ,,,0,0,0,1,0,0,0,0,1947-04-17,,0,,
442143,0000215,3,大分県,オオイタケン,Oita,,,,国東市,クニサキシ,Kunisaki-shi,,,,,,,,,,深江,フカエ,,,0,0,0,1,0,0,0,0,1947-04-17,,0,,
442143,0000216,3,大分県,オオイタケン,Oita,,,,国東市,クニサキシ,Kunisaki-shi,,,,,,,,,,深根,フカネ,,,0,0,0,1,0,0,0,0,1947-04-17,,0,,
442143,0000217,3,大分県,オオイタケン,Oita,,,,国東市,クニサキシ,Kunisaki-shi,,,,,,,,,,須川,スゴ,,,0,0,0,1,0,0,0,0,1947-04-17,,0,,
442143,0000218,3,大分県,オオイタケン,Oita,,,,国東市,クニサキシ,Kunisaki-shi,,,,,,,,,,杉山,スギヤマ,,,0,0,0,1,0,0,0,0,1947-04-17,,0,,
442143,0000219,3,大分県,オオイタケン,Oita,,,,国東市,クニサキシ,Kunisaki-shi,,,,,,,,,,成吉,ナリヨシ,,,0,0,0,1,0,0,0,0,1947-04-17,,0,,
442143,0000220,3,大分県,オオイタケン,Oita,,,,国東市,クニサキシ,Kunisaki-shi,,,,,,,,,,成久,ナリヒサ,,,0,0,0,1,0,0,0,0,1947-04-17,,0,,
442143,0000221,3,大分県,オオイタケン,Oita,,,,国東市,クニサキシ,Kunisaki-shi,,,,,,,,,,成仏寺,ジョウブツジ,,,0,0,0,1,0,0,0,0,1947-04-17,,0,,
442143,0000222,3,大分県,オオイタケン,Oita,,,,国東市,クニサキシ,Kunisaki-shi,,,,,,,,,,西小川,ニシコガワ,,,0,0,0,1,0,0,0,0,1947-04-17,,0,,
442143,0000223,3,大分県,オオイタケン,Oita,,,,国東市,クニサキシ,Kunisaki-shi,,,,,,,,,,西中,ニシナカ,,,0,0,0,1,0,0,0,0,1947-04-17,,0,,
442143,0000224,3,大分県,オオイタケン,Oita,,,,国東市,クニサキシ,Kunisaki-shi,,,,,,,,,,西浜,ニシハマ,,,0,0,0,1,0,0,0,0,1947-04-17,,0,,
442143,0000225,3,大分県,オオイタケン,Oita,,,,国東市,クニサキシ,Kunisaki-shi,,,,,,,,,,石ノ田,イシノタ,,,0,0,0,1,0,0,0,0,1947-04-17,,0,,
442143,0000226,3,大分県,オオイタケン,Oita,,,,国東市,クニサキシ,Kunisaki-shi,,,,,,,,,,石生,イシウ,,,0,0,0,1,0,0,0,0,1947-04-17,,0,,
442143,0000227,3,大分県,オオイタケン,Oita,,,,国東市,クニサキシ,Kunisaki-shi,,,,,,,,,,石川内,イシゴウチ,,,0,0,0,1,0,0,0,0,1947-04-17,,0,,
442143,0000228,3,大分県,オオイタケン,Oita,,,,国東市,クニサキシ,Kunisaki-shi,,,,,,,,,,赤根,アカネ,,,0,0,0,1,0,0,0,0,1947-04-17,,0,,
442143,0000229,3,大分県,オオイタケン,Oita,,,,国東市,クニサキシ,Kunisaki-shi,,,,,,,,,,赤禿,アカハゲ,,,0,0,0,1,0,0,0,0,1947-04-17,,0,,
442143,0000230,3,大分県,オオイタケン,Oita,,,,国東市,クニサキシ,Kunisaki-shi,,,,,,,,,,川原,カワラ,,,0,0,0,1,0,0,0,0,1947-04-17,,0,,
442143,0000231,3,大分県,オオイタケン,Oita,,,,国東市,クニサキシ,Kunisaki-shi,,,,,,,,,,川西,カワニシ,,,0,0,0,1,0,0,0,0,1947-04-17,,0,,
442143,0000232,3,大分県,オオイタケン,Oita,,,,国東市,クニサキシ,Kunisaki-shi,,,,,,,,,,草場,クサバ,,,0,0,0,1,0,0,0,0,1947-04-17,,0,,
442143,0000233,3,大分県,オオイタケン,Oita,,,,国東市,クニサキシ,Kunisaki-shi,,,,,,,,,,大恩寺,ダイオンジ,,,0,0,0,1,0,0,0,0,1947-04-17,,0,,
442143,0000234,3,大分県,オオイタケン,Oita,,,,国東市,クニサキシ,Kunisaki-shi,,,,,,,,,,大河内,オオゴウチ,,,0,0,0,1,0,0,0,0,1947-04-17,,0,,
442143,0000235,3,大分県,オオイタケン,Oita,,,,国東市,クニサキシ,Kunisaki-shi,,,,,,,,,,大海田,オオミダ,,,0,0,0,1,0,0,0,0,1947-04-17,,0,,
442143,0000236,3,大分県,オオイタケン,Oita,,,,国東市,クニサキシ,Kunisaki-shi,,,,,,,,,,大熊毛,オオクマゲ,,,0,0,0,1,0,0,0,0,1947-04-17,,0,,
442143,0000237,3,大分県,オオイタケン,Oita,,,,国東市,クニサキシ,Kunisaki-shi,,,,,,,,,,大高島,オオダカシマ,,,0,0,0,1,0,0,0,0,1947-04-17,,0,,
442143,0000238,3,大分県,オオイタケン,Oita,,,,国東市,クニサキシ,Kunisaki-shi,,,,,,,,,,大上,オオガサ,,,0,0,0,1,0,0,0,0,1947-04-17,,0,,
442143,0000239,3,大分県,オオイタケン,Oita,,,,国東市,クニサキシ,Kunisaki-shi,,,,,,,,,,大添,オオソイ,,,0,0,0,1,0,0,0,0,1947-04-17,,0,,
442143,0000240,3,大分県,オオイタケン,Oita,,,,国東市,クニサキシ,Kunisaki-shi,,,,,,,,,,大嶽,オオタケ,,,0,0,0,1,0,0,0,0,1947-04-17,,0,,
442143,0000241,3,大分県,オオイタケン,Oita,,,,国東市,クニサキシ,Kunisaki-shi,,,,,,,,,,沢掛,サワガケ,,,0,0,0,1,0,0,0,0,1947-04-17,,0,,
442143,0000242,3,大分県,オオイタケン,Oita,,,,国東市,クニサキシ,Kunisaki-shi,,,,,,,,,,地間,チマ,,,0,0,0,1,0,0,0,0,1947-04-17,,0,,
442143,0000243,3,大分県,オオイタケン,Oita,,,,国東市,クニサキシ,Kunisaki-shi,,,,,,,,,,中,ナカ,,,0,0,0,1,0,0,0,0,1947-04-17,,0,,
442143,0000244,3,大分県,オオイタケン,Oita,,,,国東市,クニサキシ,Kunisaki-shi,,,,,,,,,,中ノ川,ナカノカワ,,,0,0,0,1,0,0,0,0,1947-04-17,,0,,
442143,0000245,3,大分県,オオイタケン,Oita,,,,国東市,クニサキシ,Kunisaki-shi,,,,,,,,,,中ノ迫,ナカノサコ,,,0,0,0,1,0,0,0,0,1947-04-17,,0,,
442143,0000246,3,大分県,オオイタケン,Oita,,,,国東市,クニサキシ,Kunisaki-shi,,,,,,,,,,中園,ナカソノ,,,0,0,0,1,0,0,0,0,1947-04-17,,0,,
442143,0000247,3,大分県,オオイタケン,Oita,,,,国東市,クニサキシ,Kunisaki-shi,,,,,,,,,,中河内,ナカゴウチ,,,0,0,0,1,0,0,0,0,1947-04-17,,0,,
442143,0000248,3,大分県,オオイタケン,Oita,,,,国東市,クニサキシ,Kunisaki-shi,,,,,,,,,,中岐部,ナカキベ,,,0,0,0,1,0,0,0,0,1947-04-17,,0,,
442143,0000249,3,大分県,オオイタケン,Oita,,,,国東市,クニサキシ,Kunisaki-shi,,,,,,,,,,中狭間,ナカハザマ,,,0,0,0,1,0,0,0,0,1947-04-17,,0,,
442143,0000250,3,大分県,オオイタケン,Oita,,,,国東市,クニサキシ,Kunisaki-shi,,,,,,,,,,中志和利,ナカシワリ,,,0,0,0,1,0,0,0,0,1947-04-17,,0,,
442143,0000251,3,大分県,オオイタケン,Oita,,,,国東市,クニサキシ,Kunisaki-shi,,,,,,,,,,中川,ナカガワ,,,0,0,0,1,0,0,0,0,1947-04-17,,0,,
442143,0000252,3,大分県,オオイタケン,Oita,,,,国東市,クニサキシ,Kunisaki-shi,,,,,,,,,,中村,ナカムラ,,,0,0,0,1,0,0,0,0,1947-04-17,,0,,
442143,0000253,3,大分県,オオイタケン,Oita,,,,国東市,クニサキシ,Kunisaki-shi,,,,,,,,,,中津尾台,ナカツオダイ,,,0,0,0,1,0,0,0,0,1947-04-17,,0,,
442143,0000254,3,大分県,オオイタケン,Oita,,,,国東市,クニサキシ,Kunisaki-shi,,,,,,,,,,中分,ナカブ,,,0,0,0,1,0,0,0,0,1947-04-17,,0,,
442143,0000255,3,大分県,オオイタケン,Oita,,,,国東市,クニサキシ,Kunisaki-shi,,,,,,,,,,中野,ナカノ,,,0,0,0,1,0,0,0,0,1947-04-17,,0,,
442143,0000256,3,大分県,オオイタケン,Oita,,,,国東市,クニサキシ,Kunisaki-shi,,,,,,,,,,仲村,ナカムラ,,,0,0,0,1,0,0,0,0,1947-04-17,,0,,
442143,0000257,3,大分県,オオイタケン,Oita,,,,国東市,クニサキシ,Kunisaki-shi,,,,,,,,,,長見,チョウケン,,,0,0,0,1,0,0,0,0,1947-04-17,,0,,
442143,0000258,3,大分県,オオイタケン,Oita,,,,国東市,クニサキシ,Kunisaki-shi,,,,,,,,,,長瀬,ナガセ,,,0,0,0,1,0,0,0,0,1947-04-17,,0,,
442143,0000259,3,大分県,オオイタケン,Oita,,,,国東市,クニサキシ,Kunisaki-shi,,,,,,,,,,長野,ナガノ,,,0,0,0,1,0,0,0,0,1947-04-17,,0,,
442143,0000260,3,大分県,オオイタケン,Oita,,,,国東市,クニサキシ,Kunisaki-shi,,,,,,,,,,鳥越,トリゴエ,,,0,0,0,1,0,0,0,0,1947-04-17,,0,,
442143,0000261,3,大分県,オオイタケン,Oita,,,,国東市,クニサキシ,Kunisaki-shi,,,,,,,,,,鶴,ツル,,,0,0,0,1,0,0,0,0,1947-04-17,,0,,
442143,0000262,3,大分県,オオイタケン,Oita,,,,国東市,クニサキシ,Kunisaki-shi,,,,,,,,,,天堤,アマツツミ,,,0,0,0,1,0,0,0,0,1947-04-17,,0,,
442143,0000263,3,大分県,オオイタケン,Oita,,,,国東市,クニサキシ,Kunisaki-shi,,,,,,,,,,田口,タグチ,,,0,0,0,1,0,0,0,0,1947-04-17,,0,,
442143,0000264,3,大分県,オオイタケン,Oita,,,,国東市,クニサキシ,Kunisaki-shi,,,,,,,,,,田中,タナカ,,,0,0,0,1,0,0,0,0,1947-04-17,,0,,
442143,0000265,3,大分県,オオイタケン,Oita,,,,国東市,クニサキシ,Kunisaki-shi,,,,,,,,,,唐見,カラミ,,,0,0,0,1,0,0,0,0,1947-04-17,,0,,
442143,0000266,3,大分県,オオイタケン,Oita,,,,国東市,クニサキシ,Kunisaki-shi,,,,,,,,,,島田,シマダ,,,0,0,0,1,0,0,0,0,1947-04-17,,0,,
442143,0000267,3,大分県,オオイタケン,Oita,,,,国東市,クニサキシ,Kunisaki-shi,,,,,,,,,,東ヶ迫,ヒガシガサコ,,,0,0,0,1,0,0,0,0,1947-04-17,,0,,
442143,0000268,3,大分県,オオイタケン,Oita,,,,国東市,クニサキシ,Kunisaki-shi,,,,,,,,,,東小川,ヒガシコガワ,,,0,0,0,1,0,0,0,0,1947-04-17,,0,,
442143,0000269,3,大分県,オオイタケン,Oita,,,,国東市,クニサキシ,Kunisaki-shi,,,,,,,,,,東中,ヒガシナカ,,,0,0,0,1,0,0,0,0,1947-04-17,,0,,
442143,0000270,3,大分県,オオイタケン,Oita,,,,国東市,クニサキシ,Kunisaki-shi,,,,,,,,,,当官,トウカン,,,0,0,0,1,0,0,0,0,1947-04-17,,0,,
442143,0000271,3,大分県,オオイタケン,Oita,,,,国東市,クニサキシ,Kunisaki-shi,,,,,,,,,,藤ヶ谷,フジガタニ,,,0,0,0,1,0,0,0,0,1947-04-17,,0,,
442143,0000272,3,大分県,オオイタケン,Oita,,,,国東市,クニサキシ,Kunisaki-shi,,,,,,,,,,藤本,フジモト,,,0,0,0,1,0,0,0,0,1947-04-17,,0,,
442143,0000273,3,大分県,オオイタケン,Oita,,,,国東市,クニサキシ,Kunisaki-shi,,,,,,,,,,堂ノ下,ドウノシタ,,,0,0,0,1,0,0,0,0,1947-04-17,,0,,
442143,0000274,3,大分県,オオイタケン,Oita,,,,国東市,クニサキシ,Kunisaki-shi,,,,,,,,,,奈良原,ナラハラ,,,0,0,0,1,0,0,0,0,1947-04-17,,0,,
442143,0000275,3,大分県,オオイタケン,Oita,,,,国東市,クニサキシ,Kunisaki-shi,,,,,,,,,,内ヶ畑,ウチガハタ,,,0,0,0,1,0,0,0,0,1947-04-17,,0,,
442143,0000276,3,大分県,オオイタケン,Oita,,,,国東市,クニサキシ,Kunisaki-shi,,,,,,,,,,内迫,ウチサコ,,,0,0,0,1,0,0,0,0,1947-04-17,,0,,
442143,0000277,3,大分県,オオイタケン,Oita,,,,国東市,クニサキシ,Kunisaki-shi,,,,,,,,,,南,ミナミ,,,0,0,0,1,0,0,0,0,1947-04-17,,0,,
442143,0000278,3,大分県,オオイタケン,Oita,,,,国東市,クニサキシ,Kunisaki-shi,,,,,,,,,,日向,ヒナタ,,,0,0,0,1,0,0,0,0,1947-04-17,,0,,
442143,0000279,3,大分県,オオイタケン,Oita,,,,国東市,クニサキシ,Kunisaki-shi,,,,,,,,,,馬場,ババ,,,0,0,0,1,0,0,0,0,1947-04-17,,0,,
442143,0000280,3,大分県,オオイタケン,Oita,,,,国東市,クニサキシ,Kunisaki-shi,,,,,,,,,,馬爪,ウマツメ,,,0,0,0,1,0,0,0,0,1947-04-17,,0,,
442143,0000281,3,大分県,オオイタケン,Oita,,,,国東市,クニサキシ,Kunisaki-shi,,,,,,,,,,馬渡,マナワタリ,,,0,0,0,1,0,0,0,0,1947-04-17,,0,,
442143,0000282,3,大分県,オオイタケン,Oita,,,,国東市,クニサキシ,Kunisaki-shi,,,,,,,,,,迫,サコ,,,0,0,0,1,0,0,0,0,1947-04-17,,0,,
442143,0000283,3,大分県,オオイタケン,Oita,,,,国東市,クニサキシ,Kunisaki-shi,,,,,,,,,,畑,ハタ,,,0,0,0,1,0,0,0,0,1947-04-17,,0,,
442143,0000284,3,大分県,オオイタケン,Oita,,,,国東市,クニサキシ,Kunisaki-shi,,,,,,,,,,畠,ハタ,,,0,0,0,1,0,0,0,0,1947-04-17,,0,,
442143,0000285,3,大分県,オオイタケン,Oita,,,,国東市,クニサキシ,Kunisaki-shi,,,,,,,,,,樋村,ヒムラ,,,0,0,0,1,0,0,0,0,1947-04-17,,0,,
442143,0000286,3,大分県,オオイタケン,Oita,,,,国東市,クニサキシ,Kunisaki-shi,,,,,,,,,,尾崎,オサキ,,,0,0,0,1,0,0,0,0,1947-04-17,,0,,
442143,0000287,3,大分県,オオイタケン,Oita,,,,国東市,クニサキシ,Kunisaki-shi,,,,,,,,,,尾出柚ノ木,オイデユノキ,,,0,0,0,1,0,0,0,0,1947-04-17,,0,,
442143,0000288,3,大分県,オオイタケン,Oita,,,,国東市,クニサキシ,Kunisaki-shi,,,,,,,,,,尾迫,オサコ,,,0,0,0,1,0,0,0,0,1947-04-17,,0,,
442143,0000289,3,大分県,オオイタケン,Oita,,,,国東市,クニサキシ,Kunisaki-shi,,,,,,,,,,尾本,オモト,,,0,0,0,1,0,0,0,0,1947-04-17,,0,,
442143,0000290,3,大分県,オオイタケン,Oita,,,,国東市,クニサキシ,Kunisaki-shi,,,,,,,,,,浜,ハマ,,,0,0,0,1,0,0,0,0,1947-04-17,,0,,
442143,0000291,3,大分県,オオイタケン,Oita,,,,国東市,クニサキシ,Kunisaki-shi,,,,,,,,,,浜陰,ハマカゲ,,,0,0,0,1,0,0,0,0,1947-04-17,,0,,
442143,0000292,3,大分県,オオイタケン,Oita,,,,国東市,クニサキシ,Kunisaki-shi,,,,,,,,,,浜崎,ハマサキ,,,0,0,0,1,0,0,0,0,1947-04-17,,0,,
442143,0000293,3,大分県,オオイタケン,Oita,,,,国東市,クニサキシ,Kunisaki-shi,,,,,,,,,,浜手,ヒンデ,,,0,0,0,1,0,0,0,0,1947-04-17,,0,,
442143,0000294,3,大分県,オオイタケン,Oita,,,,国東市,クニサキシ,Kunisaki-shi,,,,,,,,,,浜中,ハマナカ,,,0,0,0,1,0,0,0,0,1947-04-17,,0,,
442143,0000295,3,大分県,オオイタケン,Oita,,,,国東市,クニサキシ,Kunisaki-shi,,,,,,,,,,浜陽,ハマヒナタ,,,0,0,0,1,0,0,0,0,1947-04-17,,0,,
442143,0000296,3,大分県,オオイタケン,Oita,,,,国東市,クニサキシ,Kunisaki-shi,,,,,,,,,,夫婦石,ミョウトイシ,,,0,0,0,1,0,0,0,0,1947-04-17,,0,,
442143,0000297,3,大分県,オオイタケン,Oita,,,,国東市,クニサキシ,Kunisaki-shi,,,,,,,,,,富永,トミナガ,,,0,0,0,1,0,0,0,0,1947-04-17,,0,,
442143,0000298,3,大分県,オオイタケン,Oita,,,,国東市,クニサキシ,Kunisaki-shi,,,,,,,,,,富来,トミク,,,0,0,0,1,0,0,0,0,1947-04-17,,0,,
442143,0000299,3,大分県,オオイタケン,Oita,,,,国東市,クニサキシ,Kunisaki-shi,,,,,,,,,,富来浦手,トミクウラテ,,,0,0,0,1,0,0,0,0,1947-04-17,,0,,
442143,0000300,3,大分県,オオイタケン,Oita,,,,国東市,クニサキシ,Kunisaki-shi,,,,,,,,,,払,ハライ,,,0,0,0,1,0,0,0,0,1947-04-17,,0,,
442143,0000301,3,大分県,オオイタケン,Oita,,,,国東市,クニサキシ,Kunisaki-shi,,,,,,,,,,平原,ヒラバル,,,0,0,0,1,0,0,0,0,1947-04-17,,0,,
442143,0000302,3,大分県,オオイタケン,Oita,,,,国東市,クニサキシ,Kunisaki-shi,,,,,,,,,,弁分,ベンブ,,,0,0,0,1,0,0,0,0,1947-04-17,,0,,
442143,0000303,3,大分県,オオイタケン,Oita,,,,国東市,クニサキシ,Kunisaki-shi,,,,,,,,,,北江,キタエ,,,0,0,0,1,0,0,0,0,1947-04-17,,0,,
442143,0000304,3,大分県,オオイタケン,Oita,,,,国東市,クニサキシ,Kunisaki-shi,,,,,,,,,,牧留,マキドメ,,,0,0,0,1,0,0,0,0,1947-04-17,,0,,
442143,0000305,3,大分県,オオイタケン,Oita,,,,国東市,クニサキシ,Kunisaki-shi,,,,,,,,,,本城,ホンジョウ,,,0,0,0,1,0,0,0,0,1947-04-17,,0,,
442143,0000306,3,大分県,オオイタケン,Oita,,,,国東市,クニサキシ,Kunisaki-shi,,,,,,,,,,本村,モトムラ,,,0,0,0,1,0,0,0,0,1947-04-17,,0,,
442143,0000307,3,大分県,オオイタケン,Oita,,,,国東市,クニサキシ,Kunisaki-shi,,,,,,,,,,本谷,ホンタニ,,,0,0,0,1,0,0,0,0,1947-04-17,,0,,
442143,0000308,3,大分県,オオイタケン,Oita,,,,国東市,クニサキシ,Kunisaki-shi,,,,,,,,,,密乗院,ミツジョウイン,,,0,0,0,1,0,0,0,0,1947-04-17,,0,,
442143,0000309,3,大分県,オオイタケン,Oita,,,,国東市,クニサキシ,Kunisaki-shi,,,,,,,,,,蓑辺,ミノベ,,,0,0,0,1,0,0,0,0,1947-04-17,,0,,
442143,0000310,3,大分県,オオイタケン,Oita,,,,国東市,クニサキシ,Kunisaki-shi,,,,,,,,,,鳴,ナル,,,0,0,0,1,0,0,0,0,1947-04-17,,0,,
442143,0000311,3,大分県,オオイタケン,Oita,,,,国東市,クニサキシ,Kunisaki-shi,,,,,,,,,,木野,キノ,,,0,0,0,1,0,0,0,0,1947-04-17,,0,,
442143,0000312,3,大分県,オオイタケン,Oita,,,,国東市,クニサキシ,Kunisaki-shi,,,,,,,,,,野在,ノザイ,,,0,0,0,1,0,0,0,0,1947-04-17,,0,,
442143,0000313,3,大分県,オオイタケン,Oita,,,,国東市,クニサキシ,Kunisaki-shi,,,,,,,,,,野田,ノダ,,,0,0,0,1,0,0,0,0,1947-04-17,,0,,
442143,0000314,3,大分県,オオイタケン,Oita,,,,国東市,クニサキシ,Kunisaki-shi,,,,,,,,,,矢治払,ヤジバラ,,,0,0,0,1,0,0,0,0,1947-04-17,,0,,
442143,0000315,3,大分県,オオイタケン,Oita,,,,国東市,クニサキシ,Kunisaki-shi,,,,,,,,,,矢川,ヤガワ,,,0,0,0,1,0,0,0,0,1947-04-17,,0,,
442143,0000316,3,大分県,オオイタケン,Oita,,,,国東市,クニサキシ,Kunisaki-shi,,,,,,,,,,柳,ヤナギ,,,0,0,0,1,0,0,0,0,1947-04-17,,0,,
442143,0000317,3,大分県,オオイタケン,Oita,,,,国東市,クニサキシ,Kunisaki-shi,,,,,,,,,,油原,ユハル,,,0,0,0,1,0,0,0,0,1947-04-17,,0,,
442143,0000318,3,大分県,オオイタケン,Oita,,,,国東市,クニサキシ,Kunisaki-shi,,,,,,,,,,来浦,クノウラ,,,0,0,0,1,0,0,0,0,1947-04-17,,0,,
442143,0000319,3,大分県,オオイタケン,Oita,,,,国東市,クニサキシ,Kunisaki-shi,,,,,,,,,,落合,オチアイ,,,0,0,0,1,0,0,0,0,1947-04-17,,0,,
442143,0000320,3,大分県,オオイタケン,Oita,,,,国東市,クニサキシ,Kunisaki-shi,,,,,,,,,,立野,タツノ,,,0,0,0,1,0,0,0,0,1947-04-17,,0,,
442143,0000321,3,大分県,オオイタケン,Oita,,,,国東市,クニサキシ,Kunisaki-shi,,,,,,,,,,連仏,レンブツ,,,0,0,0,1,0,0,0,0,1947-04-17,,0,,
442143,0000322,3,大分県,オオイタケン,Oita,,,,国東市,クニサキシ,Kunisaki-shi,,,,,,,,,,藁蓑,ワラミノ,,,0,0,0,1,0,0,0,0,1947-04-17,,0,,
442143,0000323,3,大分県,オオイタケン,Oita,,,,国東市,クニサキシ,Kunisaki-shi,,,,,,,,,,啝ノ浦,ナギノウラ,,,0,0,0,1,0,0,0,0,1947-04-17,,0,,
442143,0000324,3,大分県,オオイタケン,Oita,,,,国東市,クニサキシ,Kunisaki-shi,,,,,,,,,,筧,カケヒ,,,0,0,0,1,0,0,0,0,1947-04-17,,0,,
442143,0000325,3,大分県,オオイタケン,Oita,,,,国東市,クニサキシ,Kunisaki-shi,,,,,,,,,,簗瀬,ヤナセ,,,0,0,0,1,0,0,0,0,1947-04-17,,0,,
442143,0001000,1,大分県,オオイタケン,Oita,,,,国東市,クニサキシ,Kunisaki-shi,,,,安岐町朝来,アキマチアサク,Akimachi Asaku,,,,,,,,0,0,0,0,0,0,1,1,1947-04-17,,0,8730351,
442143,0002000,1,大分県,オオイタケン,Oita,,,,国東市,クニサキシ,Kunisaki-shi,,,,安岐町糸永,アキマチイトナガ,Akimachi Itonaga,,,,,,,,0,0,0,0,0,0,1,1,1947-04-17,,0,8730354,
442143,0003000,1,大分県,オオイタケン,Oita,,,,国東市,クニサキシ,Kunisaki-shi,,,,安岐町大添,アキマチオオソエ,Akimachi Osoe,,,,,,,,0,0,0,0,0,0,1,1,1947-04-17,,0,8730223,
442143,0004000,1,大分県,オオイタケン,Oita,,,,国東市,クニサキシ,Kunisaki-shi,,,,安岐町掛樋,アキマチカケヒ,Akimachi Kakehi,,,,,,,,0,0,0,0,0,0,1,1,1947-04-17,,0,8730205,
442143,0005000,1,大分県,オオイタケン,Oita,,,,国東市,クニサキシ,Kunisaki-shi,,,,安岐町向陽台,アキマチコウヨウダイ,Akimachi Koyodai,,,,,,,,0,0,0,0,0,0,1,1,1947-04-17,,0,8730232,
442143,0006000,1,大分県,オオイタケン,Oita,,,,国東市,クニサキシ,Kunisaki-shi,,,,安岐町塩屋,アキマチシオヤ,Akimachi Shioya,,,,,,,,0,0,0,0,0,0,1,1,1947-04-17,,0,8730212,
442143,0007000,1,大分県,オオイタケン,Oita,,,,国東市,クニサキシ,Kunisaki-shi,,,,安岐町下原,アキマチシモバル,Akimachi Shimobaru,,,,,,,,0,0,0,0,0,0,1,1,1947-04-17,,0,8730231,
442143,0008000,1,大分県,オオイタケン,Oita,,,,国東市,クニサキシ,Kunisaki-shi,,,,安岐町下山口,アキマチシモヤマグチ,Akimachi Shimoyamaguchi,,,,,,,,0,0,0,0,0,0,1,1,1947-04-17,,0,8730222,
442143,0009000,1,大分県,オオイタケン,Oita,,,,国東市,クニサキシ,Kunisaki-shi,,,,安岐町瀬戸田,アキマチセドタ,Akimachi Sedota,,,,,,,,0,0,0,0,0,0,1,1,1947-04-17,,0,8730202,
442143,0010000,1,大分県,オオイタケン,Oita,,,,国東市,クニサキシ,Kunisaki-shi,,,,安岐町富清,アキマチトミキヨ,Akimachi Tomikiyo,,,,,,,,0,0,0,0,0,0,1,1,1947-04-17,,0,8730355,
442143,0011000,1,大分県,オオイタケン,Oita,,,,国東市,クニサキシ,Kunisaki-shi,,,,安岐町中園,アキマチナカソノ,Akimachi Nakasono,,,,,,,,0,0,0,0,0,0,1,1,1947-04-17,,0,8730203,
442143,0012000,1,大分県,オオイタケン,Oita,,,,国東市,クニサキシ,Kunisaki-shi,,,,安岐町成久,アキマチナリヒサ,Akimachi Narihisa,,,,,,,,0,0,0,0,0,0,1,1,1947-04-17,,0,8730204,
442143,0013000,1,大分県,オオイタケン,Oita,,,,国東市,クニサキシ,Kunisaki-shi,,,,安岐町西本,アキマチニシモト,Akimachi Nishimoto,,,,,,,,0,0,0,0,0,0,1,1,1947-04-17,,0,8730221,
442143,0014000,1,大分県,オオイタケン,Oita,,,,国東市,クニサキシ,Kunisaki-shi,,,,安岐町馬場,アキマチババ,Akimachi Baba,,,,,,,,0,0,0,0,0,0,1,1,1947-04-17,,0,8730211,
442143,0015000,1,大分県,オオイタケン,Oita,,,,国東市,クニサキシ,Kunisaki-shi,,,,安岐町両子,アキマチフタゴ,Akimachi Futago,,,,,,,,0,0,0,0,0,0,1,1,1947-04-17,,0,8730356,
442143,0016000,1,大分県,オオイタケン,Oita,,,,国東市,クニサキシ,Kunisaki-shi,,,,安岐町明治,アキマチメイジ,Akimachi Meiji,,,,,,,,0,0,0,0,0,0,1,1,1947-04-17,,0,8730352,
442143,0017000,1,大分県,オオイタケン,Oita,,,,国東市,クニサキシ,Kunisaki-shi,,,,安岐町矢川,アキマチヤガワ,,,,,,,,,0,0,0,0,0,0,1,1,1947-04-17,,0,,
442143,0018000,1,大分県,オオイタケン,Oita,,,,国東市,クニサキシ,Kunisaki-shi,,,,安岐町山浦,アキマチヤマウラ,Akimachi Yamaura,,,,,,,,0,0,0,0,0,0,1,1,1947-04-17,,0,8730206,
442143,0019000,1,大分県,オオイタケン,Oita,,,,国東市,クニサキシ,Kunisaki-shi,,,,安岐町山口,アキマチヤマグチ,Akimachi Yamaguchi,,,,,,,,0,0,0,0,0,0,1,1,1947-04-17,,0,8730224,
442143,0020000,1,大分県,オオイタケン,Oita,,,,国東市,クニサキシ,Kunisaki-shi,,,,安岐町油留木,アキマチユルギ,Akimachi Yurugi,,,,,,,,0,0,0,0,0,0,1,1,1947-04-17,,0,8730207,
442143,0021000,1,大分県,オオイタケン,Oita,,,,国東市,クニサキシ,Kunisaki-shi,,,,安岐町吉松,アキマチヨシマツ,Akimachi Yoshimatsu,,,,,,,,0,0,0,0,0,0,1,1,1947-04-17,,0,8730201,
442143,0022000,1,大分県,オオイタケン,Oita,,,,国東市,クニサキシ,Kunisaki-shi,,,,国東町赤松,クニサキマチアカマツ,Kunisakimachi Akamatsu,,,,,,,,0,0,0,0,0,0,1,1,1947-04-17,,0,8730523,
442143,0023000,1,大分県,オオイタケン,Oita,,,,国東市,クニサキシ,Kunisaki-shi,,,,国東町安国寺,クニサキマチアンコクジ,Kunisakimachi Ankokuji,,,,,,,,0,0,0,0,0,0,1,1,1947-04-17,,0,8730504,
442143,0024000,1,大分県,オオイタケン,Oita,,,,国東市,クニサキシ,Kunisaki-shi,,,,国東町岩戸寺,クニサキマチイワトウジ,Kunisakimachi Iwatoji,,,,,,,,0,0,0,0,0,0,1,1,1947-04-17,,0,8721653,
442143,0025000,1,大分県,オオイタケン,Oita,,,,国東市,クニサキシ,Kunisaki-shi,,,,国東町岩屋,クニサキマチイワヤ,Kunisakimachi Iwaya,,,,,,,,0,0,0,0,0,0,1,1,1947-04-17,,0,8730522,
442143,0026000,1,大分県,オオイタケン,Oita,,,,国東市,クニサキシ,Kunisaki-shi,,,,国東町小原,クニサキマチオワラ,Kunisakimachi Ohara,,,,,,,,0,0,0,0,0,0,1,1,1947-04-17,,0,8730511,
442143,0027000,1,大分県,オオイタケン,Oita,,,,国東市,クニサキシ,Kunisaki-shi,,,,国東町川原,クニサキマチカワラ,Kunisakimachi Kawara,,,,,,,,0,0,0,0,0,0,1,1,1947-04-17,,0,8730531,
442143,0028000,1,大分県,オオイタケン,Oita,,,,国東市,クニサキシ,Kunisaki-shi,,,,国東町北江,クニサキマチキタエ,Kunisakimachi Kitae,,,,,,,,0,0,0,0,0,0,1,1,1947-04-17,,0,8730501,
442143,0029000,1,大分県,オオイタケン,Oita,,,,国東市,クニサキシ,Kunisaki-shi,,,,国東町来浦,クニサキマチクノウラ,Kunisakimachi Kunora,,,,,,,,0,0,0,0,0,0,1,1,1947-04-17,,0,8721652,
442143,0030000,1,大分県,オオイタケン,Oita,,,,国東市,クニサキシ,Kunisaki-shi,,,,国東町見地,クニサキマチケンジ,Kunisakimachi Kenji,,,,,,,,0,0,0,0,0,0,1,1,1947-04-17,,0,8730533,
442143,0031000,1,大分県,オオイタケン,Oita,,,,国東市,クニサキシ,Kunisaki-shi,,,,国東町重藤,クニサキマチシゲフジ,Kunisakimachi Shigefuji,,,,,,,,0,0,0,0,0,0,1,1,1947-04-17,,0,8730514,
442143,0032000,1,大分県,オオイタケン,Oita,,,,国東市,クニサキシ,Kunisaki-shi,,,,国東町下成仏,クニサキマチシモジョウブツ,Kunisakimachi Shimojobutsu,,,,,,,,0,0,0,0,0,0,1,1,1947-04-17,,0,8730534,
442143,0033000,1,大分県,オオイタケン,Oita,,,,国東市,クニサキシ,Kunisaki-shi,,,,国東町成仏,クニサキマチジョウブツ,Kunisakimachi Jobutsu,,,,,,,,0,0,0,0,0,0,1,1,1947-04-17,,0,8730535,
442143,0034000,1,大分県,オオイタケン,Oita,,,,国東市,クニサキシ,Kunisaki-shi,,,,国東町治郎丸,クニサキマチジロマル,Kunisakimachi Jiromaru,,,,,,,,0,0,0,0,0,0,1,1,1947-04-17,,0,8730512,
442143,0035000,1,大分県,オオイタケン,Oita,,,,国東市,クニサキシ,Kunisaki-shi,,,,国東町大恩寺,クニサキマチダイオンジ,Kunisakimachi Daionji,,,,,,,,0,0,0,0,0,0,1,1,1947-04-17,,0,8730646,
442143,0036000,1,大分県,オオイタケン,Oita,,,,国東市,クニサキシ,Kunisaki-shi,,,,国東町田深,クニサキマチタブカ,Kunisakimachi Tabuka,,,,,,,,0,0,0,0,0,0,1,1,1947-04-17,,0,8730502,
442143,0037000,1,大分県,オオイタケン,Oita,,,,国東市,クニサキシ,Kunisaki-shi,,,,国東町綱井,クニサキマチツナイ,Kunisakimachi Tsunai,,,,,,,,0,0,0,0,0,0,1,1,1947-04-17,,0,8730513,
442143,0038000,1,大分県,オオイタケン,Oita,,,,国東市,クニサキシ,Kunisaki-shi,,,,国東町鶴川,クニサキマチツルガワ,Kunisakimachi Tsurugawa,,,,,,,,0,0,0,0,0,0,1,1,1947-04-17,,0,8730503,
442143,0039000,1,大分県,オオイタケン,Oita,,,,国東市,クニサキシ,Kunisaki-shi,,,,国東町富来,クニサキマチトミク,Kunisakimachi Tomiku,,,,,,,,0,0,0,0,0,0,1,1,1947-04-17,,0,8730645,
442143,0040000,1,大分県,オオイタケン,Oita,,,,国東市,クニサキシ,Kunisaki-shi,,,,国東町富来浦,クニサキマチトミクウラ,Kunisakimachi Tomikura,,,,,,,,0,0,0,0,0,0,1,1,1947-04-17,,0,8730643,
442143,0041000,1,大分県,オオイタケン,Oita,,,,国東市,クニサキシ,Kunisaki-shi,,,,国東町中田,クニサキマチナカダ,Kunisakimachi Nakada,,,,,,,,0,0,0,0,0,0,1,1,1947-04-17,,0,8730532,
442143,0042000,1,大分県,オオイタケン,Oita,,,,国東市,クニサキシ,Kunisaki-shi,,,,国東町浜,クニサキマチハマ,Kunisakimachi Hama,,,,,,,,0,0,0,0,0,0,1,1,1947-04-17,,0,8721651,
442143,0043000,1,大分県,オオイタケン,Oita,,,,国東市,クニサキシ,Kunisaki-shi,,,,国東町浜崎,クニサキマチハマサキ,Kunisakimachi Hamasaki,,,,,,,,0,0,0,0,0,0,1,1,1947-04-17,,0,8730644,
442143,0044000,1,大分県,オオイタケン,Oita,,,,国東市,クニサキシ,Kunisaki-shi,,,,国東町原,クニサキマチハル,Kunisakimachi Haru,,,,,,,,0,0,0,0,0,0,1,1,1947-04-17,,0,8730521,
442143,0045000,1,大分県,オオイタケン,Oita,,,,国東市,クニサキシ,Kunisaki-shi,,,,国東町東堅来,クニサキマチヒガシカタク,Kunisakimachi Higashikataku,,,,,,,,0,0,0,0,0,0,1,1,1947-04-17,,0,8730642,
442143,0046000,1,大分県,オオイタケン,Oita,,,,国東市,クニサキシ,Kunisaki-shi,,,,国東町深江,クニサキマチフカエ,Kunisakimachi Fukae,,,,,,,,0,0,0,0,0,0,1,1,1947-04-17,,0,8730641,
442143,0047000,1,大分県,オオイタケン,Oita,,,,国東市,クニサキシ,Kunisaki-shi,,,,国東町横手,クニサキマチヨコテ,Kunisakimachi Yokote,,,,,,,,0,0,0,0,0,0,1,1,1947-04-17,,0,8730524,
442143,0048000,1,大分県,オオイタケン,Oita,,,,国東市,クニサキシ,Kunisaki-shi,,,,国見町赤根,クニミマチアカネ,Kunimimachi Akane,,,,,,,,0,0,0,0,0,0,1,1,1947-04-17,,0,8721405,
442143,0049000,1,大分県,オオイタケン,Oita,,,,国東市,クニサキシ,Kunisaki-shi,,,,国見町伊美,クニミマチイミ,Kunimimachi Imi,,,,,,,,0,0,0,0,0,0,1,1,1947-04-17,,0,8721401,
442143,0050000,1,大分県,オオイタケン,Oita,,,,国東市,クニサキシ,Kunisaki-shi,,,,国見町大熊毛,クニミマチオオクマゲ,Kunimimachi Okumage,,,,,,,,0,0,0,0,0,0,1,1,1947-04-17,,0,8721612,
442143,0051000,1,大分県,オオイタケン,Oita,,,,国東市,クニサキシ,Kunisaki-shi,,,,国見町鬼籠,クニミマチキコ,Kunimimachi Kiko,,,,,,,,0,0,0,0,0,0,1,1,1947-04-17,,0,8721323,
442143,0052000,1,大分県,オオイタケン,Oita,,,,国東市,クニサキシ,Kunisaki-shi,,,,国見町岐部,クニミマチキベ,Kunimimachi Kibe,,,,,,,,0,0,0,0,0,0,1,1,1947-04-17,,0,8721614,
442143,0053000,1,大分県,オオイタケン,Oita,,,,国東市,クニサキシ,Kunisaki-shi,,,,国見町櫛来,クニミマチクシク,Kunimimachi Kushiku,,,,,,,,0,0,0,0,0,0,1,1,1947-04-17,,0,8721406,
442143,0054000,1,大分県,オオイタケン,Oita,,,,国東市,クニサキシ,Kunisaki-shi,,,,国見町櫛海,クニミマチクシノミ,Kunimimachi Kushinomi,,,,,,,,0,0,0,0,0,0,1,1,1947-04-17,,0,8721324,
442143,0055000,1,大分県,オオイタケン,Oita,,,,国東市,クニサキシ,Kunisaki-shi,,,,国見町小熊毛,クニミマチコクマゲ,Kunimimachi Kokumage,,,,,,,,0,0,0,0,0,0,1,1,1947-04-17,,0,8721613,
442143,0056000,1,大分県,オオイタケン,Oita,,,,国東市,クニサキシ,Kunisaki-shi,,,,国見町西方寺,クニミマチサイホウジ,Kunimimachi Saihoji,,,,,,,,0,0,0,0,0,0,1,1,1947-04-17,,0,8721322,
442143,0057000,1,大分県,オオイタケン,Oita,,,,国東市,クニサキシ,Kunisaki-shi,,,,国見町千燈,クニミマチセンドウ,Kunimimachi Sendo,,,,,,,,0,0,0,0,0,0,1,1,1947-04-17,,0,8721404,
442143,0058000,1,大分県,オオイタケン,Oita,,,,国東市,クニサキシ,Kunisaki-shi,,,,国見町竹田津,クニミマチタケタヅ,Kunimimachi Taketazu,,,,,,,,0,0,0,0,0,0,1,1,1947-04-17,,0,8721321,
442143,0059000,1,大分県,オオイタケン,Oita,,,,国東市,クニサキシ,Kunisaki-shi,,,,国見町中,クニミマチナカ,Kunimimachi Naka,,,,,,,,0,0,0,0,0,0,1,1,1947-04-17,,0,8721402,
442143,0060000,1,大分県,オオイタケン,Oita,,,,国東市,クニサキシ,Kunisaki-shi,,,,国見町野田,クニミマチノダ,Kunimimachi Noda,,,,,,,,0,0,0,0,0,0,1,1,1947-04-17,,0,8721403,
442143,0061000,1,大分県,オオイタケン,Oita,,,,国東市,クニサキシ,Kunisaki-shi,,,,国見町向田,クニミマチムカタ,Kunimimachi Mukata,,,,,,,,0,0,0,0,0,0,1,1,1947-04-17,,0,8721611,
442143,0062000,1,大分県,オオイタケン,Oita,,,,国東市,クニサキシ,Kunisaki-shi,,,,武蔵町麻田,ムサシマチアサダ,Musashimachi Asada,,,,,,,,0,0,0,0,0,0,1,1,1947-04-17,,0,8730405,
442143,0063000,1,大分県,オオイタケン,Oita,,,,国東市,クニサキシ,Kunisaki-shi,,,,武蔵町池ノ内,ムサシマチイケノウチ,Musashimachi Ikenochi,,,,,,,,0,0,0,0,0,0,1,1,1947-04-17,,0,8730401,
442143,0064000,1,大分県,オオイタケン,Oita,,,,国東市,クニサキシ,Kunisaki-shi,,,,武蔵町糸原,ムサシマチイトハル,Musashimachi Itoharu,,,,,,,,0,0,0,0,0,0,1,1,1947-04-17,,0,8730421,
442143,0065000,1,大分県,オオイタケン,Oita,,,,国東市,クニサキシ,Kunisaki-shi,,,,武蔵町内田,ムサシマチウチダ,Musashimachi Uchida,,,,,,,,0,0,0,0,0,0,1,1,1947-04-17,,0,8730402,
442143,0066000,1,大分県,オオイタケン,Oita,,,,国東市,クニサキシ,Kunisaki-shi,,,,武蔵町小城,ムサシマチオギ,Musashimachi Ogi,,,,,,,,0,0,0,0,0,0,1,1,1947-04-17,,0,8730422,
442143,0067000,1,大分県,オオイタケン,Oita,,,,国東市,クニサキシ,Kunisaki-shi,,,,武蔵町向陽台,ムサシマチコウヨウダイ,Musashimachi Koyodai,,,,,,,,0,0,0,0,0,0,1,1,1947-04-17,,0,8730432,
442143,0068000,1,大分県,オオイタケン,Oita,,,,国東市,クニサキシ,Kunisaki-shi,,,,武蔵町志和利,ムサシマチシワリ,Musashimachi Shiwari,,,,,,,,0,0,0,0,0,0,1,1,1947-04-17,,0,8730424,
442143,0069000,1,大分県,オオイタケン,Oita,,,,国東市,クニサキシ,Kunisaki-shi,,,,武蔵町手野,ムサシマチテノ,Musashimachi Teno,,,,,,,,0,0,0,0,0,0,1,1,1947-04-17,,0,8730414,
442143,0070000,1,大分県,オオイタケン,Oita,,,,国東市,クニサキシ,Kunisaki-shi,,,,武蔵町成吉,ムサシマチナリヨシ,Musashimachi Nariyoshi,,,,,,,,0,0,0,0,0,0,1,1,1947-04-17,,0,8730404,
442143,0071000,1,大分県,オオイタケン,Oita,,,,国東市,クニサキシ,Kunisaki-shi,,,,武蔵町狭間,ムサシマチハサマ,Musashimachi Hasama,,,,,,,,0,0,0,0,0,0,1,1,1947-04-17,,0,8730407,
442143,0072000,1,大分県,オオイタケン,Oita,,,,国東市,クニサキシ,Kunisaki-shi,,,,武蔵町古市,ムサシマチフルイチ,Musashimachi Furuichi,,,,,,,,0,0,0,0,0,0,1,1,1947-04-17,,0,8730412,
442143,0073000,1,大分県,オオイタケン,Oita,,,,国東市,クニサキシ,Kunisaki-shi,,,,武蔵町丸小野,ムサシマチマルオノ,Musashimachi Maruono,,,,,,,,0,0,0,0,0,0,1,1,1947-04-17,,0,8730406,
442143,0074000,1,大分県,オオイタケン,Oita,,,,国東市,クニサキシ,Kunisaki-shi,,,,武蔵町三井寺,ムサシマチミイデラ,Musashimachi Miidera,,,,,,,,0,0,0,0,0,0,1,1,1947-04-17,,0,8730423,
442143,0075000,1,大分県,オオイタケン,Oita,,,,国東市,クニサキシ,Kunisaki-shi,,,,武蔵町吉広,ムサシマチヨシヒロ,Musashimachi Yoshihiro,,,,,,,,0,0,0,0,0,0,1,1,1947-04-17,,0,8730415,
443221,0000000,4,大分県,オオイタケン,Oita,東国東郡,ヒガシクニサキグン,Higashikunisaki-gun,姫島村,ヒメシマムラ,Himeshima-mura,,,,,,,,,,,,,,0,0,0,0,0,0,1,1,1947-04-17,,0,,
443221,0000101,3,大分県,オオイタケン,Oita,東国東郡,ヒガシクニサキグン,Higashikunisaki-gun,姫島村,ヒメシマムラ,Himeshima-mura,,,,,,,,,,西浦,ニシウラ,,,0,0,0,1,0,0,0,0,1947-04-17,,0,,
443221,0000102,3,大分県,オオイタケン,Oita,東国東郡,ヒガシクニサキグン,Higashikunisaki-gun,姫島村,ヒメシマムラ,Himeshima-mura,,,,,,,,,,大海,オオミ,,,0,0,0,1,0,0,0,0,1947-04-17,,0,,
443221,0000103,3,大分県,オオイタケン,Oita,東国東郡,ヒガシクニサキグン,Higashikunisaki-gun,姫島村,ヒメシマムラ,Himeshima-mura,,,,,,,,,,南浦,ミナミウラ,,,0,0,0,1,0,0,0,0,1947-04-17,,0,,
443221,0000104,3,大分県,オオイタケン,Oita,東国東郡,ヒガシクニサキグン,Higashikunisaki-gun,姫島村,ヒメシマムラ,Himeshima-mura,,,,,,,,,,北浦,キタウラ,,,0,0,0,1,0,0,0,0,1947-04-17,,0,,
443417,0000000,4,大分県,オオイタケン,Oita,速見郡,ハヤミグン,Hayami-gun,日出町,ヒジマチ,Hiji-machi,,,,,,,,,,,,,,0,0,0,0,0,0,1,1,1947-04-17,,0,,
443417,0000101,3,大分県,オオイタケン,Oita,速見郡,ハヤミグン,Hayami-gun,日出町,ヒジマチ,Hiji-machi,,,,,,,,,,井ノ辻,イノツジ,,,0,0,0,1,0,0,0,0,1947-04-17,,0,,
443417,0000102,3,大分県,オオイタケン,Oita,速見郡,ハヤミグン,Hayami-gun,日出町,ヒジマチ,Hiji-machi,,,,,,,,,,井手,イデ,,,0,0,0,1,0,0,0,0,1947-04-17,,0,,
443417,0000103,3,大分県,オオイタケン,Oita,速見郡,ハヤミグン,Hayami-gun,日出町,ヒジマチ,Hiji-machi,,,,,,,,,,一ノ坂,イチノサカ,,,0,0,0,1,0,0,0,0,1947-04-17,,0,,
443417,0000104,3,大分県,オオイタケン,Oita,速見郡,ハヤミグン,Hayami-gun,日出町,ヒジマチ,Hiji-machi,,,,,,,,,,影平,カゲヒラ,,,0,0,0,1,0,0,0,0,1947-04-17,,0,,
443417,0000105,3,大分県,オオイタケン,Oita,速見郡,ハヤミグン,Hayami-gun,日出町,ヒジマチ,Hiji-machi,,,,,,,,,,榎,エノキ,,,0,0,0,1,0,0,0,0,1947-04-17,,0,,
443417,0000106,3,大分県,オオイタケン,Oita,速見郡,ハヤミグン,Hayami-gun,日出町,ヒジマチ,Hiji-machi,,,,,,,,,,奥畑,オクバタ,,,0,0,0,1,0,0,0,0,1947-04-17,,0,,
443417,0000107,3,大分県,オオイタケン,Oita,速見郡,ハヤミグン,Hayami-gun,日出町,ヒジマチ,Hiji-machi,,,,,,,,,,下川久保,シモカワクボ,,,0,0,0,1,0,0,0,0,1947-04-17,,0,,
443417,0000108,3,大分県,オオイタケン,Oita,速見郡,ハヤミグン,Hayami-gun,日出町,ヒジマチ,Hiji-machi,,,,,,,,,,下地蔵丸,シタジゾウマル,,,0,0,0,1,0,0,0,0,1947-04-17,,0,,
443417,0000109,3,大分県,オオイタケン,Oita,速見郡,ハヤミグン,Hayami-gun,日出町,ヒジマチ,Hiji-machi,,,,,,,,,,会下,エゲ,,,0,0,0,1,0,0,0,0,1947-04-17,,0,,
443417,0000110,3,大分県,オオイタケン,Oita,速見郡,ハヤミグン,Hayami-gun,日出町,ヒジマチ,Hiji-machi,,,,,,,,,,皆本,カイモト,,,0,0,0,1,0,0,0,0,1947-04-17,,0,,
443417,0000111,3,大分県,オオイタケン,Oita,速見郡,ハヤミグン,Hayami-gun,日出町,ヒジマチ,Hiji-machi,,,,,,,,,,覚雲寺,カクウンジ,,,0,0,0,1,0,0,0,0,1947-04-17,,0,,
443417,0000112,3,大分県,オオイタケン,Oita,速見郡,ハヤミグン,Hayami-gun,日出町,ヒジマチ,Hiji-machi,,,,,,,,,,萱場,カヤバ,,,0,0,0,1,0,0,0,0,1947-04-17,,0,,
443417,0000113,3,大分県,オオイタケン,Oita,速見郡,ハヤミグン,Hayami-gun,日出町,ヒジマチ,Hiji-machi,,,,,,,,,,迎屋敷,ムカエヤシキ,,,0,0,0,1,0,0,0,0,1947-04-17,,0,,
443417,0000114,3,大分県,オオイタケン,Oita,速見郡,ハヤミグン,Hayami-gun,日出町,ヒジマチ,Hiji-machi,,,,,,,,,,軒ノ井,ノキノイ,,,0,0,0,1,0,0,0,0,1947-04-17,,0,,
443417,0000115,3,大分県,オオイタケン,Oita,速見郡,ハヤミグン,Hayami-gun,日出町,ヒジマチ,Hiji-machi,,,,,,,,,,原山,ハルヤマ,,,0,0,0,1,0,0,0,0,1947-04-17,,0,,
443417,0000116,3,大分県,オオイタケン,Oita,速見郡,ハヤミグン,Hayami-gun,日出町,ヒジマチ,Hiji-machi,,,,,,,,,,後村,ウシロムラ,,,0,0,0,1,0,0,0,0,1947-04-17,,0,,
443417,0000117,3,大分県,オオイタケン,Oita,速見郡,ハヤミグン,Hayami-gun,日出町,ヒジマチ,Hiji-machi,,,,,,,,,,港,ミナト,,,0,0,0,1,0,0,0,0,1947-04-17,,0,,
443417,0000118,3,大分県,オオイタケン,Oita,速見郡,ハヤミグン,Hayami-gun,日出町,ヒジマチ,Hiji-machi,,,,,,,,,,高平,コウビラ,,,0,0,0,1,0,0,0,0,1947-04-17,,0,,
443417,0000119,3,大分県,オオイタケン,Oita,速見郡,ハヤミグン,Hayami-gun,日出町,ヒジマチ,Hiji-machi,,,,,,,,,,今畑,イマバタ,,,0,0,0,1,0,0,0,0,1947-04-17,,0,,
443417,0000120,3,大分県,オオイタケン,Oita,速見郡,ハヤミグン,Hayami-gun,日出町,ヒジマチ,Hiji-machi,,,,,,,,,,笹原,ササハラ,,,0,0,0,1,0,0,0,0,1947-04-17,,0,,
443417,0000121,3,大分県,オオイタケン,Oita,速見郡,ハヤミグン,Hayami-gun,日出町,ヒジマチ,Hiji-machi,,,,,,,,,,三尺山,サンジャクヤマ,,,0,0,0,1,0,0,0,0,1947-04-17,,0,,
443417,0000122,3,大分県,オオイタケン,Oita,速見郡,ハヤミグン,Hayami-gun,日出町,ヒジマチ,Hiji-machi,,,,,,,,,,山田,ヤマダ,,,0,0,0,1,0,0,0,0,1947-04-17,,0,,
443417,0000123,3,大分県,オオイタケン,Oita,速見郡,ハヤミグン,Hayami-gun,日出町,ヒジマチ,Hiji-machi,,,,,,,,,,宗行,ムネユキ,,,0,0,0,1,0,0,0,0,1947-04-17,,0,,
443417,0000124,3,大分県,オオイタケン,Oita,速見郡,ハヤミグン,Hayami-gun,日出町,ヒジマチ,Hiji-machi,,,,,,,,,,秋貞,アキサダ,,,0,0,0,1,0,0,0,0,1947-04-17,,0,,
443417,0000125,3,大分県,オオイタケン,Oita,速見郡,ハヤミグン,Hayami-gun,日出町,ヒジマチ,Hiji-machi,,,,,,,,,,小浦,コウラ,,,0,0,0,1,0,0,0,0,1947-04-17,,0,,
443417,0000126,3,大分県,オオイタケン,Oita,速見郡,ハヤミグン,Hayami-gun,日出町,ヒジマチ,Hiji-machi,,,,,,,,,,小布倉,コオクラ,,,0,0,0,1,0,0,0,0,1947-04-17,,0,,
443417,0000127,3,大分県,オオイタケン,Oita,速見郡,ハヤミグン,Hayami-gun,日出町,ヒジマチ,Hiji-machi,,,,,,,,,,沼津,ヌマヅ,,,0,0,0,1,0,0,0,0,1947-04-17,,0,,
443417,0000128,3,大分県,オオイタケン,Oita,速見郡,ハヤミグン,Hayami-gun,日出町,ヒジマチ,Hiji-machi,,,,,,,,,,照川,テルカワ,,,0,0,0,1,0,0,0,0,1947-04-17,,0,,
443417,0000129,3,大分県,オオイタケン,Oita,速見郡,ハヤミグン,Hayami-gun,日出町,ヒジマチ,Hiji-machi,,,,,,,,,,上ノ原,ウエノハラ,,,0,0,0,1,0,0,0,0,1947-04-17,,0,,
443417,0000130,3,大分県,オオイタケン,Oita,速見郡,ハヤミグン,Hayami-gun,日出町,ヒジマチ,Hiji-machi,,,,,,,,,,上三釘,カミミクギ,,,0,0,0,1,0,0,0,0,1947-04-17,,0,,
443417,0000131,3,大分県,オオイタケン,Oita,速見郡,ハヤミグン,Hayami-gun,日出町,ヒジマチ,Hiji-machi,,,,,,,,,,上深江,カミブカエ,,,0,0,0,1,0,0,0,0,1947-04-17,,0,,
443417,0000132,3,大分県,オオイタケン,Oita,速見郡,ハヤミグン,Hayami-gun,日出町,ヒジマチ,Hiji-machi,,,,,,,,,,上川久保,カミカワクボ,,,0,0,0,1,0,0,0,0,1947-04-17,,0,,
443417,0000133,3,大分県,オオイタケン,Oita,速見郡,ハヤミグン,Hayami-gun,日出町,ヒジマチ,Hiji-machi,,,,,,,,,,新貝,シンガイ,,,0,0,0,1,0,0,0,0,1947-04-17,,0,,
443417,0000134,3,大分県,オオイタケン,Oita,速見郡,ハヤミグン,Hayami-gun,日出町,ヒジマチ,Hiji-machi,,,,,,,,,,真那井,マナイ,Manai,,0,0,0,1,0,0,0,0,1947-04-17,,0,8791503,
443417,0000135,3,大分県,オオイタケン,Oita,速見郡,ハヤミグン,Hayami-gun,日出町,ヒジマチ,Hiji-machi,,,,,,,,,,神宮,シングウ,,,0,0,0,1,0,0,0,0,1947-04-17,,0,,
443417,0000136,3,大分県,オオイタケン,Oita,速見郡,ハヤミグン,Hayami-gun,日出町,ヒジマチ,Hiji-machi,,,,,,,,,,瀬ノ上,セノウエ,,,0,0,0,1,0,0,0,0,1947-04-17,,0,,
443417,0000137,3,大分県,オオイタケン,Oita,速見郡,ハヤミグン,Hayami-gun,日出町,ヒジマチ,Hiji-machi,,,,,,,,,,是広,コレヒロ,,,0,0,0,1,0,0,0,0,1947-04-17,,0,,
443417,0000138,3,大分県,オオイタケン,Oita,速見郡,ハヤミグン,Hayami-gun,日出町,ヒジマチ,Hiji-machi,,,,,,,,,,成行,ナリユキ,,,0,0,0,1,0,0,0,0,1947-04-17,,0,,
443417,0000139,3,大分県,オオイタケン,Oita,速見郡,ハヤミグン,Hayami-gun,日出町,ヒジマチ,Hiji-machi,,,,,,,,,,清水,シミズ,,,0,0,0,1,0,0,0,0,1947-04-17,,0,,
443417,0000140,3,大分県,オオイタケン,Oita,速見郡,ハヤミグン,Hayami-gun,日出町,ヒジマチ,Hiji-machi,,,,,,,,,,西の一,ニシノイチ,,,0,0,0,1,0,0,0,0,1947-04-17,,0,,
443417,0000141,3,大分県,オオイタケン,Oita,速見郡,ハヤミグン,Hayami-gun,日出町,ヒジマチ,Hiji-machi,,,,,,,,,,西小深江,ニシコブカエ,,,0,0,0,1,0,0,0,0,1947-04-17,,0,,
443417,0000142,3,大分県,オオイタケン,Oita,速見郡,ハヤミグン,Hayami-gun,日出町,ヒジマチ,Hiji-machi,,,,,,,,,,石丸,イシマル,,,0,0,0,1,0,0,0,0,1947-04-17,,0,,
443417,0000143,3,大分県,オオイタケン,Oita,速見郡,ハヤミグン,Hayami-gun,日出町,ヒジマチ,Hiji-machi,,,,,,,,,,赤松,アカマツ,,,0,0,0,1,0,0,0,0,1947-04-17,,0,,
443417,0000144,3,大分県,オオイタケン,Oita,速見郡,ハヤミグン,Hayami-gun,日出町,ヒジマチ,Hiji-machi,,,,,,,,,,千騎,センギ,,,0,0,0,1,0,0,0,0,1947-04-17,,0,,
443417,0000145,3,大分県,オオイタケン,Oita,速見郡,ハヤミグン,Hayami-gun,日出町,ヒジマチ,Hiji-machi,,,,,,,,,,相原,アイハラ,,,0,0,0,1,0,0,0,0,1947-04-17,,0,,
443417,0000146,3,大分県,オオイタケン,Oita,速見郡,ハヤミグン,Hayami-gun,日出町,ヒジマチ,Hiji-machi,,,,,,,,,,則次,ノリツギ,,,0,0,0,1,0,0,0,0,1947-04-17,,0,,
443417,0000147,3,大分県,オオイタケン,Oita,速見郡,ハヤミグン,Hayami-gun,日出町,ヒジマチ,Hiji-machi,,,,,,,,,,太田,タイダ,,,0,0,0,1,0,0,0,0,1947-04-17,,0,,
443417,0000148,3,大分県,オオイタケン,Oita,速見郡,ハヤミグン,Hayami-gun,日出町,ヒジマチ,Hiji-machi,,,,,,,,,,台,ダイ,,,0,0,0,1,0,0,0,0,1947-04-17,,0,,
443417,0000149,3,大分県,オオイタケン,Oita,速見郡,ハヤミグン,Hayami-gun,日出町,ヒジマチ,Hiji-machi,,,,,,,,,,大津,オオヅ,,,0,0,0,1,0,0,0,0,1947-04-17,,0,,
443417,0000150,3,大分県,オオイタケン,Oita,速見郡,ハヤミグン,Hayami-gun,日出町,ヒジマチ,Hiji-machi,,,,,,,,,,大峰,オオミネ,,,0,0,0,1,0,0,0,0,1947-04-17,,0,,
443417,0000151,3,大分県,オオイタケン,Oita,速見郡,ハヤミグン,Hayami-gun,日出町,ヒジマチ,Hiji-machi,,,,,,,,,,中央,チュウオウ,,,0,0,0,1,0,0,0,0,1947-04-17,,0,,
443417,0000152,3,大分県,オオイタケン,Oita,速見郡,ハヤミグン,Hayami-gun,日出町,ヒジマチ,Hiji-machi,,,,,,,,,,中山,ナカヤマ,,,0,0,0,1,0,0,0,0,1947-04-17,,0,,
443417,0000153,3,大分県,オオイタケン,Oita,速見郡,ハヤミグン,Hayami-gun,日出町,ヒジマチ,Hiji-machi,,,,,,,,,,中村,ナカムラ,,,0,0,0,1,0,0,0,0,1947-04-17,,0,,
443417,0000154,3,大分県,オオイタケン,Oita,速見郡,ハヤミグン,Hayami-gun,日出町,ヒジマチ,Hiji-machi,,,,,,,,,,長野,ナガノ,,,0,0,0,1,0,0,0,0,1947-04-17,,0,,
443417,0000155,3,大分県,オオイタケン,Oita,速見郡,ハヤミグン,Hayami-gun,日出町,ヒジマチ,Hiji-machi,,,,,,,,,,津留,ツル,,,0,0,0,1,0,0,0,0,1947-04-17,,0,,
443417,0000156,3,大分県,オオイタケン,Oita,速見郡,ハヤミグン,Hayami-gun,日出町,ヒジマチ,Hiji-machi,,,,,,,,,,通山,トオリヤマ,,,0,0,0,1,0,0,0,0,1947-04-17,,0,,
443417,0000157,3,大分県,オオイタケン,Oita,速見郡,ハヤミグン,Hayami-gun,日出町,ヒジマチ,Hiji-machi,,,,,,,,,,辻ノ尾,ツジノオ,,,0,0,0,1,0,0,0,0,1947-04-17,,0,,
443417,0000158,3,大分県,オオイタケン,Oita,速見郡,ハヤミグン,Hayami-gun,日出町,ヒジマチ,Hiji-machi,,,,,,,,,,辻間団地,ツジマダンチ,,,0,0,0,1,0,0,0,0,1947-04-17,,0,,
443417,0000159,3,大分県,オオイタケン,Oita,速見郡,ハヤミグン,Hayami-gun,日出町,ヒジマチ,Hiji-machi,,,,,,,,,,東小深江,ヒガシコブカエ,,,0,0,0,1,0,0,0,0,1947-04-17,,0,,
443417,0000160,3,大分県,オオイタケン,Oita,速見郡,ハヤミグン,Hayami-gun,日出町,ヒジマチ,Hiji-machi,,,,,,,,,,内野,ウチノ,,,0,0,0,1,0,0,0,0,1947-04-17,,0,,
443417,0000161,3,大分県,オオイタケン,Oita,速見郡,ハヤミグン,Hayami-gun,日出町,ヒジマチ,Hiji-machi,,,,,,,,,,南河原,ナンコウラ,,,0,0,0,1,0,0,0,0,1947-04-17,,0,,
443417,0000162,3,大分県,オオイタケン,Oita,速見郡,ハヤミグン,Hayami-gun,日出町,ヒジマチ,Hiji-machi,,,,,,,,,,南大神,ミナミオオガ,,,0,0,0,1,0,0,0,0,1947-04-17,,0,,
443417,0000163,3,大分県,オオイタケン,Oita,速見郡,ハヤミグン,Hayami-gun,日出町,ヒジマチ,Hiji-machi,,,,,,,,,,楠,クスノキ,,,0,0,0,1,0,0,0,0,1947-04-17,,0,,
443417,0000164,3,大分県,オオイタケン,Oita,速見郡,ハヤミグン,Hayami-gun,日出町,ヒジマチ,Hiji-machi,,,,,,,,,,日出,ヒジ,,,0,0,0,1,0,0,0,0,1947-04-17,,0,,
443417,0000165,3,大分県,オオイタケン,Oita,速見郡,ハヤミグン,Hayami-gun,日出町,ヒジマチ,Hiji-machi,,,,,,,,,,日出団地,ヒノデダンチ,,,0,0,0,1,0,0,0,0,1947-04-17,,0,,
443417,0000166,3,大分県,オオイタケン,Oita,速見郡,ハヤミグン,Hayami-gun,日出町,ヒジマチ,Hiji-machi,,,,,,,,,,日比ノ浦,ヒビノウラ,,,0,0,0,1,0,0,0,0,1947-04-17,,0,,
443417,0000167,3,大分県,オオイタケン,Oita,速見郡,ハヤミグン,Hayami-gun,日出町,ヒジマチ,Hiji-machi,,,,,,,,,,日平,ヒビラ,,,0,0,0,1,0,0,0,0,1947-04-17,,0,,
443417,0000168,3,大分県,オオイタケン,Oita,速見郡,ハヤミグン,Hayami-gun,日出町,ヒジマチ,Hiji-machi,,,,,,,,,,柏川,カシワガワ,,,0,0,0,1,0,0,0,0,1947-04-17,,0,,
443417,0000169,3,大分県,オオイタケン,Oita,速見郡,ハヤミグン,Hayami-gun,日出町,ヒジマチ,Hiji-machi,,,,,,,,,,薄尾,ススキオ,,,0,0,0,1,0,0,0,0,1947-04-17,,0,,
443417,0000170,3,大分県,オオイタケン,Oita,速見郡,ハヤミグン,Hayami-gun,日出町,ヒジマチ,Hiji-machi,,,,,,,,,,八代,ヤシロ,,,0,0,0,1,0,0,0,0,1947-04-17,,0,,
443417,0000171,3,大分県,オオイタケン,Oita,速見郡,ハヤミグン,Hayami-gun,日出町,ヒジマチ,Hiji-machi,,,,,,,,,,平原,ヒラバル,,,0,0,0,1,0,0,0,0,1947-04-17,,0,,
443417,0000172,3,大分県,オオイタケン,Oita,速見郡,ハヤミグン,Hayami-gun,日出町,ヒジマチ,Hiji-machi,,,,,,,,,,片原津,カタワラヅ,,,0,0,0,1,0,0,0,0,1947-04-17,,0,,
443417,0000173,3,大分県,オオイタケン,Oita,速見郡,ハヤミグン,Hayami-gun,日出町,ヒジマチ,Hiji-machi,,,,,,,,,,法花寺,ホケジ,,,0,0,0,1,0,0,0,0,1947-04-17,,0,,
443417,0000174,3,大分県,オオイタケン,Oita,速見郡,ハヤミグン,Hayami-gun,日出町,ヒジマチ,Hiji-machi,,,,,,,,,,豊岡,トヨオカ,Toyoka,,0,0,0,1,0,0,0,0,1947-04-17,,0,8791507,
443417,0000175,3,大分県,オオイタケン,Oita,速見郡,ハヤミグン,Hayami-gun,日出町,ヒジマチ,Hiji-machi,,,,,,,,,,北大神,キタオオガ,,,0,0,0,1,0,0,0,0,1947-04-17,,0,,
443417,0000176,3,大分県,オオイタケン,Oita,速見郡,ハヤミグン,Hayami-gun,日出町,ヒジマチ,Hiji-machi,,,,,,,,,,牧ノ内,マキノウチ,,,0,0,0,1,0,0,0,0,1947-04-17,,0,,
443417,0000177,3,大分県,オオイタケン,Oita,速見郡,ハヤミグン,Hayami-gun,日出町,ヒジマチ,Hiji-machi,,,,,,,,,,本町,ホンマチ,,,0,0,0,1,0,0,0,0,1947-04-17,,0,,
443417,0000178,3,大分県,オオイタケン,Oita,速見郡,ハヤミグン,Hayami-gun,日出町,ヒジマチ,Hiji-machi,,,,,,,,,,鳴川,ナルカワ,,,0,0,0,1,0,0,0,0,1947-04-17,,0,,
443417,0000179,3,大分県,オオイタケン,Oita,速見郡,ハヤミグン,Hayami-gun,日出町,ヒジマチ,Hiji-machi,,,,,,,,,,目刈,メガリ,,,0,0,0,1,0,0,0,0,1947-04-17,,0,,
443417,0000180,3,大分県,オオイタケン,Oita,速見郡,ハヤミグン,Hayami-gun,日出町,ヒジマチ,Hiji-machi,,,,,,,,,,弥四郎,ヤシロ,,,0,0,0,1,0,0,0,0,1947-04-17,,0,,
443417,0000181,3,大分県,オオイタケン,Oita,速見郡,ハヤミグン,Hayami-gun,日出町,ヒジマチ,Hiji-machi,,,,,,,,,,立野,タテノ,,,0,0,0,1,0,0,0,0,1947-04-17,,0,,
443417,0000182,3,大分県,オオイタケン,Oita,速見郡,ハヤミグン,Hayami-gun,日出町,ヒジマチ,Hiji-machi,,,,,,,,,,和泉,イズミ,,,0,0,0,1,0,0,0,0,1947-04-17,,0,,
443417,0000183,3,大分県,オオイタケン,Oita,速見郡,ハヤミグン,Hayami-gun,日出町,ヒジマチ,Hiji-machi,,,,,,,,,,櫃,カラト,,,0,0,0,1,0,0,0,0,1947-04-17,,0,,
443417,0000287,3,大分県,オオイタケン,Oita,速見郡,ハヤミグン,Hayami-gun,日出町,ヒジマチ,Hiji-machi,,,,,,,,,,仁王,ニオウ,,,0,0,0,1,0,0,0,0,1947-04-17,,0,,
443417,0000288,3,大分県,オオイタケン,Oita,速見郡,ハヤミグン,Hayami-gun,日出町,ヒジマチ,Hiji-machi,,,,,,,,,,堤,ツツミ,,,0,0,0,1,0,0,0,0,1947-04-17,,0,,
443417,0001000,1,大分県,オオイタケン,Oita,速見郡,ハヤミグン,Hayami-gun,日出町,ヒジマチ,Hiji-machi,,,,大字大神,オオアザオオガ,Oga,,,,,,,,0,0,0,0,0,0,1,1,1947-04-17,,0,8791504,
443417,0002000,1,大分県,オオイタケン,Oita,速見郡,ハヤミグン,Hayami-gun,日出町,ヒジマチ,Hiji-machi,,,,大字川崎,オオアザカワサキ,Kawasaki,,,,,,,,0,0,0,0,0,0,1,1,1947-04-17,,0,8791505,
443417,0003000,1,大分県,オオイタケン,Oita,速見郡,ハヤミグン,Hayami-gun,日出町,ヒジマチ,Hiji-machi,,,,大字豊岡,オオアザトヨオカ,Toyoka,,,,,,,,0,0,0,0,0,0,1,1,1947-04-17,,0,8791507,
443417,0004000,1,大分県,オオイタケン,Oita,速見郡,ハヤミグン,Hayami-gun,日出町,ヒジマチ,Hiji-machi,,,,大字平道,オオアザヒラミチ,Hiramichi,,,,,,,,0,0,0,0,0,0,1,1,1947-04-17,,0,8791508,
443417,0005000,1,大分県,オオイタケン,Oita,速見郡,ハヤミグン,Hayami-gun,日出町,ヒジマチ,Hiji-machi,,,,大字広瀬,オオアザヒロセ,Hirose,,,,,,,,0,0,0,0,0,0,1,1,1947-04-17,,0,8791501,
443417,0006000,1,大分県,オオイタケン,Oita,速見郡,ハヤミグン,Hayami-gun,日出町,ヒジマチ,Hiji-machi,,,,大字藤原,オオアザフジワラ,Fujiwara,,,,,,,,0,0,0,0,0,0,1,1,1947-04-17,,0,8791502,
443417,0007000,1,大分県,オオイタケン,Oita,速見郡,ハヤミグン,Hayami-gun,日出町,ヒジマチ,Hiji-machi,,,,大字真那井,オオアザマナイ,Manai,,,,,,,,0,0,0,0,0,0,1,1,1947-04-17,,0,8791503,
443417,0008000,1,大分県,オオイタケン,Oita,速見郡,ハヤミグン,Hayami-gun,日出町,ヒジマチ,Hiji-machi,,,,大字南畑,オオアザミナミハタ,Minamihata,,,,,,,,0,0,0,0,0,0,1,1,1947-04-17,,0,8791509,
444618,0000101,3,大分県,オオイタケン,Oita,玖珠郡,クスグン,Kusu-gun,九重町,ココノエマチ,Kokonoe-machi,,,,,,,,,,旭,アサヒ,,,0,0,0,1,0,0,0,0,1947-04-17,,0,,
444618,0000102,3,大分県,オオイタケン,Oita,玖珠郡,クスグン,Kusu-gun,九重町,ココノエマチ,Kokonoe-machi,,,,,,,,,,粟野本村,アワノホンムラ,,,0,0,0,1,0,0,0,0,1947-04-17,,0,,
444618,0000103,3,大分県,オオイタケン,Oita,玖珠郡,クスグン,Kusu-gun,九重町,ココノエマチ,Kokonoe-machi,,,,,,,,,,安川,ヤスカワ,,,0,0,0,1,0,0,0,0,1947-04-17,,0,,
444618,0000104,3,大分県,オオイタケン,Oita,玖珠郡,クスグン,Kusu-gun,九重町,ココノエマチ,Kokonoe-machi,,,,,,,,,,井手,イデ,,,0,0,0,1,0,0,0,0,1947-04-17,,0,,
444618,0000105,3,大分県,オオイタケン,Oita,玖珠郡,クスグン,Kusu-gun,九重町,ココノエマチ,Kokonoe-machi,,,,,,,,,,引治,ヒキジ,Hikiji,,0,0,0,1,0,0,0,0,1947-04-17,,0,8794722,
444618,0000106,3,大分県,オオイタケン,Oita,玖珠郡,クスグン,Kusu-gun,九重町,ココノエマチ,Kokonoe-machi,,,,,,,,,,越道,コエド,,,0,0,0,1,0,0,0,0,1947-04-17,,0,,
444618,0000107,3,大分県,オオイタケン,Oita,玖珠郡,クスグン,Kusu-gun,九重町,ココノエマチ,Kokonoe-machi,,,,,,,,,,奥双石,オクナメシ,,,0,0,0,1,0,0,0,0,1947-04-17,,0,,
444618,0000108,3,大分県,オオイタケン,Oita,玖珠郡,クスグン,Kusu-gun,九重町,ココノエマチ,Kokonoe-machi,,,,,,,,,,奥野,オクノ,,,0,0,0,1,0,0,0,0,1947-04-17,,0,,
444618,0000109,3,大分県,オオイタケン,Oita,玖珠郡,クスグン,Kusu-gun,九重町,ココノエマチ,Kokonoe-machi,,,,,,,,,,横道,ヨコミチ,,,0,0,0,1,0,0,0,0,1947-04-17,,0,,
444618,0000110,3,大分県,オオイタケン,Oita,玖珠郡,クスグン,Kusu-gun,九重町,ココノエマチ,Kokonoe-machi,,,,,,,,,,横尾,ヨコヲ,,,0,0,0,1,0,0,0,0,1947-04-17,,0,,
444618,0000111,3,大分県,オオイタケン,Oita,玖珠郡,クスグン,Kusu-gun,九重町,ココノエマチ,Kokonoe-machi,,,,,,,,,,荻釣,オギヅル,,,0,0,0,1,0,0,0,0,1947-04-17,,0,,
444618,0000112,3,大分県,オオイタケン,Oita,玖珠郡,クスグン,Kusu-gun,九重町,ココノエマチ,Kokonoe-machi,,,,,,,,,,下右田,シモミギタ,,,0,0,0,1,0,0,0,0,1947-04-17,,0,,
444618,0000113,3,大分県,オオイタケン,Oita,玖珠郡,クスグン,Kusu-gun,九重町,ココノエマチ,Kokonoe-machi,,,,,,,,,,下原,シモバル,,,0,0,0,1,0,0,0,0,1947-04-17,,0,,
444618,0000114,3,大分県,オオイタケン,Oita,玖珠郡,クスグン,Kusu-gun,九重町,ココノエマチ,Kokonoe-machi,,,,,,,,,,下旦,シモダン,,,0,0,0,1,0,0,0,0,1947-04-17,,0,,
444618,0000115,3,大分県,オオイタケン,Oita,玖珠郡,クスグン,Kusu-gun,九重町,ココノエマチ,Kokonoe-machi,,,,,,,,,,下畑,シモバタ,,,0,0,0,1,0,0,0,0,1947-04-17,,0,,
444618,0000116,3,大分県,オオイタケン,Oita,玖珠郡,クスグン,Kusu-gun,九重町,ココノエマチ,Kokonoe-machi,,,,,,,,,,河原,カワハル,,,0,0,0,1,0,0,0,0,1947-04-17,,0,,
444618,0000117,3,大分県,オオイタケン,Oita,玖珠郡,クスグン,Kusu-gun,九重町,ココノエマチ,Kokonoe-machi,,,,,,,,,,河内,カワウチ,,,0,0,0,1,0,0,0,0,1947-04-17,,0,,
444618,0000118,3,大分県,オオイタケン,Oita,玖珠郡,クスグン,Kusu-gun,九重町,ココノエマチ,Kokonoe-machi,,,,,,,,,,花牟礼,ハナムレ,,,0,0,0,1,0,0,0,0,1947-04-17,,0,,
444618,0000119,3,大分県,オオイタケン,Oita,玖珠郡,クスグン,Kusu-gun,九重町,ココノエマチ,Kokonoe-machi,,,,,,,,,,柿ノ木原,カキノキバル,,,0,0,0,1,0,0,0,0,1947-04-17,,0,,
444618,0000120,3,大分県,オオイタケン,Oita,玖珠郡,クスグン,Kusu-gun,九重町,ココノエマチ,Kokonoe-machi,,,,,,,,,,樫原,カシバル,,,0,0,0,1,0,0,0,0,1947-04-17,,0,,
444618,0000121,3,大分県,オオイタケン,Oita,玖珠郡,クスグン,Kusu-gun,九重町,ココノエマチ,Kokonoe-machi,,,,,,,,,,梶屋,カジヤ,,,0,0,0,1,0,0,0,0,1947-04-17,,0,,
444618,0000122,3,大分県,オオイタケン,Oita,玖珠郡,クスグン,Kusu-gun,九重町,ココノエマチ,Kokonoe-machi,,,,,,,,,,茅原小野,チワラオノ,,,0,0,0,1,0,0,0,0,1947-04-17,,0,,
444618,0000123,3,大分県,オオイタケン,Oita,玖珠郡,クスグン,Kusu-gun,九重町,ココノエマチ,Kokonoe-machi,,,,,,,,,,寒ノ地獄,カンノジゴク,,,0,0,0,1,0,0,0,0,1947-04-17,,0,,
444618,0000124,3,大分県,オオイタケン,Oita,玖珠郡,クスグン,Kusu-gun,九重町,ココノエマチ,Kokonoe-machi,,,,,,,,,,甘川水,アマガセ,,,0,0,0,1,0,0,0,0,1947-04-17,,0,,
444618,0000125,3,大分県,オオイタケン,Oita,玖珠郡,クスグン,Kusu-gun,九重町,ココノエマチ,Kokonoe-machi,,,,,,,,,,丸塚,マルヅカ,,,0,0,0,1,0,0,0,0,1947-04-17,,0,,
444618,0000126,3,大分県,オオイタケン,Oita,玖珠郡,クスグン,Kusu-gun,九重町,ココノエマチ,Kokonoe-machi,,,,,,,,,,岩ノ上,イワノウエ,,,0,0,0,1,0,0,0,0,1947-04-17,,0,,
444618,0000127,3,大分県,オオイタケン,Oita,玖珠郡,クスグン,Kusu-gun,九重町,ココノエマチ,Kokonoe-machi,,,,,,,,,,吉部,ヨシブ,,,0,0,0,1,0,0,0,0,1947-04-17,,0,,
444618,0000128,3,大分県,オオイタケン,Oita,玖珠郡,クスグン,Kusu-gun,九重町,ココノエマチ,Kokonoe-machi,,,,,,,,,,狭間,ハザマ,,,0,0,0,1,0,0,0,0,1947-04-17,,0,,
444618,0000129,3,大分県,オオイタケン,Oita,玖珠郡,クスグン,Kusu-gun,九重町,ココノエマチ,Kokonoe-machi,,,,,,,,,,桐木,キルギ,,,0,0,0,1,0,0,0,0,1947-04-17,,0,,
444618,0000130,3,大分県,オオイタケン,Oita,玖珠郡,クスグン,Kusu-gun,九重町,ココノエマチ,Kokonoe-machi,,,,,,,,,,筋湯,スジユ,,,0,0,0,1,0,0,0,0,1947-04-17,,0,,
444618,0000131,3,大分県,オオイタケン,Oita,玖珠郡,クスグン,Kusu-gun,九重町,ココノエマチ,Kokonoe-machi,,,,,,,,,,金山,キンザン,,,0,0,0,1,0,0,0,0,1947-04-17,,0,,
444618,0000132,3,大分県,オオイタケン,Oita,玖珠郡,クスグン,Kusu-gun,九重町,ココノエマチ,Kokonoe-machi,,,,,,,,,,串野,クシノ,,,0,0,0,1,0,0,0,0,1947-04-17,,0,,
444618,0000133,3,大分県,オオイタケン,Oita,玖珠郡,クスグン,Kusu-gun,九重町,ココノエマチ,Kokonoe-machi,,,,,,,,,,栗原,クリバル,,,0,0,0,1,0,0,0,0,1947-04-17,,0,,
444618,0000134,3,大分県,オオイタケン,Oita,玖珠郡,クスグン,Kusu-gun,九重町,ココノエマチ,Kokonoe-machi,,,,,,,,,,見留,ミトメ,,,0,0,0,1,0,0,0,0,1947-04-17,,0,,
444618,0000135,3,大分県,オオイタケン,Oita,玖珠郡,クスグン,Kusu-gun,九重町,ココノエマチ,Kokonoe-machi,,,,,,,,,,見良津,ミラツ,,,0,0,0,1,0,0,0,0,1947-04-17,,0,,
444618,0000136,3,大分県,オオイタケン,Oita,玖珠郡,クスグン,Kusu-gun,九重町,ココノエマチ,Kokonoe-machi,,,,,,,,,,後辻,ウシロツジ,,,0,0,0,1,0,0,0,0,1947-04-17,,0,,
444618,0000137,3,大分県,オオイタケン,Oita,玖珠郡,クスグン,Kusu-gun,九重町,ココノエマチ,Kokonoe-machi,,,,,,,,,,後野上,ウシロノガミ,Ushironogami,,0,0,0,1,0,0,0,0,1947-04-17,,0,8794803,
444618,0000138,3,大分県,オオイタケン,Oita,玖珠郡,クスグン,Kusu-gun,九重町,ココノエマチ,Kokonoe-machi,,,,,,,,,,後野上麦ノ平,ウシロノガミムギノヒラ,,,0,0,0,1,0,0,0,0,1947-04-17,,0,,
444618,0000139,3,大分県,オオイタケン,Oita,玖珠郡,クスグン,Kusu-gun,九重町,ココノエマチ,Kokonoe-machi,,,,,,,,,,口ノ園,クチノソノ,,,0,0,0,1,0,0,0,0,1947-04-17,,0,,
444618,0000140,3,大分県,オオイタケン,Oita,玖珠郡,クスグン,Kusu-gun,九重町,ココノエマチ,Kokonoe-machi,,,,,,,,,,高柳,タカヤナギ,,,0,0,0,1,0,0,0,0,1947-04-17,,0,,
444618,0000141,3,大分県,オオイタケン,Oita,玖珠郡,クスグン,Kusu-gun,九重町,ココノエマチ,Kokonoe-machi,,,,,,,,,,黒猪鹿,クロイガ,,,0,0,0,1,0,0,0,0,1947-04-17,,0,,
444618,0000142,3,大分県,オオイタケン,Oita,玖珠郡,クスグン,Kusu-gun,九重町,ココノエマチ,Kokonoe-machi,,,,,,,,,,甑岩,コシキイワ,,,0,0,0,1,0,0,0,0,1947-04-17,,0,,
444618,0000143,3,大分県,オオイタケン,Oita,玖珠郡,クスグン,Kusu-gun,九重町,ココノエマチ,Kokonoe-machi,,,,,,,,,,作草,サクソウ,,,0,0,0,1,0,0,0,0,1947-04-17,,0,,
444618,0000144,3,大分県,オオイタケン,Oita,玖珠郡,クスグン,Kusu-gun,九重町,ココノエマチ,Kokonoe-machi,,,,,,,,,,山ノ口,ヤマノクチ,,,0,0,0,1,0,0,0,0,1947-04-17,,0,,
444618,0000145,3,大分県,オオイタケン,Oita,玖珠郡,クスグン,Kusu-gun,九重町,ココノエマチ,Kokonoe-machi,,,,,,,,,,寺小野,テラオノ,,,0,0,0,1,0,0,0,0,1947-04-17,,0,,
444618,0000146,3,大分県,オオイタケン,Oita,玖珠郡,クスグン,Kusu-gun,九重町,ココノエマチ,Kokonoe-machi,,,,,,,,,,寺床,テラトコ,,,0,0,0,1,0,0,0,0,1947-04-17,,0,,
444618,0000147,3,大分県,オオイタケン,Oita,玖珠郡,クスグン,Kusu-gun,九重町,ココノエマチ,Kokonoe-machi,,,,,,,,,,鹿伏,カブシ,,,0,0,0,1,0,0,0,0,1947-04-17,,0,,
444618,0000148,3,大分県,オオイタケン,Oita,玖珠郡,クスグン,Kusu-gun,九重町,ココノエマチ,Kokonoe-machi,,,,,,,,,,室園,ムロゾノ,,,0,0,0,1,0,0,0,0,1947-04-17,,0,,
444618,0000149,3,大分県,オオイタケン,Oita,玖珠郡,クスグン,Kusu-gun,九重町,ココノエマチ,Kokonoe-machi,,,,,,,,,,舟ヶ迫,フナガサコ,,,0,0,0,1,0,0,0,0,1947-04-17,,0,,
444618,0000150,3,大分県,オオイタケン,Oita,玖珠郡,クスグン,Kusu-gun,九重町,ココノエマチ,Kokonoe-machi,,,,,,,,,,書曲,カイマゲ,,,0,0,0,1,0,0,0,0,1947-04-17,,0,,
444618,0000151,3,大分県,オオイタケン,Oita,玖珠郡,クスグン,Kusu-gun,九重町,ココノエマチ,Kokonoe-machi,,,,,,,,,,小園,オゾノ,,,0,0,0,1,0,0,0,0,1947-04-17,,0,,
444618,0000152,3,大分県,オオイタケン,Oita,玖珠郡,クスグン,Kusu-gun,九重町,ココノエマチ,Kokonoe-machi,,,,,,,,,,小垣,オガキ,,,0,0,0,1,0,0,0,0,1947-04-17,,0,,
444618,0000153,3,大分県,オオイタケン,Oita,玖珠郡,クスグン,Kusu-gun,九重町,ココノエマチ,Kokonoe-machi,,,,,,,,,,小久保,オクボ,,,0,0,0,1,0,0,0,0,1947-04-17,,0,,
444618,0000154,3,大分県,オオイタケン,Oita,玖珠郡,クスグン,Kusu-gun,九重町,ココノエマチ,Kokonoe-machi,,,,,,,,,,小平谷,オイラダニ,,,0,0,0,1,0,0,0,0,1947-04-17,,0,,
444618,0000155,3,大分県,オオイタケン,Oita,玖珠郡,クスグン,Kusu-gun,九重町,ココノエマチ,Kokonoe-machi,,,,,,,,,,上旦,カミダン,,,0,0,0,1,0,0,0,0,1947-04-17,,0,,
444618,0000156,3,大分県,オオイタケン,Oita,玖珠郡,クスグン,Kusu-gun,九重町,ココノエマチ,Kokonoe-machi,,,,,,,,,,城ノ尾,ジョウノヲ,,,0,0,0,1,0,0,0,0,1947-04-17,,0,,
444618,0000157,3,大分県,オオイタケン,Oita,玖珠郡,クスグン,Kusu-gun,九重町,ココノエマチ,Kokonoe-machi,,,,,,,,,,陣ノ内,ジンノウチ,,,0,0,0,1,0,0,0,0,1947-04-17,,0,,
444618,0000158,3,大分県,オオイタケン,Oita,玖珠郡,クスグン,Kusu-gun,九重町,ココノエマチ,Kokonoe-machi,,,,,,,,,,須久保,スクボ,,,0,0,0,1,0,0,0,0,1947-04-17,,0,,
444618,0000159,3,大分県,オオイタケン,Oita,玖珠郡,クスグン,Kusu-gun,九重町,ココノエマチ,Kokonoe-machi,,,,,,,,,,吹上,フキアゲ,,,0,0,0,1,0,0,0,0,1947-04-17,,0,,
444618,0000160,3,大分県,オオイタケン,Oita,玖珠郡,クスグン,Kusu-gun,九重町,ココノエマチ,Kokonoe-machi,,,,,,,,,,杉ノ尾,スギノヲ,,,0,0,0,1,0,0,0,0,1947-04-17,,0,,
444618,0000161,3,大分県,オオイタケン,Oita,玖珠郡,クスグン,Kusu-gun,九重町,ココノエマチ,Kokonoe-machi,,,,,,,,,,菅原,スガワラ,Sugawara,,0,0,0,1,0,0,0,0,1947-04-17,,0,8794724,
444618,0000162,3,大分県,オオイタケン,Oita,玖珠郡,クスグン,Kusu-gun,九重町,ココノエマチ,Kokonoe-machi,,,,,,,,,,星生,ホッショウ,,,0,0,0,1,0,0,0,0,1947-04-17,,0,,
444618,0000163,3,大分県,オオイタケン,Oita,玖珠郡,クスグン,Kusu-gun,九重町,ココノエマチ,Kokonoe-machi,,,,,,,,,,生竜,イキリュウ,,,0,0,0,1,0,0,0,0,1947-04-17,,0,,
444618,0000164,3,大分県,オオイタケン,Oita,玖珠郡,クスグン,Kusu-gun,九重町,ココノエマチ,Kokonoe-machi,,,,,,,,,,西,ニシ,,,0,0,0,1,0,0,0,0,1947-04-17,,0,,
444618,0000165,3,大分県,オオイタケン,Oita,玖珠郡,クスグン,Kusu-gun,九重町,ココノエマチ,Kokonoe-machi,,,,,,,,,,石原,イシハラ,,,0,0,0,1,0,0,0,0,1947-04-17,,0,,
444618,0000166,3,大分県,オオイタケン,Oita,玖珠郡,クスグン,Kusu-gun,九重町,ココノエマチ,Kokonoe-machi,,,,,,,,,,川下南,カワシモミナミ,,,0,0,0,1,0,0,0,0,1947-04-17,,0,,
444618,0000167,3,大分県,オオイタケン,Oita,玖珠郡,クスグン,Kusu-gun,九重町,ココノエマチ,Kokonoe-machi,,,,,,,,,,川上,カワカミ,,,0,0,0,1,0,0,0,0,1947-04-17,,0,,
444618,0000168,3,大分県,オオイタケン,Oita,玖珠郡,クスグン,Kusu-gun,九重町,ココノエマチ,Kokonoe-machi,,,,,,,,,,川西,カワニシ,,,0,0,0,1,0,0,0,0,1947-04-17,,0,,
444618,0000169,3,大分県,オオイタケン,Oita,玖珠郡,クスグン,Kusu-gun,九重町,ココノエマチ,Kokonoe-machi,,,,,,,,,,川底,カワソコ,,,0,0,0,1,0,0,0,0,1947-04-17,,0,,
444618,0000170,3,大分県,オオイタケン,Oita,玖珠郡,クスグン,Kusu-gun,九重町,ココノエマチ,Kokonoe-machi,,,,,,,,,,川東,カワヒガシ,,,0,0,0,1,0,0,0,0,1947-04-17,,0,,
444618,0000171,3,大分県,オオイタケン,Oita,玖珠郡,クスグン,Kusu-gun,九重町,ココノエマチ,Kokonoe-machi,,,,,,,,,,潜石,クグリイシ,,,0,0,0,1,0,0,0,0,1947-04-17,,0,,
444618,0000172,3,大分県,オオイタケン,Oita,玖珠郡,クスグン,Kusu-gun,九重町,ココノエマチ,Kokonoe-machi,,,,,,,,,,前辻,マエツジ,,,0,0,0,1,0,0,0,0,1947-04-17,,0,,
444618,0000173,3,大分県,オオイタケン,Oita,玖珠郡,クスグン,Kusu-gun,九重町,ココノエマチ,Kokonoe-machi,,,,,,,,,,相狭間,アイバサマ,,,0,0,0,1,0,0,0,0,1947-04-17,,0,,
444618,0000174,3,大分県,オオイタケン,Oita,玖珠郡,クスグン,Kusu-gun,九重町,ココノエマチ,Kokonoe-machi,,,,,,,,,,大岳,オオダケ,,,0,0,0,1,0,0,0,0,1947-04-17,,0,,
444618,0000175,3,大分県,オオイタケン,Oita,玖珠郡,クスグン,Kusu-gun,九重町,ココノエマチ,Kokonoe-machi,,,,,,,,,,滝上,タキガミ,,,0,0,0,1,0,0,0,0,1947-04-17,,0,,
444618,0000176,3,大分県,オオイタケン,Oita,玖珠郡,クスグン,Kusu-gun,九重町,ココノエマチ,Kokonoe-machi,,,,,,,,,,拓郷,タクゴウ,,,0,0,0,1,0,0,0,0,1947-04-17,,0,,
444618,0000177,3,大分県,オオイタケン,Oita,玖珠郡,クスグン,Kusu-gun,九重町,ココノエマチ,Kokonoe-machi,,,,,,,,,,旦原,タンバル,,,0,0,0,1,0,0,0,0,1947-04-17,,0,,
444618,0000178,3,大分県,オオイタケン,Oita,玖珠郡,クスグン,Kusu-gun,九重町,ココノエマチ,Kokonoe-machi,,,,,,,,,,地蔵原,ヂゾウバル,,,0,0,0,1,0,0,0,0,1947-04-17,,0,,
444618,0000179,3,大分県,オオイタケン,Oita,玖珠郡,クスグン,Kusu-gun,九重町,ココノエマチ,Kokonoe-machi,,,,,,,,,,中原,ナカバル,,,0,0,0,1,0,0,0,0,1947-04-17,,0,,
444618,0000180,3,大分県,オオイタケン,Oita,玖珠郡,クスグン,Kusu-gun,九重町,ココノエマチ,Kokonoe-machi,,,,,,,,,,中須,ナカス,,,0,0,0,1,0,0,0,0,1947-04-17,,0,,
444618,0000181,3,大分県,オオイタケン,Oita,玖珠郡,クスグン,Kusu-gun,九重町,ココノエマチ,Kokonoe-machi,,,,,,,,,,中巣,ナカズ,,,0,0,0,1,0,0,0,0,1947-04-17,,0,,
444618,0000182,3,大分県,オオイタケン,Oita,玖珠郡,クスグン,Kusu-gun,九重町,ココノエマチ,Kokonoe-machi,,,,,,,,,,中村,ナカムラ,,,0,0,0,1,0,0,0,0,1947-04-17,,0,,
444618,0000183,3,大分県,オオイタケン,Oita,玖珠郡,クスグン,Kusu-gun,九重町,ココノエマチ,Kokonoe-machi,,,,,,,,,,中板,ナカイタ,,,0,0,0,1,0,0,0,0,1947-04-17,,0,,
444618,0000184,3,大分県,オオイタケン,Oita,玖珠郡,クスグン,Kusu-gun,九重町,ココノエマチ,Kokonoe-machi,,,,,,,,,,猪伏,イブシ,,,0,0,0,1,0,0,0,0,1947-04-17,,0,,
444618,0000185,3,大分県,オオイタケン,Oita,玖珠郡,クスグン,Kusu-gun,九重町,ココノエマチ,Kokonoe-machi,,,,,,,,,,猪牟田,シシムタ,,,0,0,0,1,0,0,0,0,1947-04-17,,0,,
444618,0000186,3,大分県,オオイタケン,Oita,玖珠郡,クスグン,Kusu-gun,九重町,ココノエマチ,Kokonoe-machi,,,,,,,,,,長者原,チョウジャバル,,,0,0,0,1,0,0,0,0,1947-04-17,,0,,
444618,0000187,3,大分県,オオイタケン,Oita,玖珠郡,クスグン,Kusu-gun,九重町,ココノエマチ,Kokonoe-machi,,,,,,,,,,鳥越,トリゴエ,,,0,0,0,1,0,0,0,0,1947-04-17,,0,,
444618,0000188,3,大分県,オオイタケン,Oita,玖珠郡,クスグン,Kusu-gun,九重町,ココノエマチ,Kokonoe-machi,,,,,,,,,,釣,ツル,,,0,0,0,1,0,0,0,0,1947-04-17,,0,,
444618,0000189,3,大分県,オオイタケン,Oita,玖珠郡,クスグン,Kusu-gun,九重町,ココノエマチ,Kokonoe-machi,,,,,,,,,,田尻,タジリ,,,0,0,0,1,0,0,0,0,1947-04-17,,0,,
444618,0000190,3,大分県,オオイタケン,Oita,玖珠郡,クスグン,Kusu-gun,九重町,ココノエマチ,Kokonoe-machi,,,,,,,,,,田代,タシロ,,,0,0,0,1,0,0,0,0,1947-04-17,,0,,
444618,0000191,3,大分県,オオイタケン,Oita,玖珠郡,クスグン,Kusu-gun,九重町,ココノエマチ,Kokonoe-machi,,,,,,,,,,田中,タナカ,,,0,0,0,1,0,0,0,0,1947-04-17,,0,,
444618,0000192,3,大分県,オオイタケン,Oita,玖珠郡,クスグン,Kusu-gun,九重町,ココノエマチ,Kokonoe-machi,,,,,,,,,,湯坪,ユツボ,Yutsubo,,0,0,0,1,0,0,0,0,1947-04-17,,0,8794912,
444618,0000193,3,大分県,オオイタケン,Oita,玖珠郡,クスグン,Kusu-gun,九重町,ココノエマチ,Kokonoe-machi,,,,,,,,,,栃木,トチギ,,,0,0,0,1,0,0,0,0,1947-04-17,,0,,
444618,0000194,3,大分県,オオイタケン,Oita,玖珠郡,クスグン,Kusu-gun,九重町,ココノエマチ,Kokonoe-machi,,,,,,,,,,南恵良,ミナミエラ,,,0,0,0,1,0,0,0,0,1947-04-17,,0,,
444618,0000195,3,大分県,オオイタケン,Oita,玖珠郡,クスグン,Kusu-gun,九重町,ココノエマチ,Kokonoe-machi,,,,,,,,,,日平,ヒビラ,,,0,0,0,1,0,0,0,0,1947-04-17,,0,,
444618,0000196,3,大分県,オオイタケン,Oita,玖珠郡,クスグン,Kusu-gun,九重町,ココノエマチ,Kokonoe-machi,,,,,,,,,,入小野,イリオノ,,,0,0,0,1,0,0,0,0,1947-04-17,,0,,
444618,0000197,3,大分県,オオイタケン,Oita,玖珠郡,クスグン,Kusu-gun,九重町,ココノエマチ,Kokonoe-machi,,,,,,,,,,年ノ神,トシノカミ,,,0,0,0,1,0,0,0,0,1947-04-17,,0,,
444618,0000198,3,大分県,オオイタケン,Oita,玖珠郡,クスグン,Kusu-gun,九重町,ココノエマチ,Kokonoe-machi,,,,,,,,,,梅ノ木,ウメノキ,,,0,0,0,1,0,0,0,0,1947-04-17,,0,,
444618,0000199,3,大分県,オオイタケン,Oita,玖珠郡,クスグン,Kusu-gun,九重町,ココノエマチ,Kokonoe-machi,,,,,,,,,,尾本,オモト,,,0,0,0,1,0,0,0,0,1947-04-17,,0,,
444618,0000200,3,大分県,オオイタケン,Oita,玖珠郡,クスグン,Kusu-gun,九重町,ココノエマチ,Kokonoe-machi,,,,,,,,,,富迫,トミサコ,,,0,0,0,1,0,0,0,0,1947-04-17,,0,,
444618,0000201,3,大分県,オオイタケン,Oita,玖珠郡,クスグン,Kusu-gun,九重町,ココノエマチ,Kokonoe-machi,,,,,,,,,,物見塚,モノミヅカ,,,0,0,0,1,0,0,0,0,1947-04-17,,0,,
444618,0000202,3,大分県,オオイタケン,Oita,玖珠郡,クスグン,Kusu-gun,九重町,ココノエマチ,Kokonoe-machi,,,,,,,,,,平家山,ヘイケザン,,,0,0,0,1,0,0,0,0,1947-04-17,,0,,
444618,0000203,3,大分県,オオイタケン,Oita,玖珠郡,クスグン,Kusu-gun,九重町,ココノエマチ,Kokonoe-machi,,,,,,,,,,壁湯,カベユ,,,0,0,0,1,0,0,0,0,1947-04-17,,0,,
444618,0000204,3,大分県,オオイタケン,Oita,玖珠郡,クスグン,Kusu-gun,九重町,ココノエマチ,Kokonoe-machi,,,,,,,,,,宝,タカラ,,,0,0,0,1,0,0,0,0,1947-04-17,,0,,
444618,0000205,3,大分県,オオイタケン,Oita,玖珠郡,クスグン,Kusu-gun,九重町,ココノエマチ,Kokonoe-machi,,,,,,,,,,宝泉寺,ホウセンジ,,,0,0,0,1,0,0,0,0,1947-04-17,,0,,
444618,0000206,3,大分県,オオイタケン,Oita,玖珠郡,クスグン,Kusu-gun,九重町,ココノエマチ,Kokonoe-machi,,,,,,,,,,宝泉寺温泉,ホウセンジオンセン,,,0,0,0,1,0,0,0,0,1947-04-17,,0,,
444618,0000207,3,大分県,オオイタケン,Oita,玖珠郡,クスグン,Kusu-gun,九重町,ココノエマチ,Kokonoe-machi,,,,,,,,,,北恵良,キタエラ,,,0,0,0,1,0,0,0,0,1947-04-17,,0,,
444618,0000208,3,大分県,オオイタケン,Oita,玖珠郡,クスグン,Kusu-gun,九重町,ココノエマチ,Kokonoe-machi,,,,,,,,,,北方,キタガタ,,,0,0,0,1,0,0,0,0,1947-04-17,,0,,
444618,0000209,3,大分県,オオイタケン,Oita,玖珠郡,クスグン,Kusu-gun,九重町,ココノエマチ,Kokonoe-machi,,,,,,,,,,牧ノ戸,マキノト,,,0,0,0,1,0,0,0,0,1947-04-17,,0,,
444618,0000210,3,大分県,オオイタケン,Oita,玖珠郡,クスグン,Kusu-gun,九重町,ココノエマチ,Kokonoe-machi,,,,,,,,,,麻生原,アゾバル,,,0,0,0,1,0,0,0,0,1947-04-17,,0,,
444618,0000211,3,大分県,オオイタケン,Oita,玖珠郡,クスグン,Kusu-gun,九重町,ココノエマチ,Kokonoe-machi,,,,,,,,,,麻生釣,アソズル,,,0,0,0,1,0,0,0,0,1947-04-17,,0,,
444618,0000212,3,大分県,オオイタケン,Oita,玖珠郡,クスグン,Kusu-gun,九重町,ココノエマチ,Kokonoe-machi,,,,,,,,,,無田下,ムタシモ,,,0,0,0,1,0,0,0,0,1947-04-17,,0,,
444618,0000213,3,大分県,オオイタケン,Oita,玖珠郡,クスグン,Kusu-gun,九重町,ココノエマチ,Kokonoe-machi,,,,,,,,,,無田上,ムタカミ,,,0,0,0,1,0,0,0,0,1947-04-17,,0,,
444618,0000214,3,大分県,オオイタケン,Oita,玖珠郡,クスグン,Kusu-gun,九重町,ココノエマチ,Kokonoe-machi,,,,,,,,,,無田中,ムタナカ,,,0,0,0,1,0,0,0,0,1947-04-17,,0,,
444618,0000215,3,大分県,オオイタケン,Oita,玖珠郡,クスグン,Kusu-gun,九重町,ココノエマチ,Kokonoe-machi,,,,,,,,,,木納水,キノズ,,,0,0,0,1,0,0,0,0,1947-04-17,,0,,
444618,0000216,3,大分県,オオイタケン,Oita,玖珠郡,クスグン,Kusu-gun,九重町,ココノエマチ,Kokonoe-machi,,,,,,,,,,野上,ノガミ,Nogami,,0,0,0,1,0,0,0,0,1947-04-17,,0,8794802,
444618,0000217,3,大分県,オオイタケン,Oita,玖珠郡,クスグン,Kusu-gun,九重町,ココノエマチ,Kokonoe-machi,,,,,,,,,,野上麦ノ平,ノガミムギノヒラ,,,0,0,0,1,0,0,0,0,1947-04-17,,0,,
444618,0000218,3,大分県,オオイタケン,Oita,玖珠郡,クスグン,Kusu-gun,九重町,ココノエマチ,Kokonoe-machi,,,,,,,,,,野倉,ノグラ,,,0,0,0,1,0,0,0,0,1947-04-17,,0,,
444618,0000219,3,大分県,オオイタケン,Oita,玖珠郡,クスグン,Kusu-gun,九重町,ココノエマチ,Kokonoe-machi,,,,,,,,,,野矢,ノヤ,,,0,0,0,1,0,0,0,0,1947-04-17,,0,,
444618,0000220,3,大分県,オオイタケン,Oita,玖珠郡,クスグン,Kusu-gun,九重町,ココノエマチ,Kokonoe-machi,,,,,,,,,,竜門,リュモン,,,0,0,0,1,0,0,0,0,1947-04-17,,0,,
444618,0000221,3,大分県,オオイタケン,Oita,玖珠郡,クスグン,Kusu-gun,九重町,ココノエマチ,Kokonoe-machi,,,,,,,,,,蕨原,ワラベワラ,,,0,0,0,1,0,0,0,0,1947-04-17,,0,,
444618,0000222,3,大分県,オオイタケン,Oita,玖珠郡,クスグン,Kusu-gun,九重町,ココノエマチ,Kokonoe-machi,,,,,,,,,,楮原,カゴワラ,,,0,0,0,1,0,0,0,0,1947-04-17,,0,,
444618,0000223,3,大分県,オオイタケン,Oita,玖珠郡,クスグン,Kusu-gun,九重町,ココノエマチ,Kokonoe-machi,,,,,,,,,,疥癬湯,ヒゼンユ,,,0,0,0,1,0,0,0,0,1947-04-17,,0,,
444618,0000224,3,大分県,オオイタケン,Oita,玖珠郡,クスグン,Kusu-gun,九重町,ココノエマチ,Kokonoe-machi,,,,,,,,,,筌ノ口,ウケノクチ,,,0,0,0,1,0,0,0,0,1947-04-17,,0,,
444618,0001000,1,大分県,オオイタケン,Oita,玖珠郡,クスグン,Kusu-gun,九重町,ココノエマチ,Kokonoe-machi,,,,大字粟野,オオアザアワノ,Awano,,,,,,,,0,0,0,0,0,0,1,1,1947-04-17,,0,8794721,
444618,0002000,1,大分県,オオイタケン,Oita,玖珠郡,クスグン,Kusu-gun,九重町,ココノエマチ,Kokonoe-machi,,,,大字後野上,オオアザウシロノガミ,Ushironogami,,,,,,,,0,0,0,0,0,0,1,1,1947-04-17,,0,8794803,
444618,0003000,1,大分県,オオイタケン,Oita,玖珠郡,クスグン,Kusu-gun,九重町,ココノエマチ,Kokonoe-machi,,,,大字恵良,オオアザエラ,Era,,,,,,,,0,0,0,0,0,0,1,1,1947-04-17,,0,8794631,
444618,0004000,1,大分県,オオイタケン,Oita,玖珠郡,クスグン,Kusu-gun,九重町,ココノエマチ,Kokonoe-machi,,,,大字菅原,オオアザスガワラ,Sugawara,,,,,,,,0,0,0,0,0,0,1,1,1947-04-17,,0,8794724,
444618,0005000,1,大分県,オオイタケン,Oita,玖珠郡,クスグン,Kusu-gun,九重町,ココノエマチ,Kokonoe-machi,,,,大字田野,オオアザタノ,Tano,,,,,,,,0,0,0,0,0,0,1,1,1947-04-17,,0,8794911,
444618,0006000,1,大分県,オオイタケン,Oita,玖珠郡,クスグン,Kusu-gun,九重町,ココノエマチ,Kokonoe-machi,,,,大字野上,オオアザノガミ,Nogami,,,,,,,,0,0,0,0,0,0,1,1,1947-04-17,,0,8794802,
444618,0007000,1,大分県,オオイタケン,Oita,玖珠郡,クスグン,Kusu-gun,九重町,ココノエマチ,Kokonoe-machi,,,,大字引治,オオアザヒキジ,Hikiji,,,,,,,,0,0,0,0,0,0,1,1,1947-04-17,,0,8794722,
444618,0008000,1,大分県,オオイタケン,Oita,玖珠郡,クスグン,Kusu-gun,九重町,ココノエマチ,Kokonoe-machi,,,,大字町田,オオアザマチダ,Machida,,,,,,,,0,0,0,0,0,0,1,1,1947-04-17,,0,8794723,
444618,0009000,1,大分県,オオイタケン,Oita,玖珠郡,クスグン,Kusu-gun,九重町,ココノエマチ,Kokonoe-machi,,,,大字松木,オオアザマツギ,Matsugi,,,,,,,,0,0,0,0,0,0,1,1,1947-04-17,,0,8794632,
444618,0010000,1,大分県,オオイタケン,Oita,玖珠郡,クスグン,Kusu-gun,九重町,ココノエマチ,Kokonoe-machi,,,,大字右田,オオアザミギタ,,,,,,,,,0,0,0,0,0,0,1,1,1947-04-17,,0,,
444618,0011000,1,大分県,オオイタケン,Oita,玖珠郡,クスグン,Kusu-gun,九重町,ココノエマチ,Kokonoe-machi,,,,大字湯坪,オオアザユツボ,Yutsubo,,,,,,,,0,0,0,0,0,0,1,1,1947-04-17,,0,8794912,
444626,0000101,3,大分県,オオイタケン,Oita,玖珠郡,クスグン,Kusu-gun,玖珠町,クスマチ,Kusu-machi,,,,,,,,,,井川道,イガワミチ,,,0,0,0,1,0,0,0,0,1947-04-17,,0,,
444626,0000102,3,大分県,オオイタケン,Oita,玖珠郡,クスグン,Kusu-gun,玖珠町,クスマチ,Kusu-machi,,,,,,,,,,宇戸,ウト,,,0,0,0,1,0,0,0,0,1947-04-17,,0,,
444626,0000103,3,大分県,オオイタケン,Oita,玖珠郡,クスグン,Kusu-gun,玖珠町,クスマチ,Kusu-machi,,,,,,,,,,影の木,カゲノキ,,,0,0,0,1,0,0,0,0,1947-04-17,,0,,
444626,0000104,3,大分県,オオイタケン,Oita,玖珠郡,クスグン,Kusu-gun,玖珠町,クスマチ,Kusu-machi,,,,,,,,,,栄町,サカエマチ,,,0,0,0,1,0,0,0,0,1947-04-17,,0,,
444626,0000105,3,大分県,オオイタケン,Oita,玖珠郡,クスグン,Kusu-gun,玖珠町,クスマチ,Kusu-machi,,,,,,,,,,駅東,エキトウ,,,0,0,0,1,0,0,0,0,1947-04-17,,0,,
444626,0000106,3,大分県,オオイタケン,Oita,玖珠郡,クスグン,Kusu-gun,玖珠町,クスマチ,Kusu-machi,,,,,,,,,,円徳野,エントクノ,,,0,0,0,1,0,0,0,0,1947-04-17,,0,,
444626,0000107,3,大分県,オオイタケン,Oita,玖珠郡,クスグン,Kusu-gun,玖珠町,クスマチ,Kusu-machi,,,,,,,,,,横道,ヨコミチ,,,0,0,0,1,0,0,0,0,1947-04-17,,0,,
444626,0000108,3,大分県,オオイタケン,Oita,玖珠郡,クスグン,Kusu-gun,玖珠町,クスマチ,Kusu-machi,,,,,,,,,,荻原,オギハル,,,0,0,0,1,0,0,0,0,1947-04-17,,0,,
444626,0000109,3,大分県,オオイタケン,Oita,玖珠郡,クスグン,Kusu-gun,玖珠町,クスマチ,Kusu-machi,,,,,,,,,,乙師,オトシ,,,0,0,0,1,0,0,0,0,1947-04-17,,0,,
444626,0000110,3,大分県,オオイタケン,Oita,玖珠郡,クスグン,Kusu-gun,玖珠町,クスマチ,Kusu-machi,,,,,,,,,,下綾垣,シモアヤガキ,,,0,0,0,1,0,0,0,0,1947-04-17,,0,,
444626,0000111,3,大分県,オオイタケン,Oita,玖珠郡,クスグン,Kusu-gun,玖珠町,クスマチ,Kusu-machi,,,,,,,,,,下引治,シモヒキジ,,,0,0,0,1,0,0,0,0,1947-04-17,,0,,
444626,0000112,3,大分県,オオイタケン,Oita,玖珠郡,クスグン,Kusu-gun,玖珠町,クスマチ,Kusu-machi,,,,,,,,,,下園,シモソノ,,,0,0,0,1,0,0,0,0,1947-04-17,,0,,
444626,0000113,3,大分県,オオイタケン,Oita,玖珠郡,クスグン,Kusu-gun,玖珠町,クスマチ,Kusu-machi,,,,,,,,,,下横尾,シモヨコヲ,,,0,0,0,1,0,0,0,0,1947-04-17,,0,,
444626,0000114,3,大分県,オオイタケン,Oita,玖珠郡,クスグン,Kusu-gun,玖珠町,クスマチ,Kusu-machi,,,,,,,,,,下河内,シモカワチ,,,0,0,0,1,0,0,0,0,1947-04-17,,0,,
444626,0000115,3,大分県,オオイタケン,Oita,玖珠郡,クスグン,Kusu-gun,玖珠町,クスマチ,Kusu-machi,,,,,,,,,,下泊里,シモヅマリ,,,0,0,0,1,0,0,0,0,1947-04-17,,0,,
444626,0000116,3,大分県,オオイタケン,Oita,玖珠郡,クスグン,Kusu-gun,玖珠町,クスマチ,Kusu-machi,,,,,,,,,,河内,コウチ,,,0,0,0,1,0,0,0,0,1947-04-17,,0,,
444626,0000117,3,大分県,オオイタケン,Oita,玖珠郡,クスグン,Kusu-gun,玖珠町,クスマチ,Kusu-machi,,,,,,,,,,花香,ハナガ,,,0,0,0,1,0,0,0,0,1947-04-17,,0,,
444626,0000118,3,大分県,オオイタケン,Oita,玖珠郡,クスグン,Kusu-gun,玖珠町,クスマチ,Kusu-machi,,,,,,,,,,柿西,カキサイ,,,0,0,0,1,0,0,0,0,1947-04-17,,0,,
444626,0000119,3,大分県,オオイタケン,Oita,玖珠郡,クスグン,Kusu-gun,玖珠町,クスマチ,Kusu-machi,,,,,,,,,,柿木,カキギ,,,0,0,0,1,0,0,0,0,1947-04-17,,0,,
444626,0000120,3,大分県,オオイタケン,Oita,玖珠郡,クスグン,Kusu-gun,玖珠町,クスマチ,Kusu-machi,,,,,,,,,,梶原,カジワラ,,,0,0,0,1,0,0,0,0,1947-04-17,,0,,
444626,0000121,3,大分県,オオイタケン,Oita,玖珠郡,クスグン,Kusu-gun,玖珠町,クスマチ,Kusu-machi,,,,,,,,,,岩室本村,ユワムロホンムラ,,,0,0,0,1,0,0,0,0,1947-04-17,,0,,
444626,0000122,3,大分県,オオイタケン,Oita,玖珠郡,クスグン,Kusu-gun,玖珠町,クスマチ,Kusu-machi,,,,,,,,,,鬼丸,オニマル,,,0,0,0,1,0,0,0,0,1947-04-17,,0,,
444626,0000123,3,大分県,オオイタケン,Oita,玖珠郡,クスグン,Kusu-gun,玖珠町,クスマチ,Kusu-machi,,,,,,,,,,弓ノ木,ユミノキ,,,0,0,0,1,0,0,0,0,1947-04-17,,0,,
444626,0000124,3,大分県,オオイタケン,Oita,玖珠郡,クスグン,Kusu-gun,玖珠町,クスマチ,Kusu-machi,,,,,,,,,,魚返,オガエリ,,,0,0,0,1,0,0,0,0,1947-04-17,,0,,
444626,0000125,3,大分県,オオイタケン,Oita,玖珠郡,クスグン,Kusu-gun,玖珠町,クスマチ,Kusu-machi,,,,,,,,,,金粟院,コゾコイ,,,0,0,0,1,0,0,0,0,1947-04-17,,0,,
444626,0000126,3,大分県,オオイタケン,Oita,玖珠郡,クスグン,Kusu-gun,玖珠町,クスマチ,Kusu-machi,,,,,,,,,,元組,モトグミ,,,0,0,0,1,0,0,0,0,1947-04-17,,0,,
444626,0000127,3,大分県,オオイタケン,Oita,玖珠郡,クスグン,Kusu-gun,玖珠町,クスマチ,Kusu-machi,,,,,,,,,,元畑,モトバタ,,,0,0,0,1,0,0,0,0,1947-04-17,,0,,
444626,0000128,3,大分県,オオイタケン,Oita,玖珠郡,クスグン,Kusu-gun,玖珠町,クスマチ,Kusu-machi,,,,,,,,,,原,ハル,,,0,0,0,1,0,0,0,0,1947-04-17,,0,,
444626,0000129,3,大分県,オオイタケン,Oita,玖珠郡,クスグン,Kusu-gun,玖珠町,クスマチ,Kusu-machi,,,,,,,,,,原口,ハラグチ,,,0,0,0,1,0,0,0,0,1947-04-17,,0,,
444626,0000130,3,大分県,オオイタケン,Oita,玖珠郡,クスグン,Kusu-gun,玖珠町,クスマチ,Kusu-machi,,,,,,,,,,古後,コゴ,Kogo,,0,0,0,1,0,0,0,0,1947-04-17,,0,8794523,
444626,0000131,3,大分県,オオイタケン,Oita,玖珠郡,クスグン,Kusu-gun,玖珠町,クスマチ,Kusu-machi,,,,,,,,,,戸刈,トガリ,,,0,0,0,1,0,0,0,0,1947-04-17,,0,,
444626,0000132,3,大分県,オオイタケン,Oita,玖珠郡,クスグン,Kusu-gun,玖珠町,クスマチ,Kusu-machi,,,,,,,,,,戸上,トガミ,,,0,0,0,1,0,0,0,0,1947-04-17,,0,,
444626,0000133,3,大分県,オオイタケン,Oita,玖珠郡,クスグン,Kusu-gun,玖珠町,クスマチ,Kusu-machi,,,,,,,,,,戸畑,トバタ,Tobata,,0,0,0,1,0,0,0,0,1947-04-17,,0,8794331,
444626,0000134,3,大分県,オオイタケン,Oita,玖珠郡,クスグン,Kusu-gun,玖珠町,クスマチ,Kusu-machi,,,,,,,,,,午王,ゴオウ,,,0,0,0,1,0,0,0,0,1947-04-17,,0,,
444626,0000135,3,大分県,オオイタケン,Oita,玖珠郡,クスグン,Kusu-gun,玖珠町,クスマチ,Kusu-machi,,,,,,,,,,後迫,ウシロザコ,,,0,0,0,1,0,0,0,0,1947-04-17,,0,,
444626,0000136,3,大分県,オオイタケン,Oita,玖珠郡,クスグン,Kusu-gun,玖珠町,クスマチ,Kusu-machi,,,,,,,,,,高橋,タカハシ,,,0,0,0,1,0,0,0,0,1947-04-17,,0,,
444626,0000137,3,大分県,オオイタケン,Oita,玖珠郡,クスグン,Kusu-gun,玖珠町,クスマチ,Kusu-machi,,,,,,,,,,今村,イマムラ,,,0,0,0,1,0,0,0,0,1947-04-17,,0,,
444626,0000138,3,大分県,オオイタケン,Oita,玖珠郡,クスグン,Kusu-gun,玖珠町,クスマチ,Kusu-machi,,,,,,,,,,坂ノ上,サカノウエ,,,0,0,0,1,0,0,0,0,1947-04-17,,0,,
444626,0000139,3,大分県,オオイタケン,Oita,玖珠郡,クスグン,Kusu-gun,玖珠町,クスマチ,Kusu-machi,,,,,,,,,,坂口,サカグチ,,,0,0,0,1,0,0,0,0,1947-04-17,,0,,
444626,0000140,3,大分県,オオイタケン,Oita,玖珠郡,クスグン,Kusu-gun,玖珠町,クスマチ,Kusu-machi,,,,,,,,,,笹ヶ原,ササガハル,,,0,0,0,1,0,0,0,0,1947-04-17,,0,,
444626,0000141,3,大分県,オオイタケン,Oita,玖珠郡,クスグン,Kusu-gun,玖珠町,クスマチ,Kusu-machi,,,,,,,,,,山ノ口,ヤマノクチ,,,0,0,0,1,0,0,0,0,1947-04-17,,0,,
444626,0000142,3,大分県,オオイタケン,Oita,玖珠郡,クスグン,Kusu-gun,玖珠町,クスマチ,Kusu-machi,,,,,,,,,,山王,サンノウ,,,0,0,0,1,0,0,0,0,1947-04-17,,0,,
444626,0000143,3,大分県,オオイタケン,Oita,玖珠郡,クスグン,Kusu-gun,玖珠町,クスマチ,Kusu-machi,,,,,,,,,,山中,ヤマナカ,,,0,0,0,1,0,0,0,0,1947-04-17,,0,,
444626,0000144,3,大分県,オオイタケン,Oita,玖珠郡,クスグン,Kusu-gun,玖珠町,クスマチ,Kusu-machi,,,,,,,,,,四日市,ヨッカイチ,,,0,0,0,1,0,0,0,0,1947-04-17,,0,,
444626,0000145,3,大分県,オオイタケン,Oita,玖珠郡,クスグン,Kusu-gun,玖珠町,クスマチ,Kusu-machi,,,,,,,,,,市ノ村,イチノムラ,,,0,0,0,1,0,0,0,0,1947-04-17,,0,,
444626,0000146,3,大分県,オオイタケン,Oita,玖珠郡,クスグン,Kusu-gun,玖珠町,クスマチ,Kusu-machi,,,,,,,,,,志津里,シヅリ,,,0,0,0,1,0,0,0,0,1947-04-17,,0,,
444626,0000147,3,大分県,オオイタケン,Oita,玖珠郡,クスグン,Kusu-gun,玖珠町,クスマチ,Kusu-machi,,,,,,,,,,志津里原,シヅリバル,,,0,0,0,1,0,0,0,0,1947-04-17,,0,,
444626,0000148,3,大分県,オオイタケン,Oita,玖珠郡,クスグン,Kusu-gun,玖珠町,クスマチ,Kusu-machi,,,,,,,,,,寺村,テラムラ,,,0,0,0,1,0,0,0,0,1947-04-17,,0,,
444626,0000149,3,大分県,オオイタケン,Oita,玖珠郡,クスグン,Kusu-gun,玖珠町,クスマチ,Kusu-machi,,,,,,,,,,鹿倉,カクラ,,,0,0,0,1,0,0,0,0,1947-04-17,,0,,
444626,0000150,3,大分県,オオイタケン,Oita,玖珠郡,クスグン,Kusu-gun,玖珠町,クスマチ,Kusu-machi,,,,,,,,,,七本木,シチホンギ,,,0,0,0,1,0,0,0,0,1947-04-17,,0,,
444626,0000151,3,大分県,オオイタケン,Oita,玖珠郡,クスグン,Kusu-gun,玖珠町,クスマチ,Kusu-machi,,,,,,,,,,車谷,クルマダニ,,,0,0,0,1,0,0,0,0,1947-04-17,,0,,
444626,0000152,3,大分県,オオイタケン,Oita,玖珠郡,クスグン,Kusu-gun,玖珠町,クスマチ,Kusu-machi,,,,,,,,,,秋畑,アキハタ,,,0,0,0,1,0,0,0,0,1947-04-17,,0,,
444626,0000153,3,大分県,オオイタケン,Oita,玖珠郡,クスグン,Kusu-gun,玖珠町,クスマチ,Kusu-machi,,,,,,,,,,十の釣,トウノツル,,,0,0,0,1,0,0,0,0,1947-04-17,,0,,
444626,0000154,3,大分県,オオイタケン,Oita,玖珠郡,クスグン,Kusu-gun,玖珠町,クスマチ,Kusu-machi,,,,,,,,,,十五駄,ジュウゴダ,,,0,0,0,1,0,0,0,0,1947-04-17,,0,,
444626,0000155,3,大分県,オオイタケン,Oita,玖珠郡,クスグン,Kusu-gun,玖珠町,クスマチ,Kusu-machi,,,,,,,,,,小原,オハル,,,0,0,0,1,0,0,0,0,1947-04-17,,0,,
444626,0000156,3,大分県,オオイタケン,Oita,玖珠郡,クスグン,Kusu-gun,玖珠町,クスマチ,Kusu-machi,,,,,,,,,,小城,コジョウ,,,0,0,0,1,0,0,0,0,1947-04-17,,0,,
444626,0000157,3,大分県,オオイタケン,Oita,玖珠郡,クスグン,Kusu-gun,玖珠町,クスマチ,Kusu-machi,,,,,,,,,,小場,コバ,,,0,0,0,1,0,0,0,0,1947-04-17,,0,,
444626,0000158,3,大分県,オオイタケン,Oita,玖珠郡,クスグン,Kusu-gun,玖珠町,クスマチ,Kusu-machi,,,,,,,,,,小清原,コゼバル,,,0,0,0,1,0,0,0,0,1947-04-17,,0,,
444626,0000159,3,大分県,オオイタケン,Oita,玖珠郡,クスグン,Kusu-gun,玖珠町,クスマチ,Kusu-machi,,,,,,,,,,小川内,オガワチ,,,0,0,0,1,0,0,0,0,1947-04-17,,0,,
444626,0000160,3,大分県,オオイタケン,Oita,玖珠郡,クスグン,Kusu-gun,玖珠町,クスマチ,Kusu-machi,,,,,,,,,,小迫,オサコ,,,0,0,0,1,0,0,0,0,1947-04-17,,0,,
444626,0000161,3,大分県,オオイタケン,Oita,玖珠郡,クスグン,Kusu-gun,玖珠町,クスマチ,Kusu-machi,,,,,,,,,,小麦河野,コムギカワノ,,,0,0,0,1,0,0,0,0,1947-04-17,,0,,
444626,0000162,3,大分県,オオイタケン,Oita,玖珠郡,クスグン,Kusu-gun,玖珠町,クスマチ,Kusu-machi,,,,,,,,,,小野,オノ,,,0,0,0,1,0,0,0,0,1947-04-17,,0,,
444626,0000163,3,大分県,オオイタケン,Oita,玖珠郡,クスグン,Kusu-gun,玖珠町,クスマチ,Kusu-machi,,,,,,,,,,小野原,オノバル,,,0,0,0,1,0,0,0,0,1947-04-17,,0,,
444626,0000164,3,大分県,オオイタケン,Oita,玖珠郡,クスグン,Kusu-gun,玖珠町,クスマチ,Kusu-machi,,,,,,,,,,松信,マツビラ,,,0,0,0,1,0,0,0,0,1947-04-17,,0,,
444626,0000165,3,大分県,オオイタケン,Oita,玖珠郡,クスグン,Kusu-gun,玖珠町,クスマチ,Kusu-machi,,,,,,,,,,上の市,カミノイチ,,,0,0,0,1,0,0,0,0,1947-04-17,,0,,
444626,0000166,3,大分県,オオイタケン,Oita,玖珠郡,クスグン,Kusu-gun,玖珠町,クスマチ,Kusu-machi,,,,,,,,,,上引治,カミヒキジ,,,0,0,0,1,0,0,0,0,1947-04-17,,0,,
444626,0000167,3,大分県,オオイタケン,Oita,玖珠郡,クスグン,Kusu-gun,玖珠町,クスマチ,Kusu-machi,,,,,,,,,,上戸畑,カミトバタ,,,0,0,0,1,0,0,0,0,1947-04-17,,0,,
444626,0000168,3,大分県,オオイタケン,Oita,玖珠郡,クスグン,Kusu-gun,玖珠町,クスマチ,Kusu-machi,,,,,,,,,,上庄屋,ウエジョウヤ,,,0,0,0,1,0,0,0,0,1947-04-17,,0,,
444626,0000169,3,大分県,オオイタケン,Oita,玖珠郡,クスグン,Kusu-gun,玖珠町,クスマチ,Kusu-machi,,,,,,,,,,上谷,カサタニ,,,0,0,0,1,0,0,0,0,1947-04-17,,0,,
444626,0000170,3,大分県,オオイタケン,Oita,玖珠郡,クスグン,Kusu-gun,玖珠町,クスマチ,Kusu-machi,,,,,,,,,,上丁,カミチョウ,,,0,0,0,1,0,0,0,0,1947-04-17,,0,,
444626,0000171,3,大分県,オオイタケン,Oita,玖珠郡,クスグン,Kusu-gun,玖珠町,クスマチ,Kusu-machi,,,,,,,,,,森,モリ,Mori,,0,0,0,1,0,0,0,0,1947-04-17,,0,8794404,
444626,0000172,3,大分県,オオイタケン,Oita,玖珠郡,クスグン,Kusu-gun,玖珠町,クスマチ,Kusu-machi,,,,,,,,,,神原,コウバル,,,0,0,0,1,0,0,0,0,1947-04-17,,0,,
444626,0000173,3,大分県,オオイタケン,Oita,玖珠郡,クスグン,Kusu-gun,玖珠町,クスマチ,Kusu-machi,,,,,,,,,,須山,スヤマ,,,0,0,0,1,0,0,0,0,1947-04-17,,0,,
444626,0000174,3,大分県,オオイタケン,Oita,玖珠郡,クスグン,Kusu-gun,玖珠町,クスマチ,Kusu-machi,,,,,,,,,,杉河内,スギカワチ,,,0,0,0,1,0,0,0,0,1947-04-17,,0,,
444626,0000175,3,大分県,オオイタケン,Oita,玖珠郡,クスグン,Kusu-gun,玖珠町,クスマチ,Kusu-machi,,,,,,,,,,杉山,スギヤマ,,,0,0,0,1,0,0,0,0,1947-04-17,,0,,
444626,0000176,3,大分県,オオイタケン,Oita,玖珠郡,クスグン,Kusu-gun,玖珠町,クスマチ,Kusu-machi,,,,,,,,,,杉塚,スギツカ,,,0,0,0,1,0,0,0,0,1947-04-17,,0,,
444626,0000177,3,大分県,オオイタケン,Oita,玖珠郡,クスグン,Kusu-gun,玖珠町,クスマチ,Kusu-machi,,,,,,,,,,瀬戸口,セトクチ,,,0,0,0,1,0,0,0,0,1947-04-17,,0,,
444626,0000178,3,大分県,オオイタケン,Oita,玖珠郡,クスグン,Kusu-gun,玖珠町,クスマチ,Kusu-machi,,,,,,,,,,清田川,セイダガワ,,,0,0,0,1,0,0,0,0,1947-04-17,,0,,
444626,0000179,3,大分県,オオイタケン,Oita,玖珠郡,クスグン,Kusu-gun,玖珠町,クスマチ,Kusu-machi,,,,,,,,,,西,ニシ,,,0,0,0,1,0,0,0,0,1947-04-17,,0,,
444626,0000180,3,大分県,オオイタケン,Oita,玖珠郡,クスグン,Kusu-gun,玖珠町,クスマチ,Kusu-machi,,,,,,,,,,石坂,イシザカ,,,0,0,0,1,0,0,0,0,1947-04-17,,0,,
444626,0000181,3,大分県,オオイタケン,Oita,玖珠郡,クスグン,Kusu-gun,玖珠町,クスマチ,Kusu-machi,,,,,,,,,,石飛,イシトビ,,,0,0,0,1,0,0,0,0,1947-04-17,,0,,
444626,0000182,3,大分県,オオイタケン,Oita,玖珠郡,クスグン,Kusu-gun,玖珠町,クスマチ,Kusu-machi,,,,,,,,,,専道,センドウ,,,0,0,0,1,0,0,0,0,1947-04-17,,0,,
444626,0000183,3,大分県,オオイタケン,Oita,玖珠郡,クスグン,Kusu-gun,玖珠町,クスマチ,Kusu-machi,,,,,,,,,,川底,カワソコ,,,0,0,0,1,0,0,0,0,1947-04-17,,0,,
444626,0000184,3,大分県,オオイタケン,Oita,玖珠郡,クスグン,Kusu-gun,玖珠町,クスマチ,Kusu-machi,,,,,,,,,,倉ヶ峠,クラガトウ,,,0,0,0,1,0,0,0,0,1947-04-17,,0,,
444626,0000185,3,大分県,オオイタケン,Oita,玖珠郡,クスグン,Kusu-gun,玖珠町,クスマチ,Kusu-machi,,,,,,,,,,倉園,クラゾノ,,,0,0,0,1,0,0,0,0,1947-04-17,,0,,
444626,0000186,3,大分県,オオイタケン,Oita,玖珠郡,クスグン,Kusu-gun,玖珠町,クスマチ,Kusu-machi,,,,,,,,,,早水,ソウズ,,,0,0,0,1,0,0,0,0,1947-04-17,,0,,
444626,0000187,3,大分県,オオイタケン,Oita,玖珠郡,クスグン,Kusu-gun,玖珠町,クスマチ,Kusu-machi,,,,,,,,,,相の迫,アイノサコ,,,0,0,0,1,0,0,0,0,1947-04-17,,0,,
444626,0000188,3,大分県,オオイタケン,Oita,玖珠郡,クスグン,Kusu-gun,玖珠町,クスマチ,Kusu-machi,,,,,,,,,,草ノ入江,クサノイリエ,,,0,0,0,1,0,0,0,0,1947-04-17,,0,,
444626,0000189,3,大分県,オオイタケン,Oita,玖珠郡,クスグン,Kusu-gun,玖珠町,クスマチ,Kusu-machi,,,,,,,,,,鎗水,ヤリミズ,,,0,0,0,1,0,0,0,0,1947-04-17,,0,,
444626,0000190,3,大分県,オオイタケン,Oita,玖珠郡,クスグン,Kusu-gun,玖珠町,クスマチ,Kusu-machi,,,,,,,,,,太田本村,オオタホンムラ,,,0,0,0,1,0,0,0,0,1947-04-17,,0,,
444626,0000191,3,大分県,オオイタケン,Oita,玖珠郡,クスグン,Kusu-gun,玖珠町,クスマチ,Kusu-machi,,,,,,,,,,代太郎,ダイタロウ,,,0,0,0,1,0,0,0,0,1947-04-17,,0,,
444626,0000192,3,大分県,オオイタケン,Oita,玖珠郡,クスグン,Kusu-gun,玖珠町,クスマチ,Kusu-machi,,,,,,,,,,大九郎,ダイクロウ,,,0,0,0,1,0,0,0,0,1947-04-17,,0,,
444626,0000193,3,大分県,オオイタケン,Oita,玖珠郡,クスグン,Kusu-gun,玖珠町,クスマチ,Kusu-machi,,,,,,,,,,大池,オオイケ,,,0,0,0,1,0,0,0,0,1947-04-17,,0,,
444626,0000194,3,大分県,オオイタケン,Oita,玖珠郡,クスグン,Kusu-gun,玖珠町,クスマチ,Kusu-machi,,,,,,,,,,第一大原野,ダイ１ダイゲンヤ,,,0,0,0,1,0,0,0,0,1947-04-17,,0,,
444626,0000195,3,大分県,オオイタケン,Oita,玖珠郡,クスグン,Kusu-gun,玖珠町,クスマチ,Kusu-machi,,,,,,,,,,第二大原野,ダイ２ダイゲンヤ,,,0,0,0,1,0,0,0,0,1947-04-17,,0,,
444626,0000196,3,大分県,オオイタケン,Oita,玖珠郡,クスグン,Kusu-gun,玖珠町,クスマチ,Kusu-machi,,,,,,,,,,滝の原,タキノハル,,,0,0,0,1,0,0,0,0,1947-04-17,,0,,
444626,0000197,3,大分県,オオイタケン,Oita,玖珠郡,クスグン,Kusu-gun,玖珠町,クスマチ,Kusu-machi,,,,,,,,,,滝瀬,タキゼ,,,0,0,0,1,0,0,0,0,1947-04-17,,0,,
444626,0000198,3,大分県,オオイタケン,Oita,玖珠郡,クスグン,Kusu-gun,玖珠町,クスマチ,Kusu-machi,,,,,,,,,,谷,タニ,,,0,0,0,1,0,0,0,0,1947-04-17,,0,,
444626,0000199,3,大分県,オオイタケン,Oita,玖珠郡,クスグン,Kusu-gun,玖珠町,クスマチ,Kusu-machi,,,,,,,,,,谷口,タニクチ,,,0,0,0,1,0,0,0,0,1947-04-17,,0,,
444626,0000200,3,大分県,オオイタケン,Oita,玖珠郡,クスグン,Kusu-gun,玖珠町,クスマチ,Kusu-machi,,,,,,,,,,谷川内,タニカワウチ,,,0,0,0,1,0,0,0,0,1947-04-17,,0,,
444626,0000201,3,大分県,オオイタケン,Oita,玖珠郡,クスグン,Kusu-gun,玖珠町,クスマチ,Kusu-machi,,,,,,,,,,池の原,イケノハル,,,0,0,0,1,0,0,0,0,1947-04-17,,0,,
444626,0000202,3,大分県,オオイタケン,Oita,玖珠郡,クスグン,Kusu-gun,玖珠町,クスマチ,Kusu-machi,,,,,,,,,,池ノ尾,イケノオ,,,0,0,0,1,0,0,0,0,1947-04-17,,0,,
444626,0000203,3,大分県,オオイタケン,Oita,玖珠郡,クスグン,Kusu-gun,玖珠町,クスマチ,Kusu-machi,,,,,,,,,,中の原,ナカノハル,,,0,0,0,1,0,0,0,0,1947-04-17,,0,,
444626,0000204,3,大分県,オオイタケン,Oita,玖珠郡,クスグン,Kusu-gun,玖珠町,クスマチ,Kusu-machi,,,,,,,,,,中山田,ナカヤマダ,,,0,0,0,1,0,0,0,0,1947-04-17,,0,,
444626,0000205,3,大分県,オオイタケン,Oita,玖珠郡,クスグン,Kusu-gun,玖珠町,クスマチ,Kusu-machi,,,,,,,,,,中丁,ナカチョウ,,,0,0,0,1,0,0,0,0,1947-04-17,,0,,
444626,0000206,3,大分県,オオイタケン,Oita,玖珠郡,クスグン,Kusu-gun,玖珠町,クスマチ,Kusu-machi,,,,,,,,,,中通,ナカドオリ,,,0,0,0,1,0,0,0,0,1947-04-17,,0,,
444626,0000207,3,大分県,オオイタケン,Oita,玖珠郡,クスグン,Kusu-gun,玖珠町,クスマチ,Kusu-machi,,,,,,,,,,中塚,ナカヅカ,,,0,0,0,1,0,0,0,0,1947-04-17,,0,,
444626,0000208,3,大分県,オオイタケン,Oita,玖珠郡,クスグン,Kusu-gun,玖珠町,クスマチ,Kusu-machi,,,,,,,,,,中塚脇,ナカツカワキ,,,0,0,0,1,0,0,0,0,1947-04-17,,0,,
444626,0000209,3,大分県,オオイタケン,Oita,玖珠郡,クスグン,Kusu-gun,玖珠町,クスマチ,Kusu-machi,,,,,,,,,,中島,ナカシマ,,,0,0,0,1,0,0,0,0,1947-04-17,,0,,
444626,0000210,3,大分県,オオイタケン,Oita,玖珠郡,クスグン,Kusu-gun,玖珠町,クスマチ,Kusu-machi,,,,,,,,,,中泊里,ナカヅマリ,,,0,0,0,1,0,0,0,0,1947-04-17,,0,,
444626,0000211,3,大分県,オオイタケン,Oita,玖珠郡,クスグン,Kusu-gun,玖珠町,クスマチ,Kusu-machi,,,,,,,,,,中野,ナカノ,,,0,0,0,1,0,0,0,0,1947-04-17,,0,,
444626,0000212,3,大分県,オオイタケン,Oita,玖珠郡,クスグン,Kusu-gun,玖珠町,クスマチ,Kusu-machi,,,,,,,,,,仲田,チュウダ,,,0,0,0,1,0,0,0,0,1947-04-17,,0,,
444626,0000213,3,大分県,オオイタケン,Oita,玖珠郡,クスグン,Kusu-gun,玖珠町,クスマチ,Kusu-machi,,,,,,,,,,朝見,アサミ,,,0,0,0,1,0,0,0,0,1947-04-17,,0,,
444626,0000214,3,大分県,オオイタケン,Oita,玖珠郡,クスグン,Kusu-gun,玖珠町,クスマチ,Kusu-machi,,,,,,,,,,長小野,ナガオノ,,,0,0,0,1,0,0,0,0,1947-04-17,,0,,
444626,0000215,3,大分県,オオイタケン,Oita,玖珠郡,クスグン,Kusu-gun,玖珠町,クスマチ,Kusu-machi,,,,,,,,,,長谷,ナガタニ,,,0,0,0,1,0,0,0,0,1947-04-17,,0,,
444626,0000216,3,大分県,オオイタケン,Oita,玖珠郡,クスグン,Kusu-gun,玖珠町,クスマチ,Kusu-machi,,,,,,,,,,長田,チョウダ,,,0,0,0,1,0,0,0,0,1947-04-17,,0,,
444626,0000217,3,大分県,オオイタケン,Oita,玖珠郡,クスグン,Kusu-gun,玖珠町,クスマチ,Kusu-machi,,,,,,,,,,長野,ナガノ,,,0,0,0,1,0,0,0,0,1947-04-17,,0,,
444626,0000218,3,大分県,オオイタケン,Oita,玖珠郡,クスグン,Kusu-gun,玖珠町,クスマチ,Kusu-machi,,,,,,,,,,鳥屋,トヤ,,,0,0,0,1,0,0,0,0,1947-04-17,,0,,
444626,0000219,3,大分県,オオイタケン,Oita,玖珠郡,クスグン,Kusu-gun,玖珠町,クスマチ,Kusu-machi,,,,,,,,,,塚脇,ツカワキ,Tsukawaki,,0,0,0,1,0,0,0,0,1947-04-17,,0,8794413,
444626,0000220,3,大分県,オオイタケン,Oita,玖珠郡,クスグン,Kusu-gun,玖珠町,クスマチ,Kusu-machi,,,,,,,,,,堤,ツツミ,,,0,0,0,1,0,0,0,0,1947-04-17,,0,,
444626,0000221,3,大分県,オオイタケン,Oita,玖珠郡,クスグン,Kusu-gun,玖珠町,クスマチ,Kusu-machi,,,,,,,,,,天道,テンドウ,,,0,0,0,1,0,0,0,0,1947-04-17,,0,,
444626,0000222,3,大分県,オオイタケン,Oita,玖珠郡,クスグン,Kusu-gun,玖珠町,クスマチ,Kusu-machi,,,,,,,,,,田の口,タノクチ,,,0,0,0,1,0,0,0,0,1947-04-17,,0,,
444626,0000223,3,大分県,オオイタケン,Oita,玖珠郡,クスグン,Kusu-gun,玖珠町,クスマチ,Kusu-machi,,,,,,,,,,田ノ平,タノヒラ,,,0,0,0,1,0,0,0,0,1947-04-17,,0,,
444626,0000224,3,大分県,オオイタケン,Oita,玖珠郡,クスグン,Kusu-gun,玖珠町,クスマチ,Kusu-machi,,,,,,,,,,田代,タシロ,,,0,0,0,1,0,0,0,0,1947-04-17,,0,,
444626,0000225,3,大分県,オオイタケン,Oita,玖珠郡,クスグン,Kusu-gun,玖珠町,クスマチ,Kusu-machi,,,,,,,,,,田中,タナカ,,,0,0,0,1,0,0,0,0,1947-04-17,,0,,
444626,0000226,3,大分県,オオイタケン,Oita,玖珠郡,クスグン,Kusu-gun,玖珠町,クスマチ,Kusu-machi,,,,,,,,,,田能原,タノバル,,,0,0,0,1,0,0,0,0,1947-04-17,,0,,
444626,0000227,3,大分県,オオイタケン,Oita,玖珠郡,クスグン,Kusu-gun,玖珠町,クスマチ,Kusu-machi,,,,,,,,,,唐杉,カラスギ,,,0,0,0,1,0,0,0,0,1947-04-17,,0,,
444626,0000228,3,大分県,オオイタケン,Oita,玖珠郡,クスグン,Kusu-gun,玖珠町,クスマチ,Kusu-machi,,,,,,,,,,道の迫,ドウノサコ,,,0,0,0,1,0,0,0,0,1947-04-17,,0,,
444626,0000229,3,大分県,オオイタケン,Oita,玖珠郡,クスグン,Kusu-gun,玖珠町,クスマチ,Kusu-machi,,,,,,,,,,内河野,ウチカワノ,,,0,0,0,1,0,0,0,0,1947-04-17,,0,,
444626,0000230,3,大分県,オオイタケン,Oita,玖珠郡,クスグン,Kusu-gun,玖珠町,クスマチ,Kusu-machi,,,,,,,,,,内山,ウチヤマ,,,0,0,0,1,0,0,0,0,1947-04-17,,0,,
444626,0000231,3,大分県,オオイタケン,Oita,玖珠郡,クスグン,Kusu-gun,玖珠町,クスマチ,Kusu-machi,,,,,,,,,,内匠,タクミ,,,0,0,0,1,0,0,0,0,1947-04-17,,0,,
444626,0000232,3,大分県,オオイタケン,Oita,玖珠郡,クスグン,Kusu-gun,玖珠町,クスマチ,Kusu-machi,,,,,,,,,,内松,ウチマツ,,,0,0,0,1,0,0,0,0,1947-04-17,,0,,
444626,0000233,3,大分県,オオイタケン,Oita,玖珠郡,クスグン,Kusu-gun,玖珠町,クスマチ,Kusu-machi,,,,,,,,,,内帆足,ウツバシ,,,0,0,0,1,0,0,0,0,1947-04-17,,0,,
444626,0000234,3,大分県,オオイタケン,Oita,玖珠郡,クスグン,Kusu-gun,玖珠町,クスマチ,Kusu-machi,,,,,,,,,,日出生本村,ヒジュウホンムラ,,,0,0,0,1,0,0,0,0,1947-04-17,,0,,
444626,0000235,3,大分県,オオイタケン,Oita,玖珠郡,クスグン,Kusu-gun,玖珠町,クスマチ,Kusu-machi,,,,,,,,,,馬勢,マゼ,,,0,0,0,1,0,0,0,0,1947-04-17,,0,,
444626,0000236,3,大分県,オオイタケン,Oita,玖珠郡,クスグン,Kusu-gun,玖珠町,クスマチ,Kusu-machi,,,,,,,,,,萩ヶ原,ハンガハル,,,0,0,0,1,0,0,0,0,1947-04-17,,0,,
444626,0000237,3,大分県,オオイタケン,Oita,玖珠郡,クスグン,Kusu-gun,玖珠町,クスマチ,Kusu-machi,,,,,,,,,,泊里,ツマリ,,,0,0,0,1,0,0,0,0,1947-04-17,,0,,
444626,0000238,3,大分県,オオイタケン,Oita,玖珠郡,クスグン,Kusu-gun,玖珠町,クスマチ,Kusu-machi,,,,,,,,,,板屋,イタヤ,,,0,0,0,1,0,0,0,0,1947-04-17,,0,,
444626,0000239,3,大分県,オオイタケン,Oita,玖珠郡,クスグン,Kusu-gun,玖珠町,クスマチ,Kusu-machi,,,,,,,,,,伏原,フシワラ,,,0,0,0,1,0,0,0,0,1947-04-17,,0,,
444626,0000240,3,大分県,オオイタケン,Oita,玖珠郡,クスグン,Kusu-gun,玖珠町,クスマチ,Kusu-machi,,,,,,,,,,平,タイラ,,,0,0,0,1,0,0,0,0,1947-04-17,,0,,
444626,0000241,3,大分県,オオイタケン,Oita,玖珠郡,クスグン,Kusu-gun,玖珠町,クスマチ,Kusu-machi,,,,,,,,,,平井,ヒライ,,,0,0,0,1,0,0,0,0,1947-04-17,,0,,
444626,0000242,3,大分県,オオイタケン,Oita,玖珠郡,クスグン,Kusu-gun,玖珠町,クスマチ,Kusu-machi,,,,,,,,,,平原,ヒラバル,,,0,0,0,1,0,0,0,0,1947-04-17,,0,,
444626,0000243,3,大分県,オオイタケン,Oita,玖珠郡,クスグン,Kusu-gun,玖珠町,クスマチ,Kusu-machi,,,,,,,,,,平川,ヒラカワ,,,0,0,0,1,0,0,0,0,1947-04-17,,0,,
444626,0000244,3,大分県,オオイタケン,Oita,玖珠郡,クスグン,Kusu-gun,玖珠町,クスマチ,Kusu-machi,,,,,,,,,,米山,コメヤマ,,,0,0,0,1,0,0,0,0,1947-04-17,,0,,
444626,0000245,3,大分県,オオイタケン,Oita,玖珠郡,クスグン,Kusu-gun,玖珠町,クスマチ,Kusu-machi,,,,,,,,,,片草,カタクサ,,,0,0,0,1,0,0,0,0,1947-04-17,,0,,
444626,0000246,3,大分県,オオイタケン,Oita,玖珠郡,クスグン,Kusu-gun,玖珠町,クスマチ,Kusu-machi,,,,,,,,,,片平田,カタヒラダ,,,0,0,0,1,0,0,0,0,1947-04-17,,0,,
444626,0000247,3,大分県,オオイタケン,Oita,玖珠郡,クスグン,Kusu-gun,玖珠町,クスマチ,Kusu-machi,,,,,,,,,,北組,キタグミ,,,0,0,0,1,0,0,0,0,1947-04-17,,0,,
444626,0000248,3,大分県,オオイタケン,Oita,玖珠郡,クスグン,Kusu-gun,玖珠町,クスマチ,Kusu-machi,,,,,,,,,,北平,キタビラ,,,0,0,0,1,0,0,0,0,1947-04-17,,0,,
444626,0000249,3,大分県,オオイタケン,Oita,玖珠郡,クスグン,Kusu-gun,玖珠町,クスマチ,Kusu-machi,,,,,,,,,,麻生釣,アソヅル,,,0,0,0,1,0,0,0,0,1947-04-17,,0,,
444626,0000250,3,大分県,オオイタケン,Oita,玖珠郡,クスグン,Kusu-gun,玖珠町,クスマチ,Kusu-machi,,,,,,,,,,末松,スエマツ,,,0,0,0,1,0,0,0,0,1947-04-17,,0,,
444626,0000251,3,大分県,オオイタケン,Oita,玖珠郡,クスグン,Kusu-gun,玖珠町,クスマチ,Kusu-machi,,,,,,,,,,鳴川,ナルカワ,,,0,0,0,1,0,0,0,0,1947-04-17,,0,,
444626,0000252,3,大分県,オオイタケン,Oita,玖珠郡,クスグン,Kusu-gun,玖珠町,クスマチ,Kusu-machi,,,,,,,,,,木牟田,キムタ,,,0,0,0,1,0,0,0,0,1947-04-17,,0,,
444626,0000253,3,大分県,オオイタケン,Oita,玖珠郡,クスグン,Kusu-gun,玖珠町,クスマチ,Kusu-machi,,,,,,,,,,野平,ノビラ,,,0,0,0,1,0,0,0,0,1947-04-17,,0,,
444626,0000254,3,大分県,オオイタケン,Oita,玖珠郡,クスグン,Kusu-gun,玖珠町,クスマチ,Kusu-machi,,,,,,,,,,矢園,ヤゾノ,,,0,0,0,1,0,0,0,0,1947-04-17,,0,,
444626,0000255,3,大分県,オオイタケン,Oita,玖珠郡,クスグン,Kusu-gun,玖珠町,クスマチ,Kusu-machi,,,,,,,,,,矢野,ヤノ,,,0,0,0,1,0,0,0,0,1947-04-17,,0,,
444626,0000256,3,大分県,オオイタケン,Oita,玖珠郡,クスグン,Kusu-gun,玖珠町,クスマチ,Kusu-machi,,,,,,,,,,柚ノ木,ユノキ,,,0,0,0,1,0,0,0,0,1947-04-17,,0,,
444626,0000257,3,大分県,オオイタケン,Oita,玖珠郡,クスグン,Kusu-gun,玖珠町,クスマチ,Kusu-machi,,,,,,,,,,立羽田,タチハダ,,,0,0,0,1,0,0,0,0,1947-04-17,,0,,
444626,0000258,3,大分県,オオイタケン,Oita,玖珠郡,クスグン,Kusu-gun,玖珠町,クスマチ,Kusu-machi,,,,,,,,,,老兼,オイガネ,,,0,0,0,1,0,0,0,0,1947-04-17,,0,,
444626,0001000,1,大分県,オオイタケン,Oita,玖珠郡,クスグン,Kusu-gun,玖珠町,クスマチ,Kusu-machi,,,,大字綾垣,オオアザアヤガキ,Ayagaki,,,,,,,,0,0,0,0,0,0,1,1,1947-04-17,,0,8794402,
444626,0002000,1,大分県,オオイタケン,Oita,玖珠郡,クスグン,Kusu-gun,玖珠町,クスマチ,Kusu-machi,,,,大字岩室,オオアザイワムロ,Iwamuro,,,,,,,,0,0,0,0,0,0,1,1,1947-04-17,,0,8794405,
444626,0003000,1,大分県,オオイタケン,Oita,玖珠郡,クスグン,Kusu-gun,玖珠町,クスマチ,Kusu-machi,,,,大字大隈,オオアザオオクマ,Okuma,,,,,,,,0,0,0,0,0,0,1,1,1947-04-17,,0,8794414,
444626,0004000,1,大分県,オオイタケン,Oita,玖珠郡,クスグン,Kusu-gun,玖珠町,クスマチ,Kusu-machi,,,,大字太田,オオアザオオタ,Ota,,,,,,,,0,0,0,0,0,0,1,1,1947-04-17,,0,8794521,
444626,0005000,1,大分県,オオイタケン,Oita,玖珠郡,クスグン,Kusu-gun,玖珠町,クスマチ,Kusu-machi,,,,大字小田,オオアザオタ,Ota,,,,,,,,0,0,0,0,0,0,1,1,1947-04-17,,0,8794411,
444626,0006000,1,大分県,オオイタケン,Oita,玖珠郡,クスグン,Kusu-gun,玖珠町,クスマチ,Kusu-machi,,,,大字古後,オオアザコゴ,Kogo,,,,,,,,0,0,0,0,0,0,1,1,1947-04-17,,0,8794523,
444626,0007000,1,大分県,オオイタケン,Oita,玖珠郡,クスグン,Kusu-gun,玖珠町,クスマチ,Kusu-machi,,,,大字塚脇,オオアザツカワキ,Tsukawaki,,,,,,,,0,0,0,0,0,0,1,1,1947-04-17,,0,8794413,
444626,0008000,1,大分県,オオイタケン,Oita,玖珠郡,クスグン,Kusu-gun,玖珠町,クスマチ,Kusu-machi,,,,大字戸畑,オオアザトバタ,Tobata,,,,,,,,0,0,0,0,0,0,1,1,1947-04-17,,0,8794331,
444626,0009000,1,大分県,オオイタケン,Oita,玖珠郡,クスグン,Kusu-gun,玖珠町,クスマチ,Kusu-machi,,,,大字日出生,オオアザヒジュウ,Hijiu,,,,,,,,0,0,0,0,0,0,1,1,1947-04-17,,0,8794406,
444626,0010000,1,大分県,オオイタケン,Oita,玖珠郡,クスグン,Kusu-gun,玖珠町,クスマチ,Kusu-machi,,,,大字帆足,オオアザホアシ,Hoashi,,,,,,,,0,0,0,0,0,0,1,1,1947-04-17,,0,8794403,
444626,0011000,1,大分県,オオイタケン,Oita,玖珠郡,クスグン,Kusu-gun,玖珠町,クスマチ,Kusu-machi,,,,大字森,オオアザモリ,Mori,,,,,,,,0,0,0,0,0,0,1,1,1947-04-17,,0,8794404,
444626,0012000,1,大分県,オオイタケン,Oita,玖珠郡,クスグン,Kusu-gun,玖珠町,クスマチ,Kusu-machi,,,,大字山浦,オオアザヤマウラ,,,,,,,,,0,0,0,0,0,0,1,1,1947-04-17,,0,,
444626,0013000,1,大分県,オオイタケン,Oita,玖珠郡,クスグン,Kusu-gun,玖珠町,クスマチ,Kusu-machi,,,,大字山下,オオアザヤマシタ,Yamashita,,,,,,,,0,0,0,0,0,0,1,1,1947-04-17,,0,8794522,
444626,0014000,1,大分県,オオイタケン,Oita,玖珠郡,クスグン,Kusu-gun,玖珠町,クスマチ,Kusu-machi,,,,大字山田,オオアザヤマダ,Yamada,,,,,,,,0,0,0,0,0,0,1,1,1947-04-17,,0,8794412,
444626,0015000,1,大分県,オオイタケン,Oita,玖珠郡,クスグン,Kusu-gun,玖珠町,クスマチ,Kusu-machi,,,,大字四日市,オオアザヨッカイチ,,,,,,,,,0,0,0,0,0,0,1,1,1947-04-17,,0,,
